-0.373103, -0.738983, 0.56098
-0.373103, -0.738983, 0.56098
-0.131886, -0.636056, 0.760288
-0.0368409, -0.584871, 0.810289
0.0862639, -0.538954, 0.837906
0.152488, -0.459236, 0.875128
-0.58449, 0.169276, 0.793547
-0.465596, -0.24148, 0.851415
-0.373103, -0.738983, 0.56098
-0.304067, -0.544719, 0.781553
-0.729046, -0.164713, 0.664351
-0.529903, -0.182505, 0.828188
-0.279567, -0.644551, 0.711615
0.0189942, -0.612137, 0.790524
0.152488, -0.459236, 0.875128
0.281062, -0.0558116, 0.958065
0.272081, -0.347911, 0.897179
-0.215913, 0.250934, 0.943617
-0.477243, 0.738536, 0.476238
-0.436757, -0.47383, 0.764675
-0.207314, -0.3008, 0.930881
-0.224699, -0.189859, 0.955753
-0.614722, -0.293338, 0.732168
-0.776406, -0.248212, 0.579297
-0.669694, -0.0785047, 0.738476
-0.169531, 0.318538, 0.932627
0.281233, 0.271802, 0.920343
0.357314, 0.358003, 0.862647
0.311467, 0.260286, 0.913914
-0.308028, -0.551237, 0.775407
-0.259401, -0.564977, 0.78327
0.00962323, -0.569282, 0.822086
0.127101, -0.551313, 0.82456
0.403969, -0.467779, 0.786125
-0.563051, -0.272566, 0.78018
-0.702237, -0.298897, 0.646161
0.970316, -0.0438964, 0.237823
-0.313837, 0.212092, 0.925485
-0.918843, 0.132808, 0.371604
0.0387261, 0.582083, 0.812207
-0.0895451, 0.59385, 0.799577
-0.323027, -0.482156, 0.814358
-0.58133, -0.491503, 0.648444
-0.426605, -0.11175, 0.897508
-0.0064013, 0.635367, 0.772184
0.0280992, 0.872088, 0.488542
0.0557809, 0.827887, 0.558114
0.281155, 0.76222, 0.583072
0.329588, 0.578277, 0.746303
-0.271937, -0.0515232, 0.960935
-0.339088, -0.119218, 0.93317
-0.397416, -0.516137, 0.758725
-0.215715, -0.5811, 0.784723
-0.160586, -0.587924, 0.792816
0.403969, -0.467779, 0.786125
0.832227, -0.0720822, 0.54973
-0.328385, -0.398318, 0.85645
-0.548501, -0.449098, 0.705307
-0.388726, -0.0456495, 0.920222
0.0920793, 0.716581, 0.691399
-0.0144868, 0.998984, 0.0426797
-0.0177906, 0.999646, -0.0197576
-0.0245417, 0.999526, -0.0185687
0.21492, 0.961517, 0.171158
-0.36432, -0.364733, 0.856878
-0.240677, -0.627096, 0.740827
-0.108529, -0.270336, 0.956629
0.480734, 0.406568, 0.776915
0.62071, 0.649088, 0.439776
0.183381, 0.783868, 0.593231
0.122694, 0.82758, 0.547775
0.169654, 0.800651, 0.57461
-0.364612, -0.251181, 0.896642
-0.124651, -0.160824, 0.97908
0.239204, 0.0708712, 0.968379
0.266204, 0.202616, 0.942381
-0.246574, -0.265922, 0.931926
-0.284397, 0.165321, 0.944345
-0.362538, 0.162868, 0.917628
-0.327089, 0.120045, 0.937338
0.0447968, -0.00698488, 0.998972
0.931037, 0.352149, 0.0957176
0.832227, -0.0720822, 0.54973
-0.208154, -0.341383, 0.916586
-0.435352, -0.491149, 0.754481
0.048475, -0.19433, 0.979738
0.636781, 0.497336, 0.589209
0.768795, 0.626676, -0.127401
0.686138, 0.715425, -0.131842
0.00597813, 0.999154, -0.0406864
0.290201, 0.953558, -0.0806836
0.459431, 0.882025, -0.104666
0.65623, 0.70136, 0.27831
-0.756537, 0.0474923, 0.652224
-0.681413, -0.122306, 0.721607
-0.105474, -0.279324, 0.954386
0.658995, -0.055709, 0.750082
0.84283, 0.105234, 0.527791
0.734875, 0.286453, 0.614739
-0.542959, -0.0425593, 0.83868
-0.554738, -0.285256, 0.781597
-0.156058, -0.204409, 0.966366
0.370156, 0.0501735, 0.927614
0.455636, 0.352664, 0.817328
0.378072, 0.591706, 0.712001
-0.143041, 0.181486, 0.972935
-0.357913, 0.241788, 0.901907
-0.433626, 0.502705, 0.747834
0.774752, 0.39716, 0.491959
0.706879, 0.299747, 0.640682
-0.276151, -0.147939, 0.94966
-0.437402, -0.423227, 0.793447
0.304979, -0.0168043, 0.952211
0.715813, 0.373541, 0.589982
0.995448, 0.0691976, -0.0655337
0.765649, 0.627433, -0.141808
0.617675, 0.780586, 0.0957268
-0.127536, 0.947609, 0.292868
0.0508243, 0.969047, 0.241587
0.709945, 0.367769, 0.600603
0.681234, 0.679738, 0.271804
-0.756537, 0.0474923, 0.652224
-0.801937, 0.215425, 0.557216
-0.202594, 0.304753, 0.930635
0.482115, 0.115319, 0.868485
0.819264, -0.0836684, 0.567279
0.858038, 0.0726709, 0.508419
-0.469322, -0.0185297, 0.882832
-0.633931, -0.115223, 0.764758
-0.382913, 0.277292, 0.881185
0.244973, 0.641097, 0.727312
0.507252, 0.646627, 0.569709
0.445054, 0.426862, 0.78722
0.420777, 0.47663, 0.771862
0.217352, 0.573358, 0.789948
0.217352, 0.573358, 0.789948
-0.211912, -0.0469172, 0.976162
-0.400722, -0.32107, 0.8581
0.0856698, 0.341193, 0.936081
0.592631, 0.574232, 0.564842
0.699427, 0.521196, 0.489037
0.898121, 0.406973, 0.166585
0.954094, 0.28029, -0.105557
-0.541701, 0.607341, 0.581117
-0.0651865, 0.728924, 0.681484
0.321262, 0.801501, 0.504369
0.723871, 0.639295, 0.259447
0.734596, 0.515955, 0.440635
-0.496028, 0.40196, 0.769665
-0.394884, 0.613848, 0.683562
0.192772, 0.430454, 0.881787
0.795005, 0.176992, 0.580207
0.937582, 0.0889524, 0.336194
0.912842, 0.147658, 0.38068
-0.331175, 0.0127233, 0.943484
-0.478011, -0.197857, 0.855779
-0.246018, 0.259465, 0.933891
0.30186, 0.686408, 0.661607
0.42543, 0.666898, 0.611765
0.395845, 0.657006, 0.6416
-0.0693447, 0.03011, 0.997138
-0.446412, -0.183312, 0.87585
0.279147, 0.37863, 0.882449
0.62023, 0.629979, 0.467377
0.61986, 0.58726, 0.520479
0.638532, 0.561975, 0.525796
-0.150713, 0.828817, 0.53884
-0.676839, 0.566638, 0.469906
-0.0641698, 0.76032, 0.646372
0.522168, 0.669829, 0.527891
0.566289, 0.627588, 0.534275
-0.208987, 0.637436, 0.74162
-0.229676, 0.659747, 0.71553
0.668911, 0.447291, 0.593707
0.88259, 0.205472, 0.422867
0.893736, 0.164858, 0.417202
-0.177568, 0.0641398, 0.982016
-0.460912, -0.0912181, 0.882745
-0.00324432, 0.325272, 0.945615
0.412274, 0.594954, 0.689971
0.261639, 0.684444, 0.680501
0.330599, 0.68122, 0.65318
0.112491, 0.0996652, 0.988642
-0.238065, -0.206078, 0.949135
0.507159, 0.466383, 0.72476
0.684636, 0.569302, 0.455158
0.569935, 0.559927, 0.601379
0.620405, 0.608974, 0.494215
-0.406294, 0.533446, 0.741863
-0.389568, 0.484335, 0.783362
0.596327, 0.287208, 0.749603
0.501417, 0.160232, 0.850239
-0.301421, 0.704121, 0.64293
-0.369433, 0.739772, 0.562366
0.39808, 0.600635, 0.693376
0.850313, 0.198173, 0.487539
0.857692, 0.156088, 0.489899
-0.225162, -0.228352, 0.947184
-0.0802233, -0.0399106, 0.995978
-0.288442, -0.124868, 0.94932
0.258548, 0.393372, 0.882276
0.384707, 0.594941, 0.705723
0.271742, 0.566364, 0.778067
0.338261, 0.642175, 0.687889
-0.139104, -0.225545, 0.964251
0.0920324, 0.0147406, 0.995647
-0.100424, -0.0395044, 0.99416
0.627383, 0.501538, 0.595693
0.627919, 0.597215, 0.499051
0.613542, 0.550555, 0.566088
-0.422529, 0.343849, 0.838592
-0.399893, 0.198147, 0.894888
0.192702, -0.0127556, 0.981174
0.487385, -0.369529, 0.791141
0.454718, -0.303167, 0.837449
0.52705, -0.38709, 0.756558
-0.179059, 0.643983, 0.74379
-0.228128, 0.566101, 0.792141
0.77027, 0.151912, 0.61936
0.906283, 0.0649167, 0.417655
0.869126, 0.0138191, 0.494398
-0.411011, -0.3932, 0.822474
-0.231489, -0.393832, 0.889556
-0.345169, -0.369651, 0.86268
-0.09581, -0.0775752, 0.992372
0.43995, 0.428084, 0.789422
0.455497, 0.547266, 0.702155
0.370178, 0.517348, 0.77157
-0.355664, -0.533062, 0.76769
-0.197503, -0.430646, 0.880646
-0.39575, -0.370068, 0.840495
0.13174, -0.0580012, 0.989586
0.674223, 0.517191, 0.527197
0.681938, 0.49558, 0.537923
0.647172, 0.532617, 0.545424
-0.435277, 0.270243, 0.85878
-0.467286, 0.340244, 0.816013
-0.219633, 0.27614, 0.935686
0.238529, -0.043688, 0.970152
0.569973, -0.262455, 0.778619
0.474712, -0.504811, 0.720981
0.597218, -0.207478, 0.774779
-0.351556, 0.536555, 0.767149
-0.469101, 0.498033, 0.72932
0.562094, 0.241387, 0.791064
0.82338, -0.037415, 0.566255
0.853395, -0.0146315, 0.521059
-0.582585, -0.104873, 0.805975
-0.54755, -0.296464, 0.782495
-0.262306, -0.478299, 0.838109
0.275964, -0.351134, 0.894734
0.643709, 0.178027, 0.744274
0.390493, 0.291055, 0.873386
0.448963, 0.489026, 0.747854
-0.535168, -0.435088, 0.724081
-0.460173, -0.520089, 0.719548
-0.246387, -0.538888, 0.805539
0.366852, -0.174588, 0.91375
0.776152, 0.382415, 0.501346
0.617401, 0.364647, 0.697028
0.678135, 0.506426, 0.532602
-0.343871, 0.433082, 0.833182
-0.319901, 0.651636, 0.687774
-0.175507, 0.627195, 0.75883
0.203967, 0.372444, 0.905363
0.565875, -0.0379232, 0.823618
0.699118, -0.0616524, 0.712344
0.534199, -0.0640922, 0.842925
-0.0191211, 0.430236, 0.902514
0.0668374, 0.390305, 0.918256
0.817598, -0.0711746, 0.571374
0.810908, -0.0223006, 0.584748
-0.644186, 0.0470287, 0.763421
-0.595199, 0.0907541, 0.798437
-0.235034, -0.0549321, 0.970434
0.596251, -0.175401, 0.783402
0.454039, -0.0528915, 0.88941
-0.667646, -0.313943, 0.675047
-0.680902, -0.360605, 0.637444
-0.448355, -0.411503, 0.793501
0.377563, -0.201668, 0.903757
0.824882, 0.276194, 0.49324
0.750208, 0.261001, 0.607509
-0.248528, 0.641544, 0.72571
-0.139169, 0.638274, 0.757125
-0.242463, 0.797373, 0.552637
0.0460529, 0.606478, 0.793765
0.46351, 0.0980975, 0.880645
0.407763, -0.224858, 0.884968
0.328401, -0.124699, 0.936271
0.291323, -0.213294, 0.932543
-0.220251, 0.439697, 0.870722
-0.229831, 0.445325, 0.865369
0.74191, 0.0550288, 0.668238
0.850094, -0.0353487, 0.525444
0.846339, -0.0849664, 0.525823
-0.662012, 0.218898, 0.716815
-0.710588, 0.341012, 0.615447
-0.540637, 0.446722, 0.712847
0.0446248, 0.280621, 0.958781
0.573449, -0.180705, 0.799063
0.306946, -0.0952754, 0.946946
0.312025, -0.287991, 0.905374
-0.657529, -0.310213, 0.686603
-0.682862, -0.328578, 0.652484
-0.634859, -0.250618, 0.730852
-0.0811306, 0.0639506, 0.99465
0.726911, 0.429853, 0.535562
0.807915, 0.481695, 0.339474
0.823236, 0.382118, 0.419844
-0.100463, 0.718069, 0.688683
-0.00594052, 0.584488, 0.811381
-0.288717, 0.624868, 0.725384
0.302651, 0.156766, 0.940121
0.411509, -0.0687305, 0.90881
0.160677, -0.3502, 0.922791
0.295877, -0.144773, 0.944191
-0.357901, 0.450159, 0.818085
-0.479291, 0.446594, 0.755536
0.463444, 0.24909, 0.850396
0.84049, -0.134374, 0.524901
0.824944, -0.131981, 0.549589
-0.579582, 0.475357, 0.661907
-0.465144, 0.619983, 0.631872
-0.322043, 0.68824, 0.650088
-0.0533665, 0.393887, 0.917608
0.210538, -0.127612, 0.969221
0.401001, -0.436823, 0.805223
0.442802, -0.33365, 0.832228
0.576594, -0.391646, 0.717044
-0.541878, -0.330036, 0.772946
-0.630788, -0.291182, 0.71925
-0.392592, 0.0508657, 0.918305
0.561229, 0.516454, 0.646759
0.771118, 0.556447, 0.309426
0.774027, 0.492756, 0.397584
-0.185017, 0.452917, 0.872144
-0.520214, 0.457723, 0.721018
0.0716361, 0.289372, 0.954532
0.423133, -0.0654635, 0.903699
0.288564, -0.0111906, 0.957395
0.278459, -0.0910466, 0.956123
0.208985, -0.16109, 0.96456
-0.181276, 0.28258, 0.94196
-0.115518, 0.231292, 0.966002
0.773726, -0.177104, 0.608262
0.826379, -0.179643, 0.533692
0.829863, -0.177641, 0.528934
-0.417673, 0.641508, 0.643441
-0.46225, 0.610799, 0.642845
-0.555043, 0.480116, 0.679276
-0.292789, 0.278857, 0.914611
0.166282, -0.0749672, 0.983224
0.494548, -0.28112, 0.822432
0.641311, -0.490402, 0.590107
0.50403, -0.48797, 0.712628
-0.36409, -0.426509, 0.827967
-0.473086, -0.420721, 0.774069
-0.348793, -0.260184, 0.90036
0.444844, 0.21753, 0.868789
0.784804, 0.460392, 0.414877
0.759598, 0.490055, 0.427618
-0.237518, 0.39558, 0.887188
-0.0635421, 0.278146, 0.958435
-0.206531, 0.333805, 0.919739
0.39913, -0.0305727, 0.916385
0.349661, -0.0877036, 0.932762
0.0628372, -0.230258, 0.971099
0.190835, -0.183227, 0.96437
-0.447842, 0.0833786, 0.890216
-0.526156, 0.097992, 0.844724
0.560821, -0.221031, 0.797888
0.827294, -0.266096, 0.49475
0.828396, -0.0855743, 0.553568
0.861979, -0.0317618, 0.505948
-0.528028, 0.536061, 0.658654
-0.562494, 0.512906, 0.648482
-0.588405, 0.359824, 0.72409
-0.317631, 0.169027, 0.933027
0.161575, -0.143106, 0.976429
0.355723, -0.383713, 0.852189
0.491077, -0.566581, 0.661687
0.421795, -0.570022, 0.705099
0.451844, -0.651538, 0.609373
-0.278874, -0.589325, 0.758238
-0.241783, -0.517125, 0.82105
-0.370892, -0.447333, 0.813838
-0.24214, -0.404269, 0.882006
0.0813903, -0.0800212, 0.993465
0.758505, 0.225578, 0.611379
0.866729, 0.391756, 0.30872
0.828119, 0.427288, 0.362829
-0.0244603, 0.293782, 0.955559
-0.260539, 0.512777, 0.818034
0.246819, -0.00478784, 0.96905
0.35878, -0.183549, 0.915198
0.145706, -0.1309, 0.98063
0.27311, -0.233228, 0.933282
0.361718, -0.229553, 0.903585
-0.460366, -0.0901122, 0.883144
-0.649249, -0.0889416, 0.755357
0.335824, 0.0536488, 0.940396
0.881895, -0.0115671, 0.471304
0.89014, 0.0222506, 0.455144
0.869365, 0.0282194, 0.493365
-0.608883, 0.42367, 0.670645
-0.668448, 0.393201, 0.631324
-0.546724, 0.269196, 0.792859
-0.255944, 0.0682179, 0.964282
0.0740927, -0.204474, 0.976064
0.263856, -0.372535, 0.889718
0.485312, -0.547586, 0.681632
0.410627, -0.744317, 0.526666
0.387132, -0.687049, 0.614892
-0.406255, -0.542599, 0.735216
-0.399195, -0.617627, 0.677629
-0.15248, -0.548191, 0.822336
-0.026409, -0.416518, 0.908744
0.0128879, -0.256377, 0.966491
0.587994, 0.10781, 0.801648
0.875109, 0.324428, 0.35907
0.858981, 0.332063, 0.389725
-0.198121, 0.296262, 0.934332
-0.532369, 0.308609, 0.788254
-0.101533, -0.0781899, 0.991755
0.215674, -0.335829, 0.916899
0.281669, -0.233307, 0.930715
0.439178, -0.224155, 0.869987
0.438369, -0.134759, 0.888635
-0.134974, -0.718527, 0.682276
-0.127059, -0.565789, 0.814701
-0.493825, -0.434959, 0.752959
-0.0753006, 0.0844337, 0.99358
0.621211, 0.48116, 0.618532
0.837804, 0.334323, 0.431639
0.874184, 0.147483, 0.462656
0.835409, 0.173055, 0.521674
-0.623982, 0.389377, 0.677518
-0.639, 0.494644, 0.589073
-0.478811, 0.275426, 0.833595
-0.231006, 0.0780721, 0.969815
-0.0358154, -0.163683, 0.985863
0.0938987, -0.382339, 0.919239
0.269743, -0.623883, 0.733491
0.470809, -0.674819, 0.568295
-0.268451, -0.775736, 0.571111
-0.804897, -0.502223, 0.31609
-0.725352, -0.435872, 0.532804
-0.599655, -0.479724, 0.64053
-0.196079, -0.498614, 0.844356
0.134564, -0.273519, 0.952407
0.0980526, -0.306157, 0.946918
0.482881, 0.0366962, 0.874917
0.828616, 0.255008, 0.498363
0.892054, 0.369661, 0.259983
0.884926, 0.347573, 0.309998
-0.399067, 0.153288, 0.904018
-0.517749, 0.211948, 0.828863
-0.0717736, -0.167399, 0.983273
0.402441, -0.114784, 0.908221
0.421418, -0.0368038, 0.906119
0.450397, -0.142054, 0.881455
-0.272642, -0.734013, 0.622006
-0.129191, -0.708607, 0.693675
-0.140392, -0.796116, 0.588634
-0.127556, -0.630291, 0.765808
0.288762, -0.244934, 0.92554
0.623569, 0.402188, 0.670378
0.637785, 0.598834, 0.484385
0.656894, 0.565996, 0.498136
0.703523, 0.341481, 0.623254
0.798142, 0.247361, 0.549347
-0.629531, 0.476601, 0.61363
-0.676643, 0.495847, 0.544325
-0.474542, 0.354394, 0.805739
-0.343739, 0.0806031, 0.9356
-0.229705, -0.221181, 0.947795
-0.160954, -0.451928, 0.877414
-0.062305, -0.654647, 0.753363
-0.586931, -0.714791, 0.380245
-0.742808, -0.617812, 0.257962
-0.960466, -0.0963909, 0.261176
-0.389231, -0.423824, 0.817846
0.194514, -0.146621, 0.96988
0.22898, -0.196361, 0.95342
0.400047, -0.0135415, 0.916395
0.748327, 0.226498, 0.623462
0.874475, 0.353983, 0.331648
0.869597, 0.351514, 0.346755
-0.357614, -0.132995, 0.924351
-0.261268, 0.279334, 0.923965
0.449161, 0.33765, 0.827192
0.194163, -0.834991, 0.514869
-0.304683, -0.908747, 0.285214
-0.760629, -0.604691, 0.236203
-0.447169, -0.736376, 0.507731
-0.153707, -0.626447, 0.764159
-0.269942, -0.662335, 0.698887
0.0276339, -0.640644, 0.767341
0.466457, -0.40406, 0.786863
0.799084, -0.0374045, 0.600055
0.863394, 0.273544, 0.42394
0.776672, 0.450633, 0.440125
0.699975, 0.493648, 0.516088
0.686086, 0.457659, 0.565539
-0.675544, 0.549643, 0.491459
-0.670602, 0.600312, 0.435797
-0.705709, 0.454092, 0.543852
-0.647009, 0.120288, 0.752935
-0.493588, -0.400111, 0.772193
-0.361795, -0.572705, 0.735604
-0.678932, -0.620276, 0.392822
-0.766603, -0.586009, 0.262513
-0.757725, -0.592354, 0.273806
-0.527156, -0.36299, 0.768339
0.0439298, -0.125243, 0.991153
0.27749, 0.00212891, 0.960726
0.319726, -0.0733579, 0.944666
0.660243, 0.174271, 0.730554
0.85104, 0.322198, 0.414632
0.861251, 0.418515, 0.288255
0.868539, 0.38655, 0.310193
-0.692019, -0.352564, 0.629927
-0.659653, 0.0640016, 0.74884
0.0293097, -0.938712, 0.343454
-0.330084, -0.899598, 0.285951
-0.661897, -0.707543, 0.24754
-0.686163, -0.685916, 0.24228
-0.429933, -0.86386, 0.262492
-0.362448, -0.64637, 0.671444
-0.13078, -0.657862, 0.741696
0.164343, -0.474, 0.865052
0.47805, -0.232607, 0.846972
0.745293, 0.0384201, 0.665629
0.868143, 0.314648, 0.383829
0.876263, 0.364701, 0.314893
0.84312, 0.364839, 0.395021
-0.836976, 0.0116977, 0.547115
-0.820855, -0.249178, 0.513914
-0.634313, -0.634112, 0.442208
-0.370242, -0.849152, 0.376646
-0.582411, -0.73092, 0.355744
-0.822892, -0.499502, 0.270824
-0.76634, -0.578724, 0.27893
-0.64598, -0.281004, 0.709751
-0.267755, -0.114077, 0.95671
0.213593, 0.075869, 0.973972
0.271061, 0.010664, 0.962503
0.484409, 0.0837855, 0.87082
0.827847, 0.240183, 0.506933
0.885209, 0.366665, 0.28629
0.91921, 0.349514, 0.181363
-0.734847, -0.405807, 0.543435
-0.609265, -0.331401, 0.720395
-0.648439, -0.70944, 0.276084
-0.673063, -0.697197, 0.246784
-0.554346, -0.794605, 0.247596
-0.419557, -0.868774, 0.263067
-0.170943, -0.913414, 0.369395
-0.264519, -0.619907, 0.738745
-0.00289594, -0.44491, 0.895571
0.332538, -0.123181, 0.935011
0.504331, 0.24055, 0.829329
0.648356, 0.461189, 0.605755
0.822369, 0.474623, 0.313756
0.790925, 0.577035, 0.203638
0.894251, 0.225022, 0.386886
-0.706522, -0.592555, 0.386918
-0.562167, -0.766661, 0.310161
-0.553865, -0.779332, 0.293044
-0.384926, -0.876706, 0.288478
-0.493525, -0.822239, 0.283472
-0.711856, -0.637894, 0.29386
-0.912566, -0.0813883, 0.400747
-0.54151, 0.000565446, 0.840694
-0.0686019, 0.0996239, 0.992657
0.232574, 0.110983, 0.966226
0.294886, 0.0379168, 0.95478
0.666441, 0.223834, 0.711164
0.889533, 0.296394, 0.34768
0.958314, 0.2833, -0.037086
0.945017, 0.320686, -0.0640613
0.579393, -0.740432, 0.340682
0.0561239, -0.923428, 0.379645
0.0693022, -0.919178, 0.387697
0.0702246, -0.916474, 0.393883
0.0775499, -0.915657, 0.394409
0.095549, -0.917229, 0.386731
0.11775, -0.919411, 0.375259
0.158986, -0.913802, 0.373749
0.209952, -0.90808, 0.36237
0.257924, -0.906556, 0.334113
0.276811, -0.910259, 0.307903
-0.882239, -0.189321, 0.431059
-0.749403, -0.267945, 0.605475
-0.775271, -0.579085, 0.252223
-0.771127, -0.591994, 0.234321
-0.557641, -0.775886, 0.29502
-0.182501, -0.907473, 0.378399
-0.288605, -0.607889, 0.739715
-0.144992, -0.484777, 0.862536
0.133726, -0.218005, 0.966743
0.45741, 0.150545, 0.87642
0.670833, 0.333987, 0.662145
0.768451, 0.405239, 0.495242
0.82033, 0.42619, 0.381341
0.920812, 0.285637, 0.26555
0.946605, 0.0464495, 0.319032
0.754909, -0.236709, 0.611622
0.636355, -0.559344, 0.531213
-0.582191, -0.737955, 0.341285
-0.656733, -0.694889, 0.29297
-0.519697, -0.7936, 0.316408
-0.440704, -0.830598, 0.340421
-0.411643, -0.845735, 0.339534
-0.474038, -0.734683, 0.485313
-0.622113, -0.0555512, 0.780954
-0.449018, 0.104437, 0.887398
-0.149285, 0.178184, 0.972607
0.128444, 0.102109, 0.986446
0.460938, 0.116942, 0.879694
0.825345, 0.202116, 0.527215
0.981664, 0.151786, 0.115312
0.974094, 0.223668, 0.0333768
0.676373, -0.66165, 0.323632
0.0263997, -0.928493, 0.370411
0.0678184, -0.922993, 0.378794
0.0741094, -0.918069, 0.389432
0.0659722, -0.916383, 0.39483
0.0705896, -0.914938, 0.397374
0.0960668, -0.9154, 0.390915
0.119914, -0.920618, 0.371595
0.137194, -0.921624, 0.363025
0.219349, -0.896279, 0.385447
0.272178, -0.901425, 0.336677
0.281187, -0.918248, 0.278844
0.270206, -0.902301, 0.335918
0.33308, -0.885765, 0.32323
0.381675, -0.879836, 0.283218
0.412501, -0.869823, 0.270649
-0.879625, -0.265571, 0.394629
-0.967215, -0.100426, 0.233258
-0.792255, -0.563935, 0.233042
-0.739128, -0.582447, 0.338298
-0.452924, -0.490409, 0.744552
-0.264984, -0.48614, 0.832737
-0.023712, -0.427016, 0.903933
0.232712, -0.366885, 0.900689
0.527769, -0.22743, 0.818374
0.680387, -0.153676, 0.716559
0.732369, -0.120269, 0.670202
0.74769, -0.16583, 0.643008
0.693824, -0.247999, 0.676095
0.578789, -0.430901, 0.692334
0.404983, -0.705314, 0.581825
0.461365, -0.735164, 0.496665
0.627407, -0.648687, 0.430773
0.712368, -0.509511, 0.482629
-0.675145, -0.616096, 0.405715
-0.469266, -0.813271, 0.344063
-0.628027, -0.661066, 0.410578
-0.696205, -0.529993, 0.484154
-0.670536, -0.528088, 0.521061
-0.655708, -0.399175, 0.640864
-0.577348, -0.319848, 0.751243
-0.469057, -0.230165, 0.852649
-0.319243, -0.130093, 0.938701
-0.102381, -0.00611893, 0.994726
0.146343, 0.0693384, 0.986801
0.519691, 0.16466, 0.838337
0.858108, 0.120963, 0.499017
0.97778, 0.0553059, 0.202207
0.954238, -0.233856, 0.18639
0.581022, -0.681246, 0.445329
0.0439688, -0.78889, 0.61296
0.0813092, -0.800092, 0.594341
0.0451827, -0.816947, 0.57494
0.0264524, -0.836519, 0.547299
0.060339, -0.843654, 0.533486
0.0874007, -0.849187, 0.52081
0.0919226, -0.857338, 0.506481
0.117073, -0.867951, 0.482654
0.164891, -0.870198, 0.464291
0.200271, -0.878379, 0.433984
0.220368, -0.889212, 0.400924
0.258665, -0.898681, 0.354211
0.318688, -0.896659, 0.307311
0.419234, -0.8549, 0.305595
0.405153, -0.883451, 0.235299
0.44122, -0.851062, 0.284635
0.507406, -0.821414, 0.260419
0.544443, -0.802141, 0.245257
-0.434972, -0.821036, 0.36973
-0.702508, -0.540651, 0.462794
-0.969148, -0.113944, 0.218563
-0.955955, -0.187522, 0.2258
-0.698132, -0.141625, 0.701822
-0.511492, -0.161565, 0.843963
-0.321945, -0.15275, 0.934355
-0.123119, -0.226785, 0.966132
0.118211, -0.379963, 0.917417
0.342998, -0.478918, 0.808078
0.445876, -0.525238, 0.724789
0.510937, -0.576282, 0.637842
0.550391, -0.605935, 0.57438
0.569905, -0.608161, 0.552583
0.55145, -0.595477, 0.584217
0.545967, -0.532244, 0.647021
0.586131, -0.426523, 0.688861
0.665453, -0.43659, 0.605443
0.816392, -0.423334, 0.392801
0.812651, -0.381076, 0.440885
0.846863, -0.40202, 0.348143
-0.760736, -0.486754, 0.429362
-0.823593, -0.366512, 0.432856
-0.78854, -0.395207, 0.471186
-0.719929, -0.450671, 0.527824
-0.658081, -0.419507, 0.625255
-0.597757, -0.396448, 0.69679
-0.517116, -0.36229, 0.775459
-0.347384, -0.297653, 0.889228
-0.13075, -0.21301, 0.968262
0.134401, -0.141677, 0.980747
0.360294, -0.0703241, 0.930184
0.57576, 0.000175936, 0.817619
0.818601, -0.0495359, 0.572223
0.942963, -0.120179, 0.310448
0.897297, -0.332148, 0.290752
0.525664, -0.625787, 0.576254
-0.0033836, -0.719685, 0.694292
-0.00219124, -0.753941, 0.656939
-0.0691057, -0.771199, 0.632832
-0.0368091, -0.787208, 0.615588
0.0477938, -0.797121, 0.601925
0.0691395, -0.804703, 0.589638
0.0642327, -0.812289, 0.579707
0.108512, -0.822538, 0.558261
0.168994, -0.827621, 0.535243
0.181305, -0.836599, 0.516944
0.170267, -0.849434, 0.49947
0.221329, -0.857141, 0.465106
0.327231, -0.848611, 0.415668
0.364404, -0.851068, 0.378013
0.376326, -0.859296, 0.346394
0.430339, -0.855087, 0.289196
0.546923, -0.794571, 0.263691
0.541744, -0.809389, 0.226723
0.440081, -0.849607, 0.290682
0.396536, -0.870927, 0.290252
0.349585, -0.901171, 0.256283
0.196936, -0.949757, 0.243263
-0.0885449, -0.958992, 0.269246
-0.446258, -0.835856, 0.319685
-0.925871, -0.293053, 0.238501
-0.976695, 0.00483151, 0.214576
-0.7192, 0.0627672, 0.691962
-0.508361, 0.057836, 0.8592
-0.357454, 0.0877072, 0.929803
-0.328779, 0.0114965, 0.944337
-0.200964, -0.01438, 0.979493
0.206389, -0.170727, 0.96346
0.400849, -0.317451, 0.859387
0.432636, -0.423112, 0.796117
0.551359, -0.471395, 0.688324
0.625552, -0.48937, 0.60762
0.694319, -0.463542, 0.5505
0.728159, -0.445454, 0.520918
0.720983, -0.385227, 0.576006
0.694394, -0.29487, 0.656406
0.703634, -0.279707, 0.653194
0.789162, -0.438637, 0.429909
0.894947, -0.360837, 0.262423
0.897963, -0.307803, 0.314516
-0.819801, -0.361518, 0.444107
-0.807019, -0.38422, 0.448437
-0.842164, -0.318451, 0.435143
-0.792829, -0.359072, 0.492432
-0.718657, -0.363941, 0.592519
-0.659196, -0.287726, 0.694748
-0.574794, -0.282252, 0.768079
-0.381753, -0.218447, 0.898079
-0.175406, -0.116563, 0.977571
-0.0585651, -0.0347144, 0.99768
0.109322, -0.0103444, 0.993953
0.332265, -0.054882, 0.941588
0.512112, -0.0950776, 0.85364
0.735271, -0.134877, 0.664217
0.876024, -0.234515, 0.421409
0.856483, -0.387262, 0.34127
0.515487, -0.580421, 0.630384
-0.174969, -0.634789, 0.752615
-0.125932, -0.67863, 0.723604
-0.101498, -0.697912, 0.708955
-0.0402625, -0.708346, 0.704717
0.0273204, -0.730724, 0.682126
0.041547, -0.746032, 0.664613
0.0275042, -0.756066, 0.653917
0.0604936, -0.767106, 0.638662
0.119269, -0.781435, 0.612482
0.141879, -0.794162, 0.590912
0.149273, -0.805311, 0.573752
0.22556, -0.808262, 0.543908
0.335651, -0.800866, 0.495936
0.368141, -0.806494, 0.462645
0.405473, -0.805751, 0.431691
0.481446, -0.78992, 0.379785
0.498183, -0.795283, 0.345454
0.449179, -0.828323, 0.334843
0.380482, -0.870934, 0.310978
0.382966, -0.878293, 0.286251
0.425732, -0.862616, 0.273215
0.23514, -0.949929, 0.205778
0.200908, -0.957514, 0.20689
0.214096, -0.945412, 0.245681
-0.779665, -0.556258, 0.287576
-0.967608, 0.037099, 0.249718
-0.708678, 0.173733, 0.683807
-0.531214, 0.191129, 0.825398
-0.389097, 0.219361, 0.894698
-0.263659, 0.242888, 0.933536
-0.113264, 0.344017, 0.932107
-0.0323676, 0.341102, 0.939469
0.152233, 0.143158, 0.977922
0.38256, -0.0296855, 0.923454
0.556094, -0.0915624, 0.82606
0.669749, -0.206606, 0.713267
0.675517, -0.282079, 0.681255
0.700656, -0.368098, 0.611216
0.758816, -0.389919, 0.52169
0.789126, -0.318013, 0.525498
0.782394, -0.180504, 0.596052
0.800769, -0.118001, 0.587235
0.896008, -0.253065, 0.364867
0.910064, -0.219625, 0.351495
-0.835877, -0.334246, 0.435417
-0.831699, -0.331832, 0.445156
-0.819948, -0.368175, 0.438329
-0.835389, -0.292695, 0.465247
-0.796221, -0.281753, 0.535395
-0.68023, -0.219746, 0.699284
-0.591141, -0.137101, 0.794831
-0.554145, 0.00669627, 0.832393
-0.335874, 0.114546, 0.934916
-0.120468, 0.123531, 0.985001
0.0108958, 0.160765, 0.986933
0.11117, 0.187295, 0.975993
0.24741, 0.167199, 0.954376
0.455941, 0.0270883, 0.889597
0.632198, -0.0309884, 0.774187
0.794214, -0.161819, 0.585695
0.845217, -0.333273, 0.417778
0.513083, -0.564809, 0.646326
-0.190506, -0.529367, 0.826727
-0.166542, -0.52886, 0.832209
-0.159102, -0.53335, 0.830797
-0.125205, -0.550879, 0.82514
-0.0552014, -0.588648, 0.806503
-0.00783616, -0.615671, 0.787965
0.00148263, -0.633396, 0.773826
0.0456709, -0.643324, 0.764231
0.110301, -0.653465, 0.748877
0.135724, -0.666496, 0.73305
0.138148, -0.682506, 0.717706
0.214695, -0.695891, 0.685304
0.345734, -0.705075, 0.619142
0.407831, -0.718898, 0.562903
0.431743, -0.732034, 0.526996
0.514319, -0.727079, 0.454788
0.584201, -0.711583, 0.390331
0.550507, -0.739296, 0.387793
0.478022, -0.771474, 0.419908
0.418308, -0.795131, 0.439073
0.448671, -0.801689, 0.394956
0.516416, -0.787228, 0.337025
0.482664, -0.811743, 0.3288
0.290493, -0.884328, 0.365482
-0.748154, -0.568802, 0.341659
-0.950521, 0.0870962, 0.298202
-0.731613, 0.213718, 0.647354
-0.525382, 0.25377, 0.812142
-0.333979, 0.315864, 0.888081
-0.20562, 0.356217, 0.911499
-0.0901872, 0.36377, 0.927112
-0.0765625, 0.315635, 0.945787
-0.0484392, 0.314264, 0.948099
0.214014, 0.21054, 0.953871
0.447943, 0.0804552, 0.890435
0.555939, -0.013402, 0.831115
0.649393, -0.132767, 0.748773
0.698335, -0.136167, 0.7027
0.786801, -0.189751, 0.587316
0.84803, -0.234737, 0.475125
0.850524, -0.190265, 0.490315
0.824087, -0.0716839, 0.56191
0.866471, -0.0531263, 0.496392
0.942434, -0.201723, 0.266696
0.939802, -0.160887, 0.301476
-0.854391, -0.293368, 0.428895
-0.839957, -0.336621, 0.425627
-0.817141, -0.322491, 0.477787
-0.820833, -0.258842, 0.509151
-0.776953, -0.151172, 0.61114
-0.621577, -0.0323252, 0.782686
-0.514727, 0.0971185, 0.851836
-0.39026, 0.260549, 0.883069
-0.281691, 0.331014, 0.9006
-0.13932, 0.31391, 0.939175
0.0175605, 0.332959, 0.942778
0.114113, 0.329436, 0.937257
0.126136, 0.321322, 0.938532
0.282593, 0.297776, 0.91185
0.561723, 0.136425, 0.816
0.686344, 0.0172177, 0.727073
0.791276, -0.171666, 0.586867
0.524446, -0.449278, 0.72326
-0.0750701, -0.345004, 0.935594
-0.171542, -0.312955, 0.934148
-0.181704, -0.305886, 0.934568
-0.161681, -0.305341, 0.938417
-0.0984847, -0.322122, 0.941562
-0.0516824, -0.342798, 0.937986
-0.0309153, -0.368352, 0.929172
0.0450903, -0.399423, 0.915657
0.119393, -0.436046, 0.891969
0.130897, -0.468256, 0.873843
0.127146, -0.492875, 0.86076
0.202355, -0.514412, 0.833326
0.324061, -0.540192, 0.776644
0.38124, -0.57965, 0.720181
0.407239, -0.624519, 0.666433
0.502275, -0.638647, 0.582966
0.57089, -0.65163, 0.499463
0.5897, -0.67711, 0.4402
0.591243, -0.692526, 0.413327
0.529292, -0.731713, 0.429472
0.504945, -0.733205, 0.455457
0.491029, -0.753091, 0.437887
0.402561, -0.808304, 0.429638
0.173228, -0.86784, 0.465667
-0.621251, -0.652694, 0.433634
-0.908111, 0.132688, 0.39715
-0.745738, 0.26738, 0.610232
-0.532023, 0.294371, 0.793912
-0.330714, 0.304482, 0.893263
-0.239208, 0.267719, 0.933331
-0.189923, 0.236667, 0.952847
-0.109629, 0.197709, 0.974111
-0.00400651, 0.199128, 0.979965
0.0780478, 0.244759, 0.966438
0.32511, 0.153863, 0.933075
0.499808, 0.138794, 0.854943
0.614604, 0.0707191, 0.785659
0.713136, -0.00278448, 0.70102
0.750503, -0.0100054, 0.660792
0.824645, -0.116837, 0.553453
0.864747, -0.197926, 0.461561
0.868785, -0.120155, 0.480391
0.860984, -0.0150697, 0.508408
0.929719, -0.0247607, 0.367436
0.930416, -0.253294, 0.264894
0.945786, -0.175508, 0.273285
-0.89749, -0.206447, 0.389732
-0.884736, -0.260266, 0.386656
-0.856301, -0.243082, 0.455696
-0.817843, -0.260259, 0.513223
-0.792272, -0.207697, 0.573731
-0.707788, -0.0341839, 0.705597
-0.48887, 0.102006, 0.866372
-0.34482, 0.29101, 0.892419
-0.354162, 0.375014, 0.856699
-0.297588, 0.416137, 0.859227
-0.151389, 0.457389, 0.876286
0.0117545, 0.464911, 0.88528
0.0832387, 0.468968, 0.879284
0.19368, 0.433873, 0.87991
0.225062, 0.454083, 0.862065
0.336168, 0.36835, 0.866781
0.560039, 0.221555, 0.798292
0.685492, 0.0900001, 0.722496
0.522188, -0.166319, 0.836456
0.0507497, -0.119829, 0.991497
-0.163296, -0.0659441, 0.984371
-0.186794, -0.0701121, 0.979894
-0.173344, -0.0701273, 0.982361
-0.119961, -0.0803788, 0.989519
-0.0815977, -0.10606, 0.991006
-0.0880228, -0.130727, 0.987503
-0.0509799, -0.165912, 0.984822
0.0230795, -0.214593, 0.976431
0.0738806, -0.263927, 0.961709
0.0931389, -0.303998, 0.948109
0.175648, -0.327486, 0.928386
0.313823, -0.341036, 0.886121
0.368481, -0.374062, 0.851058
0.397038, -0.423994, 0.813996
0.527223, -0.461163, 0.713698
0.606419, -0.497353, 0.6204
0.581995, -0.556273, 0.593162
0.5136, -0.639243, 0.572349
0.52322, -0.680125, 0.513489
0.550662, -0.685345, 0.476523
0.500176, -0.725562, 0.472635
0.439195, -0.772139, 0.459247
0.222056, -0.830508, 0.51083
-0.337575, -0.748412, 0.570896
-0.787222, 0.0310787, 0.615885
-0.74819, 0.238832, 0.619008
-0.615801, 0.230013, 0.75358
-0.435244, 0.193393, 0.879296
-0.32003, 0.119522, 0.939838
-0.200522, 0.116149, 0.97278
-0.141053, 0.161912, 0.976672
0.00698231, 0.173174, 0.984867
0.155361, 0.235899, 0.959278
0.333032, 0.265356, 0.904807
0.48465, 0.208951, 0.849385
0.539098, 0.195985, 0.819123
0.653756, 0.0904708, 0.751278
0.733081, 0.0263183, 0.679632
0.776264, 0.0185055, 0.630137
0.860554, -0.0974164, 0.499956
0.896809, -0.11394, 0.427494
0.897978, -0.0560603, 0.436455
0.905865, 0.00590314, 0.423526
0.955145, -0.096607, 0.279939
0.954354, -0.117205, 0.274719
-0.909525, -0.1368, 0.392492
-0.90749, -0.151994, 0.391611
-0.864371, -0.153544, 0.478839
-0.823082, -0.196967, 0.532672
-0.756301, -0.100117, 0.646517
-0.597127, 0.0355882, 0.801357
-0.350399, 0.197016, 0.915645
-0.22418, 0.231793, 0.946581
-0.232411, 0.401451, 0.885902
-0.203029, 0.514256, 0.833259
-0.117231, 0.560041, 0.820129
0.00210671, 0.558609, 0.829428
0.0508137, 0.562041, 0.825547
0.0929941, 0.546602, 0.832213
0.180216, 0.487617, 0.854255
0.274218, 0.468147, 0.840025
0.419427, 0.369752, 0.829075
0.52589, 0.234434, 0.817606
0.384073, 0.110095, 0.916716
0.0689982, 0.0688909, 0.995235
-0.130969, 0.0978782, 0.986543
-0.204473, 0.0836308, 0.975293
-0.187985, 0.0780517, 0.979066
-0.153362, 0.0692262, 0.985742
-0.125143, 0.0380021, 0.991411
-0.116649, 0.014219, 0.993071
-0.0653396, 0.001747, 0.997862
-0.00345676, -0.0108199, 0.999935
0.0182708, -0.0403538, 0.999018
0.0514075, -0.0852912, 0.995029
0.177593, -0.131858, 0.97523
0.310785, -0.1665, 0.935784
0.339138, -0.207425, 0.917584
0.340783, -0.248264, 0.90677
0.46122, -0.295764, 0.83654
0.586349, -0.336699, 0.736769
0.621079, -0.37645, 0.68742
0.608235, -0.40839, 0.680637
0.596211, -0.419343, 0.684605
0.56257, -0.489281, 0.666423
0.481574, -0.55615, 0.677336
0.422798, -0.615823, 0.664833
0.345096, -0.664491, 0.662843
0.188201, -0.652354, 0.734176
-0.274256, -0.270017, 0.922971
-0.669685, 0.144414, 0.728468
-0.654504, 0.185509, 0.732947
-0.50918, 0.154823, 0.84662
-0.357325, 0.161678, 0.91988
-0.148843, 0.16897, 0.974318
-0.0430474, 0.232744, 0.971585
0.0874972, 0.27243, 0.958189
0.207956, 0.302955, 0.930039
0.304211, 0.317379, 0.898179
0.436497, 0.243209, 0.86621
0.506993, 0.219564, 0.833517
0.58319, 0.192505, 0.789197
0.708264, 0.088516, 0.700376
0.761268, 0.0784511, 0.643674
0.832119, 0.0432632, 0.552908
0.887095, -0.0739131, 0.45563
0.903907, -0.0559243, 0.424056
0.910632, -0.024807, 0.412473
0.948969, -0.00184684, 0.315364
0.965498, -0.114935, 0.233674
0.973345, -0.0623624, 0.220705
-0.92673, -0.0274101, 0.374727
-0.919051, -0.10036, 0.381146
-0.913769, -0.0326158, 0.404923
-0.877114, -0.0882499, 0.472106
-0.823061, -0.073967, 0.563116
-0.688831, -0.00205775, 0.724919
-0.510922, 0.14123, 0.847946
-0.315522, 0.220453, 0.922956
-0.0945703, 0.254903, 0.962331
0.0464774, 0.381051, 0.923385
-0.0750068, 0.508928, 0.857535
-0.115719, 0.561615, 0.819266
-0.0156249, 0.576446, 0.816986
0.0485602, 0.580073, 0.813116
0.051386, 0.582052, 0.811527
0.0901335, 0.558678, 0.824473
0.166913, 0.515047, 0.840754
0.26775, 0.43545, 0.859473
0.40942, 0.36321, 0.836931
0.323754, 0.335813, 0.884541
0.0369333, 0.287219, 0.957153
-0.139668, 0.253613, 0.95717
-0.209986, 0.237591, 0.948397
-0.194317, 0.226575, 0.954413
-0.173692, 0.21362, 0.961352
-0.15474, 0.192357, 0.969048
-0.13751, 0.165616, 0.976556
-0.0860064, 0.147038, 0.985385
-0.0321735, 0.125948, 0.991515
-0.0217775, 0.0980701, 0.994941
-0.0237634, 0.0673308, 0.997448
0.0763163, 0.0258786, 0.996748
0.237179, -0.0170984, 0.971315
0.297764, -0.0591299, 0.952807
0.31499, -0.0938403, 0.944444
0.463791, -0.11822, 0.878021
0.599039, -0.148754, 0.786781
0.627381, -0.201462, 0.752201
0.635453, -0.255699, 0.728572
0.646253, -0.268135, 0.714465
0.646098, -0.281773, 0.709338
0.612761, -0.281829, 0.738306
0.581313, -0.255958, 0.772373
0.430817, -0.260312, 0.86408
0.182129, -0.350767, 0.918581
0.0138058, -0.357756, 0.933713
-0.473547, -0.0484427, 0.879435
-0.633652, 0.160288, 0.756831
-0.512104, 0.167222, 0.842488
-0.336621, 0.270013, 0.902097
-0.133407, 0.277551, 0.951403
-0.012444, 0.317483, 0.948182
0.101055, 0.307175, 0.946272
0.223684, 0.302037, 0.926682
0.26936, 0.306938, 0.912817
0.385569, 0.263486, 0.884258
0.500078, 0.227945, 0.835442
0.543771, 0.239676, 0.804282
0.661734, 0.173769, 0.729323
0.754801, 0.12699, 0.643545
0.794602, 0.137284, 0.591406
0.876233, 0.0385401, 0.480344
0.915752, 0.0239742, 0.401029
0.921122, 0.0261659, 0.388394
0.942339, 0.0454831, 0.331554
0.978278, -0.00960343, 0.207075
0.983697, 0.0232007, 0.178329
0.41426, -0.115311, 0.902825
0.41426, -0.115311, 0.902825
-0.925039, 0.0223162, 0.379215
-0.929384, 0.0456885, 0.366277
-0.918853, 0.0881641, 0.384625
-0.885372, 0.0258252, 0.464166
-0.816576, 0.079415, 0.571748
-0.655664, 0.141185, 0.741735
-0.427061, 0.235989, 0.872885
-0.266449, 0.285701, 0.920532
-0.0460148, 0.359089, 0.932168
0.142314, 0.3432, 0.928418
0.106415, 0.426901, 0.898015
-0.0121751, 0.554926, 0.831811
0.00573058, 0.58872, 0.808317
0.0519789, 0.578078, 0.814324
0.0486073, 0.586373, 0.808582
0.0496061, 0.585695, 0.809012
0.0670534, 0.575502, 0.815047
0.196801, 0.541766, 0.817165
0.36839, 0.517661, 0.772215
0.239891, 0.4999, 0.832197
-0.0377081, 0.436366, 0.898979
-0.167893, 0.388939, 0.905836
-0.224203, 0.369417, 0.901811
-0.21507, 0.356111, 0.909357
-0.195255, 0.345101, 0.918031
-0.185031, 0.336525, 0.923317
-0.175006, 0.321857, 0.930474
-0.119911, 0.309795, 0.943212
-0.0695926, 0.293326, 0.953476
-0.0587244, 0.273879, 0.95997
-0.0439872, 0.257461, 0.965287
0.0676508, 0.24838, 0.966297
0.210121, 0.223114, 0.951877
0.255838, 0.170885, 0.951496
0.279036, 0.124038, 0.952236
0.415179, 0.0836935, 0.905882
0.54213, 0.0220735, 0.840005
0.577772, -0.0269199, 0.815754
0.612803, -0.0820714, 0.785963
0.641574, -0.117365, 0.758029
0.652858, -0.155327, 0.741384
0.632919, -0.206565, 0.746153
0.603822, -0.218989, 0.766448
0.399788, -0.241019, 0.884353
0.119968, -0.294691, 0.948032
0.105683, -0.339725, 0.934568
-0.165863, -0.259098, 0.951503
-0.500231, 0.0495798, 0.864471
-0.454424, 0.133991, 0.880651
-0.273063, 0.288644, 0.917672
-0.121414, 0.348644, 0.929358
-0.0145311, 0.344674, 0.93861
0.062645, 0.315582, 0.946828
0.213871, 0.26551, 0.940087
0.267468, 0.269252, 0.925183
0.360197, 0.2655, 0.894297
0.497849, 0.244535, 0.832075
0.544117, 0.266835, 0.795447
0.63362, 0.252938, 0.731128
0.749632, 0.179766, 0.636975
0.788817, 0.184636, 0.58624
0.856984, 0.153336, 0.492003
0.905061, 0.10143, 0.413009
0.918126, 0.111626, 0.380243
0.936619, 0.149057, 0.317061
0.971421, 0.1323, 0.197072
0.993908, 0.0844355, 0.0708381
0.985487, 0.152821, 0.0738994
-0.101019, -0.479123, 0.871915
0.328611, -0.28192, 0.901408
0.41426, -0.115311, 0.902825
0.638998, -0.0626061, 0.766657
-0.903098, 0.0878631, 0.420351
-0.914764, 0.121332, 0.385337
-0.905338, 0.219532, 0.36355
-0.890677, 0.158134, 0.426249
-0.80046, 0.225439, 0.555375
-0.636855, 0.28402, 0.716762
-0.426203, 0.341545, 0.837674
-0.21485, 0.390538, 0.895164
-0.052879, 0.418651, 0.906606
0.137108, 0.419149, 0.897505
0.269135, 0.464637, 0.843611
0.160672, 0.513352, 0.843003
0.0183781, 0.578812, 0.815254
0.038818, 0.577207, 0.815674
0.0662071, 0.576163, 0.814649
0.0663772, 0.588654, 0.805655
0.0776222, 0.598806, 0.797124
0.167855, 0.613216, 0.771875
0.302279, 0.61539, 0.727958
0.15483, 0.580802, 0.799185
-0.105424, 0.53131, 0.840592
-0.190619, 0.50325, 0.842855
-0.228649, 0.488267, 0.842209
-0.21743, 0.479787, 0.850017
-0.192156, 0.47828, 0.856927
-0.176314, 0.48654, 0.855682
-0.169446, 0.489569, 0.855342
-0.128359, 0.486755, 0.864056
-0.0826246, 0.486559, 0.869732
-0.0686827, 0.480977, 0.874039
-0.0609254, 0.469761, 0.880689
0.0212309, 0.461853, 0.886702
0.125812, 0.440071, 0.889106
0.163739, 0.405705, 0.899218
0.204298, 0.369316, 0.906569
0.351047, 0.328405, 0.876878
0.501878, 0.270959, 0.821401
0.550372, 0.215558, 0.806614
0.587012, 0.146245, 0.79626
0.618334, 0.0645633, 0.783259
0.605427, -0.00102655, 0.7959
0.591605, -0.0636862, 0.803708
0.599126, -0.101083, 0.794248
0.392074, -0.13208, 0.910402
0.0550606, -0.143264, 0.988152
0.0508226, -0.217, 0.974848
-0.00622653, -0.235474, 0.971861
-0.295293, -0.0212616, 0.95517
-0.284462, 0.140387, 0.948353
-0.103373, 0.185761, 0.977142
-0.085548, 0.315592, 0.945031
-0.0738011, 0.322887, 0.943556
-0.0147298, 0.298561, 0.954277
0.164428, 0.240888, 0.956523
0.281738, 0.246267, 0.927349
0.377194, 0.264056, 0.887693
0.521779, 0.251065, 0.8153
0.570464, 0.284519, 0.770467
0.603145, 0.318188, 0.731418
0.717486, 0.289159, 0.63372
0.777306, 0.299476, 0.553271
0.834501, 0.286753, 0.470512
0.891647, 0.250222, 0.377299
0.91568, 0.249747, 0.314892
0.930405, 0.259887, 0.258465
0.95836, 0.23331, 0.164659
0.972379, 0.220479, 0.0766092
0.975818, 0.207093, 0.0699447
-0.610145, -0.294729, 0.735431
-0.638018, -0.429864, 0.638866
0.470844, -0.363034, 0.80406
0.817839, -0.00540476, 0.575422
0.734276, -0.0231962, 0.678455
-0.849512, 0.0422849, 0.525871
-0.872877, 0.00732014, 0.487885
-0.882611, 0.17587, 0.435968
-0.889275, 0.289917, 0.35375
-0.882258, 0.275152, 0.381983
-0.788954, 0.368687, 0.49155
-0.647089, 0.418126, 0.637531
-0.404568, 0.4882, 0.773295
-0.22509, 0.54175, 0.80984
-0.044088, 0.500936, 0.864361
0.193456, 0.521884, 0.83079
0.244649, 0.547464, 0.800269
0.187877, 0.518986, 0.83388
0.125484, 0.539187, 0.832785
0.0423244, 0.568755, 0.821417
0.0680543, 0.577029, 0.813883
0.0911743, 0.596317, 0.797555
0.109526, 0.629328, 0.769383
0.228502, 0.65364, 0.721486
0.275114, 0.673248, 0.68633
0.0754249, 0.663316, 0.744529
-0.11113, 0.649719, 0.752007
-0.180002, 0.6344, 0.751755
-0.222572, 0.61846, 0.753637
-0.211751, 0.614634, 0.75986
-0.170517, 0.620268, 0.765632
-0.149526, 0.62302, 0.767782
-0.161675, 0.616693, 0.770423
-0.125503, 0.614303, 0.779026
-0.0792449, 0.615753, 0.783944
-0.0789494, 0.610831, 0.787815
-0.0759808, 0.605503, 0.792208
0.00172727, 0.603526, 0.797341
0.097991, 0.59639, 0.796691
0.126362, 0.58697, 0.799686
0.152754, 0.571501, 0.806258
0.277848, 0.541408, 0.793522
0.399037, 0.484074, 0.778744
0.425128, 0.428699, 0.797172
0.448922, 0.370287, 0.813238
0.501619, 0.290137, 0.814984
0.54854, 0.21619, 0.807691
0.56499, 0.167713, 0.807873
0.577221, 0.125165, 0.806938
0.389783, 0.0813308, 0.917308
0.0120031, 0.107725, 0.994108
-0.0213304, 0.0737574, 0.997048
0.0877108, 0.0753471, 0.993292
-0.0886271, 0.175163, 0.980542
-0.242705, 0.277352, 0.929608
-0.0659071, 0.218588, 0.973589
0.0649122, 0.268034, 0.96122
-0.0445639, 0.293875, 0.954805
-0.0600092, 0.287574, 0.955877
0.140713, 0.302521, 0.942699
0.303277, 0.354423, 0.884538
0.377877, 0.400839, 0.834588
0.524275, 0.400833, 0.751311
0.598915, 0.416232, 0.684143
0.634198, 0.440307, 0.635549
0.728303, 0.424141, 0.538218
0.770688, 0.418193, 0.480786
0.816707, 0.39903, 0.416852
0.862855, 0.378137, 0.335401
0.88722, 0.359634, 0.288971
0.907119, 0.34991, 0.233877
0.940278, 0.316214, 0.126035
0.947604, 0.313487, 0.0614147
0.955287, 0.289, 0.0624997
-0.732308, -0.21959, 0.644597
-0.714863, -0.311998, 0.625803
-0.436037, -0.122272, 0.891583
0.663686, 0.179322, 0.726199
0.879499, 0.0540087, 0.472825
0.857881, 0.0626051, 0.51002
-0.838549, 0.0579527, 0.541736
-0.823419, 0.0771139, 0.562169
-0.837522, 0.211536, 0.503795
-0.871466, 0.307487, 0.382099
-0.829499, 0.448982, 0.332186
-0.771492, 0.474792, 0.423524
-0.648925, 0.555188, 0.520253
-0.421159, 0.618141, 0.663722
-0.273537, 0.633205, 0.724037
-0.134036, 0.668773, 0.731284
0.185005, 0.636115, 0.749087
0.246126, 0.585334, 0.772532
0.132317, 0.604475, 0.785559
0.110098, 0.564865, 0.817805
0.106278, 0.614378, 0.781821
0.109124, 0.640581, 0.760097
0.162453, 0.625652, 0.762999
0.192023, 0.664207, 0.722465
0.258454, 0.697785, 0.668055
0.279669, 0.731435, 0.621923
0.0998488, 0.76281, 0.638867
-0.0830318, 0.765618, 0.637914
-0.169892, 0.750751, 0.638365
-0.20667, 0.738661, 0.641613
-0.189334, 0.744017, 0.640775
-0.158633, 0.753467, 0.638061
-0.150195, 0.746835, 0.647827
-0.159635, 0.733609, 0.660556
-0.128, 0.733858, 0.667135
-0.085562, 0.727627, 0.680616
-0.0759316, 0.716196, 0.693757
-0.077396, 0.707542, 0.702421
-0.0187215, 0.708391, 0.705572
0.0683764, 0.69966, 0.711197
0.0942838, 0.684408, 0.722978
0.106601, 0.668554, 0.735984
0.194042, 0.65017, 0.734592
0.306318, 0.610771, 0.730156
0.354444, 0.570992, 0.740498
0.381575, 0.542328, 0.748519
0.416361, 0.512735, 0.750831
0.445706, 0.474834, 0.758867
0.474162, 0.432078, 0.767124
0.490895, 0.395461, 0.776294
0.350385, 0.36929, 0.86073
0.0423365, 0.382446, 0.923007
0.00916327, 0.388856, 0.921253
0.126897, 0.413281, 0.901718
-0.0220147, 0.419373, 0.907547
-0.223547, 0.407822, 0.885273
-0.136013, 0.403107, 0.904989
0.0158734, 0.375494, 0.926689
-0.0407828, 0.361482, 0.931487
-0.00820632, 0.415709, 0.909461
0.241709, 0.495689, 0.834187
0.393111, 0.521478, 0.757314
0.431675, 0.547471, 0.716891
0.530756, 0.546107, 0.648124
0.585026, 0.548387, 0.597508
0.607151, 0.556657, 0.56701
0.685461, 0.535016, 0.493863
0.736171, 0.511261, 0.443468
0.789571, 0.491815, 0.367009
0.834558, 0.467934, 0.290778
0.857975, 0.455087, 0.238273
0.889798, 0.424195, 0.168278
0.920886, 0.380716, 0.083806
0.942039, 0.331872, 0.0492242
0.953665, 0.256023, 0.158036
-0.743128, -0.141588, 0.653998
-0.743019, -0.125162, 0.657463
-0.105505, 0.138831, 0.98468
0.696277, 0.223154, 0.682203
0.867981, 0.138604, 0.476863
0.870714, 0.123104, 0.476133
-0.786099, 0.131157, 0.604024
-0.815107, 0.0891308, 0.572412
-0.768012, 0.277197, 0.577339
-0.794492, 0.373409, 0.478903
-0.788568, 0.515589, 0.335154
-0.753159, 0.572271, 0.324433
-0.619427, 0.681264, 0.390114
-0.470088, 0.74232, 0.477471
-0.228194, 0.804339, 0.548604
-0.116863, 0.816346, 0.565617
-0.0299415, 0.818126, 0.574259
0.143754, 0.762687, 0.63059
0.118242, 0.731408, 0.671611
0.127119, 0.707096, 0.695598
0.172714, 0.698594, 0.69436
0.0829034, 0.695208, 0.714012
0.139267, 0.665699, 0.733109
0.271712, 0.678108, 0.682892
0.376162, 0.70534, 0.60083
0.365698, 0.758796, 0.538975
0.152434, 0.820277, 0.55128
-0.0447461, 0.825794, 0.562194
-0.146389, 0.823637, 0.547898
-0.17438, 0.827045, 0.534405
-0.149158, 0.834168, 0.530958
-0.139447, 0.837106, 0.528969
-0.156054, 0.83313, 0.530605
-0.157854, 0.831426, 0.532741
-0.132831, 0.833153, 0.536853
-0.113937, 0.828297, 0.548582
-0.104174, 0.820102, 0.562655
-0.0877497, 0.812105, 0.576876
-0.038651, 0.808045, 0.587851
0.01687, 0.793572, 0.608242
0.0389347, 0.772413, 0.633926
0.0635635, 0.755159, 0.652453
0.149276, 0.736645, 0.659599
0.229729, 0.715582, 0.659671
0.265243, 0.691654, 0.671759
0.307611, 0.661739, 0.683723
0.350176, 0.6265, 0.696329
0.383406, 0.597067, 0.704636
0.406877, 0.574618, 0.710117
0.423455, 0.544017, 0.724383
0.293024, 0.531911, 0.794486
0.0281469, 0.532711, 0.845829
0.0226656, 0.530126, 0.847616
0.124159, 0.547798, 0.827347
-0.0510563, 0.512723, 0.857035
-0.238972, 0.447643, 0.861689
-0.13869, 0.489285, 0.861026
-0.012663, 0.473144, 0.880894
0.0181214, 0.501633, 0.864891
0.140173, 0.579043, 0.803157
0.301705, 0.622238, 0.722353
0.376788, 0.629489, 0.67954
0.416189, 0.640878, 0.645028
0.514225, 0.640252, 0.570658
0.570358, 0.631383, 0.525402
0.606285, 0.62114, 0.496592
0.676134, 0.601202, 0.425911
0.731899, 0.567682, 0.37691
0.774547, 0.557189, 0.29936
0.814938, 0.528431, 0.237985
0.826383, 0.530154, 0.189812
0.859176, 0.494467, 0.131603
0.904281, 0.419863, 0.0774055
0.918646, 0.378882, 0.111976
0.918395, -0.0237654, 0.394951
0.702371, 0.0730316, 0.708054
0.610634, -0.122685, 0.782352
-0.749007, 0.00216289, 0.662559
-0.750711, 0.0163582, 0.660429
0.156786, 0.236644, 0.958863
0.716976, 0.234434, 0.656496
0.861168, 0.176206, 0.476802
0.865354, 0.181703, 0.467062
-0.753582, 0.209022, 0.623236
-0.708465, 0.22534, 0.668804
-0.679308, 0.307717, 0.666221
-0.696882, 0.418426, 0.582473
-0.727831, 0.500381, 0.468915
-0.68656, 0.646758, 0.332174
-0.632248, 0.711255, 0.307212
-0.442943, 0.843591, 0.303571
-0.279404, 0.899916, 0.334791
-0.141151, 0.914967, 0.378036
-0.0635929, 0.904523, 0.421657
-0.0622685, 0.892788, 0.446152
-0.0222622, 0.886975, 0.46128
0.0126586, 0.881206, 0.472564
0.05752, 0.831694, 0.552247
0.0250443, 0.756594, 0.653405
0.120412, 0.759394, 0.639391
0.318754, 0.729851, 0.604742
0.468176, 0.708428, 0.528148
0.481513, 0.729706, 0.485464
0.233603, 0.820852, 0.521183
0.0187745, 0.849083, 0.527926
-0.0594361, 0.862762, 0.502104
-0.12507, 0.869321, 0.478161
-0.135322, 0.878172, 0.458804
-0.119591, 0.882593, 0.454673
-0.118363, 0.886756, 0.446826
-0.129894, 0.889638, 0.437804
-0.128125, 0.890033, 0.437522
-0.117728, 0.88803, 0.444458
-0.115352, 0.883438, 0.454126
-0.115393, 0.876797, 0.466811
-0.0940374, 0.872431, 0.479605
-0.0589185, 0.865257, 0.497854
-0.0302778, 0.854053, 0.519305
-0.00357666, 0.842634, 0.538474
0.0751604, 0.828855, 0.554391
0.165947, 0.809983, 0.562485
0.192256, 0.792674, 0.578538
0.208707, 0.769338, 0.603788
0.251676, 0.741948, 0.621427
0.305824, 0.709573, 0.634805
0.334251, 0.676004, 0.65673
0.33791, 0.645996, 0.684475
0.245258, 0.620651, 0.744742
0.0233286, 0.640137, 0.767906
0.0293667, 0.642083, 0.766072
0.0899829, 0.652364, 0.752545
-0.131373, 0.550191, 0.82464
-0.238573, 0.468444, 0.850672
-0.13102, 0.512612, 0.848565
0.012121, 0.538271, 0.842685
0.128, 0.651623, 0.747666
0.212784, 0.6866, 0.6952
0.33526, 0.692922, 0.638326
0.407566, 0.694113, 0.593378
0.45967, 0.69887, 0.547981
0.526748, 0.694785, 0.489703
0.545736, 0.689848, 0.475691
0.584781, 0.678515, 0.444577
0.642102, 0.666019, 0.379636
0.717561, 0.614065, 0.32868
0.764647, 0.594018, 0.249918
0.794708, 0.576441, 0.190147
0.799746, 0.584065, 0.138835
0.816592, 0.56838, 0.100608
0.852357, 0.516222, 0.0836752
0.82328, 0.529601, 0.204285
0.48456, 0.534924, 0.69214
0.494037, 0.007026, 0.869413
0.704028, -0.247734, 0.665561
0.541961, -0.152837, 0.826389
-0.778633, 0.0533743, 0.625205
-0.742308, 0.115261, 0.660071
0.267508, 0.300508, 0.915497
0.728571, 0.252116, 0.636884
0.864813, 0.229859, 0.446389
0.867381, 0.232228, 0.440137
-0.725121, 0.311394, 0.614193
-0.723603, 0.308832, 0.617269
-0.64387, 0.331995, 0.689355
-0.652205, 0.372063, 0.660452
-0.654127, 0.421019, 0.628379
-0.586894, 0.606174, 0.536757
-0.494742, 0.773876, 0.395406
-0.456392, 0.825716, 0.33151
-0.414399, 0.854538, 0.31311
-0.32477, 0.896222, 0.302177
-0.191006, 0.931639, 0.309137
-0.0178358, 0.952492, 0.30404
-0.0105973, 0.952978, 0.302855
-0.112722, 0.940141, 0.321602
-0.204496, 0.910764, 0.358735
-0.112937, 0.90799, 0.403485
0.0679092, 0.892954, 0.444995
0.232878, 0.817437, 0.526843
0.457695, 0.735261, 0.499907
0.534963, 0.701152, 0.471382
0.350685, 0.78564, 0.509697
0.133534, 0.839498, 0.526699
0.02835, 0.862824, 0.504709
-0.0300812, 0.872741, 0.487255
-0.0717861, 0.882971, 0.463906
-0.0909192, 0.89546, 0.435757
-0.0827828, 0.905483, 0.41623
-0.102137, 0.906761, 0.409087
-0.123911, 0.909068, 0.397795
-0.129583, 0.912661, 0.387631
-0.132665, 0.909784, 0.393311
-0.129646, 0.906937, 0.400821
-0.110354, 0.907821, 0.404579
-0.0898004, 0.905873, 0.413921
-0.0728157, 0.902221, 0.425082
-0.0556041, 0.896104, 0.440348
0.00473876, 0.890567, 0.454827
0.0777775, 0.878399, 0.471557
0.0972935, 0.867729, 0.487422
0.11931, 0.856687, 0.501849
0.156675, 0.84184, 0.516486
0.182978, 0.823349, 0.53723
0.210256, 0.796673, 0.566661
0.227292, 0.766256, 0.60099
0.202735, 0.733745, 0.648472
0.0565726, 0.721173, 0.690441
0.0390314, 0.722268, 0.690511
-0.0292144, 0.681149, 0.731562
-0.315494, 0.475366, 0.821274
-0.294215, 0.46456, 0.835237
-0.0704973, 0.506088, 0.859596
0.222197, 0.597079, 0.770795
0.29536, 0.672413, 0.678693
0.252493, 0.731429, 0.63345
0.345138, 0.747687, 0.567313
0.405411, 0.748475, 0.524812
0.451647, 0.748111, 0.486153
0.498504, 0.743581, 0.445625
0.522569, 0.739515, 0.42431
0.586445, 0.721378, 0.368368
0.626239, 0.712951, 0.315477
0.656576, 0.714736, 0.240959
0.69054, 0.706746, 0.153834
0.706145, 0.701039, 0.0995147
0.716787, 0.693483, 0.0727877
0.778067, 0.622726, 0.0826154
0.819608, 0.560623, 0.118089
0.75781, 0.554535, 0.343825
0.433087, 0.495183, 0.753146
-0.363985, 0.572506, 0.734678
0.133308, 0.157509, 0.978478
0.673049, -0.335714, 0.659015
0.568765, -0.238215, 0.787249
-0.877098, -0.117204, 0.465792
-0.892108, -0.0617106, 0.447588
-0.694943, 0.141226, 0.70506
0.339276, 0.368258, 0.865608
0.761854, 0.263316, 0.591814
0.871866, 0.28947, 0.395041
0.864846, 0.315268, 0.390701
-0.210406, -0.481782, 0.850656
-0.0104788, -0.566551, 0.82396
0.229257, -0.598773, 0.767406
-0.730558, 0.353241, 0.584385
-0.735247, 0.396554, 0.549688
-0.657522, 0.345954, 0.669313
-0.661212, 0.310007, 0.683151
-0.647655, 0.34762, 0.678014
-0.57005, 0.32354, 0.755225
-0.483336, 0.498772, 0.719453
-0.381903, 0.677432, 0.628678
-0.254685, 0.829422, 0.497187
-0.212264, 0.881333, 0.422134
-0.208377, 0.904117, 0.373029
-0.122372, 0.920966, 0.369928
-0.0379918, 0.928155, 0.370249
-0.114519, 0.921187, 0.371888
-0.211464, 0.913732, 0.346953
-0.254879, 0.915473, 0.311362
-0.256993, 0.912078, 0.319482
-0.102981, 0.927519, 0.35931
0.270717, 0.866051, 0.420318
0.542732, 0.697387, 0.468074
0.42497, 0.747152, 0.511042
0.224183, 0.809736, 0.542281
0.107182, 0.842521, 0.527892
0.0100395, 0.863635, 0.504018
0.0211187, 0.883309, 0.468316
0.0210032, 0.906391, 0.421917
-0.0310521, 0.922821, 0.383975
-0.0532532, 0.929355, 0.365328
-0.0430107, 0.936467, 0.348109
-0.0810756, 0.938586, 0.335385
-0.125069, 0.934495, 0.333281
-0.123897, 0.93248, 0.339308
-0.115005, 0.931083, 0.346205
-0.106576, 0.928046, 0.356893
-0.0972879, 0.926083, 0.364562
-0.0947521, 0.923054, 0.372819
-0.0573465, 0.922187, 0.382468
0.0164118, 0.917665, 0.397016
0.0585109, 0.912787, 0.404223
0.0653506, 0.908111, 0.413599
0.0814664, 0.900728, 0.426676
0.0974236, 0.88823, 0.44895
0.0988015, 0.874339, 0.475152
0.09565, 0.852485, 0.513927
0.0647767, 0.82613, 0.559743
-0.0153119, 0.792357, 0.609865
-0.0502356, 0.772518, 0.633002
-0.270905, 0.674065, 0.687203
-0.410645, 0.534072, 0.739012
-0.230476, 0.61413, 0.754802
0.033478, 0.674943, 0.73711
0.293235, 0.73644, 0.609646
0.372823, 0.740517, 0.559141
0.368113, 0.775701, 0.512621
0.390703, 0.794595, 0.464725
0.414561, 0.798818, 0.435923
0.453016, 0.797677, 0.398104
0.47918, 0.804519, 0.350906
0.473933, 0.825699, 0.305955
0.495642, 0.835186, 0.238334
0.545631, 0.822702, 0.159526
0.578211, 0.811954, 0.0800243
0.676753, 0.733685, 0.0609284
0.698165, 0.709356, 0.0968507
0.734537, 0.673214, 0.0850735
0.748256, 0.658834, 0.0777877
-0.243035, 0.476876, 0.844703
-0.450619, 0.606799, 0.65478
0.205113, -0.0305554, 0.978261
0.737767, -0.310528, 0.599393
0.75352, -0.272442, 0.598316
-0.773459, -0.251298, 0.581902
-0.858899, -0.17227, 0.482302
-0.414969, 0.165408, 0.894674
0.43104, 0.453187, 0.780273
0.790192, 0.299261, 0.534826
0.846105, 0.42219, 0.325363
0.850768, 0.392149, 0.349875
-0.429401, -0.224696, 0.874715
-0.479557, -0.398025, 0.78205
0.0764533, -0.524991, 0.847667
0.373982, -0.651457, 0.660107
0.529606, -0.39768, 0.749245
0.798269, -0.312476, 0.514903
-0.723738, 0.324577, 0.608977
-0.747627, 0.294108, 0.595445
-0.667559, 0.308405, 0.677681
-0.710088, 0.193195, 0.67709
-0.645872, 0.144743, 0.749599
-0.39839, 0.262274, 0.878919
-0.236544, 0.447732, 0.862313
-0.183426, 0.560847, 0.807344
-0.165086, 0.634411, 0.755161
-0.158671, 0.695472, 0.700816
-0.109109, 0.760929, 0.639596
-0.0344805, 0.767287, 0.640376
0.0242559, 0.78927, 0.613568
0.087736, 0.846558, 0.525016
0.0229573, 0.913599, 0.405967
-0.163079, 0.934241, 0.317172
-0.281515, 0.916828, 0.283152
-0.238793, 0.920451, 0.30943
0.129497, 0.923306, 0.361574
0.408011, 0.800003, 0.439912
0.28825, 0.830559, 0.476533
0.205957, 0.864766, 0.457998
0.138901, 0.901655, 0.409541
0.126014, 0.923534, 0.362224
0.145626, 0.934847, 0.323811
0.0993984, 0.950423, 0.294645
0.0185425, 0.962296, 0.271372
-0.00464695, 0.963401, 0.268025
-0.0337458, 0.960961, 0.274618
-0.0998964, 0.956185, 0.275194
-0.135418, 0.951893, 0.274886
-0.135945, 0.949631, 0.282348
-0.122896, 0.948809, 0.290961
-0.102038, 0.94819, 0.300871
-0.0999163, 0.946496, 0.306857
-0.0901759, 0.945856, 0.311808
-0.0360528, 0.946235, 0.321466
0.0125312, 0.943933, 0.3299
0.0237235, 0.939154, 0.342675
0.0183173, 0.933106, 0.359133
0.0146919, 0.92488, 0.379974
0.0087657, 0.917536, 0.397555
-0.00620044, 0.907535, 0.41993
-0.025653, 0.89495, 0.445429
-0.0834205, 0.87948, 0.468568
-0.127285, 0.871246, 0.474055
-0.288142, 0.817914, 0.497988
-0.312438, 0.813058, 0.491243
-0.116883, 0.854313, 0.506446
0.13755, 0.870222, 0.473069
0.31838, 0.854256, 0.410952
0.332575, 0.856646, 0.3944
0.342929, 0.859721, 0.378522
0.354597, 0.871242, 0.33941
0.358133, 0.883753, 0.301199
0.406561, 0.877657, 0.253825
0.452804, 0.869125, 0.198972
0.462472, 0.876062, 0.136511
0.511171, 0.855604, 0.081519
0.624482, 0.779634, 0.0468322
0.607955, 0.789183, 0.0870693
0.628756, 0.774389, 0.0706195
-0.425203, 0.410824, 0.80649
-0.609824, 0.340255, 0.715781
0.672182, -0.192827, 0.714835
0.830581, -0.306727, 0.464815
0.706375, -0.401414, 0.583011
-0.534158, -0.628652, 0.565219
-0.518693, -0.528842, 0.671776
-0.681311, -0.549851, 0.483197
-0.539108, -0.181587, 0.822429
0.21845, 0.443214, 0.869391
0.56649, 0.481053, 0.669086
0.811569, 0.456183, 0.365038
0.825621, 0.460772, 0.325637
0.835286, 0.414171, 0.361606
-0.543911, -0.108125, 0.832148
-0.478307, -0.316772, 0.819071
-0.296135, 0.0586066, 0.953346
-0.0792315, -0.0982088, 0.992007
0.319082, -0.155908, 0.934815
0.798269, -0.312476, 0.514903
0.734877, -0.274295, 0.620257
-0.742792, 0.251247, 0.620592
-0.745884, 0.257802, 0.614162
-0.746139, 0.237034, 0.622166
-0.762811, 0.0885344, 0.640532
-0.599196, 0.166303, 0.783139
-0.278072, 0.334751, 0.900343
-0.115854, 0.429964, 0.895382
-0.0839867, 0.510923, 0.855514
-0.0863141, 0.554365, 0.827786
-0.0867692, 0.586498, 0.805289
-0.0724931, 0.617394, 0.783307
-0.0237007, 0.632291, 0.774369
0.0942421, 0.64702, 0.756627
0.312161, 0.683291, 0.660052
0.494102, 0.705703, 0.507785
0.341243, 0.842963, 0.415892
-0.0388955, 0.943443, 0.329244
-0.204453, 0.946123, 0.251096
-0.20857, 0.950531, 0.230194
-0.0399059, 0.970618, 0.237294
0.186316, 0.953473, 0.237013
0.25449, 0.931533, 0.259773
0.243484, 0.933576, 0.262967
0.213268, 0.944813, 0.248686
0.206576, 0.950478, 0.232203
0.194821, 0.956868, 0.21552
0.0928107, 0.973824, 0.207493
-0.0160895, 0.980028, 0.198206
-0.0389378, 0.980768, 0.191256
-0.0495693, 0.980179, 0.19181
-0.0922372, 0.976716, 0.193696
-0.127818, 0.971164, 0.201256
-0.134024, 0.96878, 0.208575
-0.116302, 0.970158, 0.212762
-0.0962816, 0.971778, 0.215354
-0.0944722, 0.971615, 0.216887
-0.0678858, 0.973627, 0.21781
-0.0356921, 0.972668, 0.22944
-0.0322031, 0.967593, 0.250452
-0.0342051, 0.962334, 0.269709
-0.0244423, 0.959081, 0.282075
-0.0212419, 0.956402, 0.291279
-0.0367327, 0.952228, 0.303169
-0.0492809, 0.948527, 0.312838
-0.0532466, 0.945972, 0.319845
-0.0816302, 0.944867, 0.317116
-0.180516, 0.930173, 0.319675
-0.210056, 0.933819, 0.289584
-0.114493, 0.957089, 0.266219
0.0619553, 0.96743, 0.24544
0.205373, 0.950132, 0.234673
0.234712, 0.946487, 0.221523
0.280371, 0.938798, 0.200126
0.346108, 0.921391, 0.17677
0.3564, 0.922093, 0.150747
0.394672, 0.910838, 0.120866
0.512626, 0.853809, 0.0906871
0.485497, 0.864948, 0.127113
0.534769, 0.840338, 0.0886287
0.569238, 0.819652, 0.0643351
-0.640229, 0.447284, 0.624535
-0.657378, 0.545053, 0.520357
-0.281895, 0.309825, 0.908044
0.58398, -0.353547, 0.730734
0.670215, -0.524448, 0.525135
0.644609, -0.366276, 0.67106
0.699778, -0.425218, 0.574021
-0.509541, -0.623717, 0.592744
-0.459313, -0.581065, 0.671859
-0.586913, -0.596104, 0.547898
-0.47919, -0.658595, 0.580198
-0.230114, -0.211671, 0.949865
0.368152, 0.421345, 0.828814
0.503952, 0.582308, 0.637926
0.671605, 0.562723, 0.481964
0.737969, 0.610691, 0.287156
0.828593, 0.356805, 0.431421
0.829392, 0.409918, 0.379575
-0.454695, 0.0846218, 0.886618
-0.583403, 0.105712, 0.805274
-0.240011, 0.301595, 0.922733
-0.188704, 0.31368, 0.930589
0.0416641, 0.163551, 0.985655
0.585665, -0.0773287, 0.806856
0.766021, -0.412671, 0.492864
0.699687, -0.462637, 0.544431
0.712358, -0.545994, 0.44095
-0.750827, 0.212684, 0.62532
-0.732603, 0.201064, 0.650281
-0.770868, 0.197645, 0.605557
-0.770539, 0.132889, 0.623386
-0.530343, 0.2669, 0.804674
-0.155458, 0.43333, 0.887726
-0.0123158, 0.50175, 0.864925
0.00614578, 0.536761, 0.843712
-0.0446446, 0.562443, 0.82563
-0.0651942, 0.57628, 0.814648
-0.0568119, 0.581817, 0.811333
-0.00608779, 0.580383, 0.814321
0.161567, 0.628232, 0.761065
0.413211, 0.648149, 0.639655
0.605405, 0.612362, 0.508426
0.688885, 0.600178, 0.406477
0.562807, 0.770384, 0.299595
0.259287, 0.937274, 0.232996
0.0494261, 0.981432, 0.185334
-0.0442508, 0.985839, 0.16175
-0.0855506, 0.98113, 0.173391
-0.00210588, 0.985988, 0.166805
0.17535, 0.960643, 0.215446
0.162234, 0.977831, 0.13239
0.194472, 0.958718, 0.207464
0.164968, 0.961743, 0.218713
0.0908583, 0.97393, 0.20786
0.0126157, 0.979853, 0.19932
-0.0348691, 0.980426, 0.193777
-0.0602643, 0.979483, 0.192305
-0.0899221, 0.976534, 0.19569
-0.118049, 0.972408, 0.201214
-0.126053, 0.970071, 0.207539
-0.11555, 0.970358, 0.212256
-0.102357, 0.971233, 0.215012
-0.0862206, 0.972423, 0.216702
-0.0744511, 0.977088, 0.199388
-0.0994292, 0.986177, 0.132544
-0.0971352, 0.984945, 0.142994
-0.0800315, 0.982336, 0.169148
-0.0576671, 0.979176, 0.194648
-0.0510364, 0.975982, 0.21179
-0.0570738, 0.971508, 0.230033
-0.0595609, 0.967619, 0.24529
-0.0541077, 0.966888, 0.249399
-0.0450855, 0.967118, 0.2503
-0.0524771, 0.968446, 0.243637
-0.0288985, 0.975317, 0.21891
-0.00983093, 0.979724, 0.200109
0.0279969, 0.982084, 0.186351
0.151213, 0.974662, 0.164832
0.241032, 0.958544, 0.151975
0.241646, 0.961737, 0.129107
0.28844, 0.951613, 0.105999
0.346826, 0.927608, 0.138764
0.422484, 0.89824, 0.121125
0.454678, 0.884324, 0.106016
-0.530532, 0.522543, 0.667447
-0.585143, 0.646584, 0.489425
-0.131508, 0.579977, 0.803948
0.41398, -0.0369452, 0.909536
0.612755, -0.40369, 0.679386
0.773408, -0.438609, 0.457671
0.681753, -0.35956, 0.637126
0.664449, -0.484043, 0.569394
-0.293763, -0.740084, 0.604962
-0.258593, -0.722411, 0.641289
-0.283515, -0.603211, 0.745491
-0.564524, -0.620775, 0.544014
-0.451805, -0.623286, 0.638269
-0.18584, -0.423156, 0.886793
0.221924, 0.285334, 0.932381
0.480364, 0.557069, 0.677439
0.458758, 0.648591, 0.607347
0.479298, 0.761832, 0.435758
0.684806, 0.670337, 0.285814
0.683255, 0.608129, 0.404156
0.758206, 0.530998, 0.37837
-0.413945, 0.389561, 0.822734
-0.216011, 0.448852, 0.867105
-0.0722611, 0.384599, 0.920251
-0.272025, 0.349667, 0.896513
-0.221913, 0.258029, 0.940306
0.120009, 0.0110691, 0.992711
0.560812, -0.315064, 0.765653
0.697811, -0.511313, 0.501616
0.723275, -0.577893, 0.378038
0.626756, -0.640156, 0.444271
-0.754639, 0.192594, 0.627238
-0.772069, 0.178639, 0.609916
-0.772061, 0.207579, 0.600694
-0.765786, 0.190826, 0.614132
-0.446865, 0.369176, 0.814874
-0.0573899, 0.506332, 0.860427
0.0281634, 0.54603, 0.837292
0.0281319, 0.552627, 0.832954
-0.00269274, 0.560168, 0.828375
-0.0503081, 0.559615, 0.827224
-0.0803299, 0.537468, 0.839449
0.0475084, 0.55894, 0.827846
0.284557, 0.628167, 0.724178
0.466993, 0.653464, 0.595737
0.644757, 0.600977, 0.472351
0.793911, 0.520131, 0.314911
0.800332, 0.556059, 0.224202
0.655537, 0.72621, 0.207097
0.484077, 0.835351, 0.260494
0.103925, 0.974054, 0.201046
-0.0439952, 0.984904, 0.167415
-0.0438668, 0.984424, 0.170248
0.162234, 0.977831, 0.13239
-0.0982836, 0.985576, 0.137771
-0.0922131, 0.984641, 0.148252
-0.0783058, 0.982502, 0.16899
-0.0629264, 0.979394, 0.191907
-0.0552654, 0.975666, 0.212181
-0.0558963, 0.971806, 0.229062
-0.0569164, 0.96871, 0.241583
-0.0529191, 0.967228, 0.248334
-0.0505574, 0.967496, 0.247781
-0.0421599, 0.970435, 0.23765
-0.030412, 0.974809, 0.220956
-0.00357884, 0.979407, 0.201865
0.0565998, 0.981254, 0.18422
0.140639, 0.975636, 0.168388
0.211516, 0.965982, 0.148792
0.25715, 0.957712, 0.129083
0.265137, 0.957013, 0.117594
-0.585143, 0.646584, 0.489425
-0.413443, 0.687882, 0.596559
-0.479481, 0.763553, 0.432533
-0.280286, 0.769218, 0.574233
0.189011, 0.49393, 0.84871
0.520339, 0.0213831, 0.853692
0.595036, -0.447374, 0.667673
0.72335, -0.513053, 0.462106
0.598687, -0.346256, 0.722275
0.421093, -0.568131, 0.707042
0.259852, -0.639161, 0.723844
0.0618897, -0.613327, 0.7874
-0.258772, -0.794178, 0.549834
-0.326643, -0.680668, 0.65574
-0.18629, -0.681004, 0.708187
-0.00763573, -0.326213, 0.945265
0.303652, 0.350857, 0.88583
0.458157, 0.570669, 0.68149
0.431829, 0.682581, 0.589583
0.343932, 0.799553, 0.492368
0.598164, 0.725562, 0.340234
0.680436, 0.672794, 0.290439
0.63682, 0.683502, 0.356771
0.685564, 0.640666, 0.345758
-0.311319, 0.516715, 0.79755
-0.400859, 0.575005, 0.713219
-0.345518, 0.408711, 0.844732
-0.32265, 0.313042, 0.893254
-0.39275, 0.285427, 0.87423
-0.215177, 0.117602, 0.969468
0.0985557, -0.1509, 0.983624
0.442697, -0.439626, 0.781504
0.558838, -0.627533, 0.542128
0.585899, -0.702523, 0.40396
0.524148, -0.713907, 0.464332
-0.754925, 0.176706, 0.631556
-0.758501, 0.197887, 0.6209
-0.768468, 0.18294, 0.61318
-0.752907, 0.212936, 0.622728
-0.384281, 0.414933, 0.824717
0.00257737, 0.522508, 0.852631
0.0565058, 0.535763, 0.842476
0.0361154, 0.544553, 0.837948
-0.0201318, 0.539749, 0.841585
-0.0942404, 0.507189, 0.856667
-0.0764695, 0.47308, 0.877694
0.162487, 0.559333, 0.812862
0.429967, 0.60007, 0.67457
0.561455, 0.606138, 0.563352
0.677162, 0.59205, 0.436953
0.79291, 0.545404, 0.271711
0.854091, 0.488691, 0.178075
0.749417, 0.5903, 0.299867
0.637229, 0.72589, 0.258888
-0.42283, 0.765605, 0.484835
-0.499683, 0.747677, 0.437374
-0.371853, 0.813407, 0.447319
-0.0269918, 0.778109, 0.62755
0.301306, 0.516284, 0.801664
0.515134, 0.18878, 0.836062
0.561717, -0.329573, 0.758851
0.432931, -0.637707, 0.637104
0.239151, -0.697337, 0.675669
0.096006, -0.554228, 0.826809
0.159143, -0.28833, 0.944214
0.339547, 0.211486, 0.916505
0.434492, 0.513013, 0.740293
0.449283, 0.652917, 0.60979
0.380739, 0.765941, 0.518047
0.323127, 0.8396, 0.436648
0.495571, 0.789516, 0.362042
0.636817, 0.695642, 0.332487
0.49241, 0.790772, 0.36361
0.593066, 0.733083, 0.33296
-0.436808, 0.460913, 0.772502
-0.491556, 0.439367, 0.751884
-0.411392, 0.346451, 0.843047
-0.44573, 0.247808, 0.860183
-0.441078, 0.213461, 0.871713
-0.199592, -0.0158241, 0.979751
-0.0231471, -0.22873, 0.973215
0.159405, -0.536505, 0.828705
0.37129, -0.703925, 0.605503
0.598046, -0.711833, 0.368287
0.519925, -0.70688, 0.479581
0.593218, -0.725953, 0.347972
-0.728042, 0.107055, 0.677122
-0.732941, 0.153296, 0.662795
-0.775394, 0.0937704, 0.624477
-0.730517, 0.192314, 0.655256
-0.306632, 0.428442, 0.84995
0.0289235, 0.503283, 0.863637
0.0644116, 0.507204, 0.859416
0.0459222, 0.505222, 0.861767
-0.0478078, 0.478193, 0.876953
-0.157494, 0.415953, 0.895644
-0.0169235, 0.467366, 0.883902
0.306639, 0.574275, 0.759065
0.496762, 0.584963, 0.641129
0.638304, 0.569634, 0.517768
0.753695, 0.567867, 0.330864
0.822498, 0.528617, 0.209908
0.815368, 0.534238, 0.22308
0.80167, 0.53153, 0.273499
-0.436903, 0.782575, 0.443499
-0.333273, 0.803322, 0.493562
-0.407779, 0.809534, 0.42234
-0.176185, 0.880732, 0.439626
0.0783425, 0.85754, 0.508417
0.241881, 0.712974, 0.65815
0.366182, 0.597183, 0.713641
0.41476, 0.536097, 0.735237
0.440346, 0.601628, 0.666437
0.417092, 0.740404, 0.527102
0.367216, 0.812105, 0.453474
0.328276, 0.850716, 0.410509
0.388238, 0.843973, 0.370109
0.539206, 0.768553, 0.344358
0.551872, 0.75085, 0.362853
0.506279, 0.775692, 0.376806
0.54343, 0.761207, 0.353905
0.566805, 0.746091, 0.349399
-0.495622, 0.424885, 0.757516
-0.499561, 0.410294, 0.762953
-0.553442, 0.322076, 0.768095
-0.523929, 0.20802, 0.825969
-0.509325, 0.13429, 0.850032
-0.460946, 0.0321403, 0.886846
-0.284143, -0.158545, 0.945583
-0.229544, -0.279561, 0.932285
-0.0812584, -0.442825, 0.892918
0.228337, -0.571229, 0.78839
0.533807, -0.700113, 0.474228
0.640683, -0.737174, 0.214709
0.492224, -0.531564, 0.689316
-0.638454, 0.023108, 0.769313
-0.7662, 0.0515648, 0.64053
-0.752318, -0.0712646, 0.654934
-0.660267, 0.180239, 0.729083
-0.195323, 0.457632, 0.867422
0.0512396, 0.491054, 0.869621
0.0598446, 0.481806, 0.874232
0.00174953, 0.448164, 0.89395
-0.135315, 0.380275, 0.914921
-0.121365, 0.380472, 0.916794
0.17169, 0.537716, 0.82546
0.408988, 0.608878, 0.679703
0.542704, 0.629167, 0.556437
0.677295, 0.641149, 0.360833
0.751148, 0.614636, 0.24083
0.795757, 0.567021, 0.21274
0.772556, 0.502783, 0.387772
0.796951, 0.520462, 0.306576
-0.294159, 0.851436, 0.434197
-0.186628, 0.874255, 0.448161
-0.228458, 0.890969, 0.392405
-0.11109, 0.897148, 0.427533
0.130709, 0.923952, 0.359482
0.204157, 0.907152, 0.36796
0.373116, 0.860655, 0.346493
0.497122, 0.791636, 0.35522
0.484838, 0.789837, 0.375619
0.464436, 0.797476, 0.385138
0.431774, 0.818469, 0.379052
0.494909, 0.790673, 0.36042
0.545595, 0.759779, 0.353641
-0.573898, 0.342623, 0.743808
-0.601746, 0.295417, 0.742045
-0.618774, 0.227162, 0.752008
-0.596053, -0.00958513, 0.802888
-0.51703, -0.0458924, 0.854736
-0.418942, -0.0502817, 0.90662
-0.244666, -0.0527914, 0.968169
0.0628761, 0.0220464, 0.997778
0.319646, 0.0436848, 0.946529
0.461206, -0.00125927, 0.887292
0.649631, -0.330913, 0.684453
0.760463, -0.570277, 0.310613
0.5148, -0.465887, 0.719674
-0.774411, -0.0210788, 0.632332
-0.72301, -0.0948648, 0.684294
-0.388404, 0.272413, 0.880303
-0.038177, 0.465763, 0.884086
0.0235941, 0.462925, 0.886083
0.000138722, 0.428023, 0.903768
-0.0892492, 0.351924, 0.931764
-0.137662, 0.323701, 0.936091
0.0664212, 0.493871, 0.866994
0.362748, 0.618116, 0.697386
0.524772, 0.648001, 0.552005
0.643006, 0.680018, 0.352303
0.699897, 0.674285, 0.235549
0.709106, 0.669976, 0.219774
0.674245, 0.657975, 0.335353
0.752124, 0.579474, 0.313877
-0.170094, 0.895745, 0.410742
-0.0704398, 0.91476, 0.397809
0.0753176, 0.918265, 0.388737
0.237314, 0.902273, 0.359981
0.361169, 0.860383, 0.359582
0.452677, 0.815818, 0.359894
0.482216, 0.793121, 0.372057
0.47467, 0.793713, 0.380406
-0.618679, 0.317465, 0.718646
-0.634796, 0.339093, 0.694298
-0.718155, 0.220027, 0.660183
-0.701711, 0.107648, 0.704283
-0.495389, 0.0398682, 0.867756
-0.289092, 0.0650917, 0.955086
-0.149091, 0.160296, 0.975744
0.0375877, 0.203242, 0.978407
0.265404, 0.164431, 0.950012
0.413236, 0.118299, 0.902907
0.481035, 0.056873, 0.874855
0.839215, -0.115074, 0.531485
0.607354, -0.481428, 0.63194
-0.623487, -0.0600211, 0.779526
-0.639183, 0.0983791, 0.762736
-0.133838, 0.395287, 0.908755
0.00384335, 0.428461, 0.903552
-0.0138445, 0.402196, 0.915449
-0.0977544, 0.335686, 0.936888
-0.137198, 0.311099, 0.940422
0.0671768, 0.484215, 0.872366
0.333208, 0.659863, 0.673464
0.461789, 0.728517, 0.505979
0.610825, 0.720749, 0.327741
0.689054, 0.688453, 0.226356
0.697248, 0.683803, 0.215078
0.689879, 0.636761, 0.344388
0.692328, 0.65609, 0.300381
-0.723352, 0.200368, 0.660769
-0.740636, 0.224241, 0.633383
-0.712658, 0.276493, 0.644725
-0.583134, 0.190709, 0.789674
-0.316341, 0.137105, 0.938686
-0.0901682, 0.189584, 0.977716
0.0562176, 0.230102, 0.971541
0.207299, 0.235844, 0.949423
0.336257, 0.193845, 0.921605
0.441466, 0.156343, 0.883552
0.734652, 0.133411, 0.665198
0.661017, -0.098469, 0.743882
-0.392067, -0.0652101, 0.917623
-0.483654, 0.277091, 0.83024
-0.0548681, 0.407211, 0.911684
-0.0469927, 0.365981, 0.929435
-0.10494, 0.296082, 0.94938
-0.119854, 0.294946, 0.947967
0.120316, 0.508504, 0.852612
0.388567, 0.693757, 0.606397
0.493509, 0.764323, 0.415041
0.576412, 0.764403, 0.288854
0.616752, 0.751659, 0.233721
0.656252, 0.717445, 0.233682
0.605928, 0.682385, 0.408903
0.667256, 0.670569, 0.324201
-0.76211, 0.118386, 0.636532
-0.774685, 0.0111488, 0.632249
-0.725139, 0.29902, 0.620291
-0.671065, 0.230311, 0.704719
-0.366998, 0.153137, 0.91753
-0.0532241, 0.208538, 0.976565
0.0906419, 0.258676, 0.961702
0.213289, 0.2879, 0.933607
0.314631, 0.285634, 0.905218
0.438361, 0.280876, 0.853785
0.701365, 0.298256, 0.647403
0.51716, 0.117051, 0.847847
-0.279819, 0.0004705, 0.960053
-0.259141, 0.329248, 0.907988
-0.109563, 0.310363, 0.944283
-0.154461, 0.250385, 0.955745
-0.108835, 0.293269, 0.949815
0.199634, 0.547452, 0.812676
0.461333, 0.722616, 0.514779
0.56105, 0.757812, 0.333083
0.612173, 0.744729, 0.265751
0.592298, 0.763065, 0.258679
0.610924, 0.736681, 0.289953
0.490247, 0.745801, 0.451042
0.588382, 0.720402, 0.367189
-0.734149, 0.0297824, 0.678335
-0.56196, -0.259485, 0.78541
-0.739062, -0.0103949, 0.673557
-0.465127, 0.196439, 0.863173
0.0149992, 0.291545, 0.95644
0.155812, 0.342841, 0.926382
0.240552, 0.36007, 0.901379
0.328566, 0.369743, 0.8691
0.503744, 0.388673, 0.771476
0.580882, 0.383353, 0.718064
0.27978, 0.0249546, 0.95974
-0.132136, 0.0661496, 0.989022
-0.185322, 0.213845, 0.959128
-0.189261, 0.21072, 0.95905
-0.0716315, 0.343449, 0.936436
0.293132, 0.627225, 0.72157
0.523959, 0.747891, 0.407586
0.604203, 0.747021, 0.277304
0.585941, 0.764232, 0.269484
0.558624, 0.774979, 0.295547
0.588688, 0.72564, 0.356221
0.572787, 0.745724, 0.340309
0.5534, 0.745032, 0.372392
-0.764365, 0.124824, 0.632587
-0.795644, 0.0652344, 0.602242
-0.246151, 0.187232, 0.950975
-0.00469642, 0.407398, 0.913239
0.0756227, 0.422898, 0.903016
0.177975, 0.436433, 0.881959
0.247456, 0.444876, 0.860727
0.367236, 0.472913, 0.800931
0.478459, 0.439366, 0.760286
0.326889, 0.258315, 0.909075
0.0374392, 0.0411483, 0.998451
-0.0381284, 0.0767999, 0.996317
-0.082301, 0.214969, 0.973147
0.0590433, 0.4698, 0.880796
0.394143, 0.708301, 0.585628
0.566808, 0.760005, 0.317995
0.602427, 0.758669, 0.247997
0.555615, 0.784353, 0.27583
0.570994, 0.751039, 0.331522
0.550404, 0.712244, 0.435619
0.567122, 0.739208, 0.363242
-0.776003, 0.397255, 0.489906
-0.758955, 0.539894, 0.364007
-0.499134, 0.679944, 0.537161
-0.213004, 0.570736, 0.793026
0.0472543, 0.533134, 0.84471
0.175875, 0.533721, 0.82717
0.297976, 0.506783, 0.808938
0.346198, 0.452964, 0.821566
0.210465, 0.350159, 0.912739
0.0703245, 0.231035, 0.970401
0.0304755, 0.321124, 0.946547
0.094929, 0.496332, 0.862927
0.280605, 0.713994, 0.641462
0.441449, 0.808743, 0.388661
0.561174, 0.789278, 0.249247
0.568173, 0.791794, 0.224148
0.547422, 0.784662, 0.29092
0.542045, 0.733151, 0.410702
0.556113, 0.747009, 0.364302
0.561596, 0.732812, 0.384184
-0.730511, 0.545266, 0.411142
-0.699833, 0.54897, 0.457019
-0.652688, 0.64992, 0.389362
-0.548473, 0.597371, 0.585086
-0.0819497, 0.310026, 0.94719
0.134026, 0.426381, 0.894559
0.11652, 0.531948, 0.838722
0.118369, 0.570851, 0.812477
0.158271, 0.656834, 0.737238
0.200539, 0.782082, 0.590027
0.253718, 0.855391, 0.451589
0.361985, 0.875096, 0.321206
0.469868, 0.851407, 0.233088
0.488762, 0.846912, 0.209408
0.514407, 0.818253, 0.256608
0.491888, 0.78943, 0.367215
0.539132, 0.777282, 0.324299
0.545897, 0.760527, 0.35156
-0.805101, 0.143404, 0.575541
-0.749153, -0.117113, 0.651962
-0.855912, -0.118682, 0.503318
-0.595136, 0.112895, 0.795656
0.293731, 0.861603, 0.41396
0.289343, 0.886468, 0.361186
0.288631, 0.904449, 0.31411
0.331981, 0.908792, 0.252755
0.39581, 0.88424, 0.247899
0.411382, 0.879577, 0.238974
0.394757, 0.886545, 0.241258
0.429868, 0.867058, 0.251841
0.491239, 0.839243, 0.233142
0.499617, 0.820274, 0.278449
0.504003, 0.805209, 0.312442
-0.726317, -0.366377, 0.581576
-0.654376, -0.590872, 0.471871
-0.358244, -0.470231, 0.806564
-0.511085, 0.130029, 0.849638
-0.00495279, 0.764158, 0.64501
0.290856, 0.885048, 0.363445
0.303694, 0.901019, 0.309734
0.33931, 0.900494, 0.271991
0.379986, 0.891484, 0.246713
0.400666, 0.883489, 0.24272
0.403086, 0.883097, 0.240126
-0.654376, -0.590872, 0.471871
-0.520441, -0.545359, 0.657058
-0.520441, -0.545359, 0.657058
