-0.775398, 0.199418, 0.599158
-0.668579, -0.175328, 0.722677
-0.485846, -0.487567, 0.725418
-0.224795, -0.742494, 0.631007
-0.718137, 0.590636, 0.368005
-0.665163, 0.597803, 0.447425
-0.488868, 0.619222, 0.614469
-0.030398, 0.529262, 0.847914
0.490043, 0.289391, 0.822259
0.75815, 0.0625343, 0.649074
0.828627, -0.00507471, 0.559778
-0.775398, 0.199418, 0.599158
-0.775398, 0.199418, 0.599158
-0.450039, -0.520776, 0.725436
0.0249095, -0.883421, 0.467917
0.329762, 0.360223, 0.872638
0.566566, 0.575033, 0.590204
0.843841, 0.402857, 0.354454
-0.718137, 0.590636, 0.368005
-0.718137, 0.590636, 0.368005
-0.606093, 0.599492, 0.522743
-0.048494, 0.548627, 0.83466
0.577495, 0.194134, 0.792976
0.79875, 0.0413331, 0.600242
0.854624, -0.0514587, 0.516692
0.870231, 0.113899, 0.479297
-0.672677, 0.16173, 0.722045
-0.471011, 0.729232, 0.496357
-0.237934, 0.731344, 0.639158
0.197447, 0.653993, 0.730279
0.843841, 0.402857, 0.354454
0.779297, 0.49787, 0.380554
-0.689784, 0.588044, 0.422377
-0.736068, 0.566287, 0.37084
-0.531387, 0.629565, 0.566811
0.128882, 0.646916, 0.751591
0.675175, 0.405494, 0.616208
0.860614, 0.275956, 0.42801
0.841714, 0.287313, 0.457131
-0.389594, 0.718831, 0.575759
-0.450966, 0.679553, 0.578651
0.0123744, 0.707916, 0.706188
0.70394, 0.585975, 0.401374
0.779297, 0.49787, 0.380554
-0.619133, 0.443856, 0.647817
-0.662191, 0.41297, 0.625267
-0.0219475, 0.679456, 0.733388
0.506648, 0.725722, 0.465442
0.706943, 0.602295, 0.370773
0.797183, 0.446636, 0.406222
-0.176982, 0.503072, 0.845929
0.0381124, 0.566551, 0.823144
0.386196, 0.517068, 0.763867
-0.300313, -0.0372146, 0.953115
-0.425571, 0.0796338, 0.901415
0.606664, 0.470839, 0.640523
0.712447, 0.588465, 0.382268
0.646801, 0.643592, 0.409191
-0.831178, 0.312947, 0.459573
-0.760122, 0.386687, 0.522196
-0.532688, 0.437877, 0.724229
0.00255537, 0.431738, 0.901996
0.357699, 0.325626, 0.875225
-0.572347, 0.0269343, 0.819569
-0.645113, 0.0230774, 0.763738
0.251017, 0.281487, 0.926151
0.753435, 0.212988, 0.62207
0.686088, 0.2143, 0.695241
-0.296047, -0.423593, 0.856111
-0.310937, -0.495219, 0.811219
0.372268, -0.124579, 0.919726
0.815676, 0.280428, 0.505996
0.724202, 0.454489, 0.518624
-0.831178, 0.312947, 0.459573
-0.831178, 0.312947, 0.459573
-0.678113, 0.454856, 0.577295
0.0778573, 0.408854, 0.909273
0.606636, 0.214265, 0.765561
0.688401, 0.288211, 0.665611
0.926883, 0.195467, 0.320438
-0.50945, 0.111013, 0.853309
-0.494758, 0.0305642, 0.868493
0.361536, 0.210487, 0.908288
0.611953, 0.213492, 0.761534
0.671958, 0.298316, 0.677849
-0.555317, -0.187097, 0.810319
-0.603745, -0.360445, 0.711035
0.0662474, -0.3583, 0.931253
0.752402, -0.0806992, 0.653742
0.762662, 0.0686624, 0.643143
-0.711944, 0.484962, 0.507886
-0.590415, 0.662474, 0.461018
-0.435518, 0.526774, 0.729954
0.424538, 0.410044, 0.807237
0.926883, 0.195467, 0.320438
0.896921, 0.0502357, 0.439328
-0.356391, 0.239311, 0.90317
-0.365613, 0.274414, 0.889395
0.468396, 0.440951, 0.765615
0.628666, 0.458781, 0.627932
0.626471, 0.339475, 0.701634
-0.59473, -0.0634894, 0.801415
-0.483426, -0.00584373, 0.875366
0.229122, 0.0626355, 0.97138
0.776073, 0.129743, 0.617153
0.920703, 0.122557, 0.37052
0.920703, 0.122557, 0.37052
-0.108, -0.626752, 0.771698
-0.108, -0.626752, 0.771698
-0.55621, 0.60576, 0.568934
-0.622505, 0.606043, 0.495176
0.137291, 0.737892, 0.660808
0.851328, 0.23718, 0.467959
0.825102, -0.286838, 0.486755
0.732154, -0.34477, 0.587439
-0.138277, 0.380622, 0.914334
-0.187531, 0.398672, 0.897716
0.570337, 0.522557, 0.633758
0.552503, 0.467758, 0.689886
-0.555224, 0.168576, 0.814438
-0.642531, 0.181637, 0.74442
0.314552, 0.331594, 0.889439
0.803403, 0.347143, 0.483772
0.834451, 0.284851, 0.471753
-0.316733, -0.432609, 0.844115
-0.375007, -0.264733, 0.888418
-0.419235, -0.224896, 0.879582
-0.348967, -0.576582, 0.738766
0.139628, -0.638273, 0.757042
0.187698, -0.297331, 0.936143
0.620876, 0.123807, 0.77407
0.745343, 0.391308, 0.53976
-0.264004, 0.731232, 0.628969
0.0768875, 0.644854, 0.760428
-0.116094, 0.515809, 0.848801
0.641168, -0.31185, 0.701179
0.711015, -0.426593, 0.558996
0.603065, -0.459057, 0.652365
0.63971, -0.491198, 0.591182
-0.0422236, 0.360146, 0.93194
0.148917, 0.439589, 0.885768
0.533842, 0.441316, 0.721285
0.553169, 0.482879, 0.678846
-0.474926, 0.282671, 0.833392
-0.518105, 0.323373, 0.791831
0.514086, 0.494833, 0.700611
0.768946, 0.516516, 0.376741
0.790268, 0.434078, 0.432497
-0.137785, -0.335499, 0.93191
0.0665165, -0.350585, 0.934166
0.223169, -0.261944, 0.938926
-0.267067, -0.568696, 0.777985
-0.358367, -0.285551, 0.888838
-0.452497, 0.0932903, 0.886873
-0.459339, -0.0997486, 0.882643
-0.168571, -0.32294, 0.931286
0.105746, -0.449455, 0.887022
0.585044, 0.362242, 0.725606
0.860117, 0.396474, 0.320947
0.860117, 0.396474, 0.320947
0.104029, 0.245552, 0.963785
-0.263681, 0.413035, 0.871708
0.387503, -0.401152, 0.830011
0.561696, -0.525375, 0.639124
0.711612, -0.452329, 0.537593
0.701044, -0.440789, 0.560574
-0.327936, 0.101085, 0.939276
-0.468432, 0.0697434, 0.880742
0.348874, 0.441117, 0.826863
0.380114, 0.435345, 0.816081
-0.188629, 0.288155, 0.938821
-0.236362, 0.326469, 0.915178
0.71108, 0.458977, 0.53264
0.707388, 0.469653, 0.528232
-0.499648, -0.205145, 0.841587
-0.441086, -0.372158, 0.816665
0.180205, -0.263071, 0.947797
0.445544, -0.338069, 0.828975
0.454008, 0.215941, 0.864434
0.202243, 0.690561, 0.694423
-0.391319, 0.233871, 0.890041
-0.621569, 0.611192, 0.489996
-0.265839, 0.680201, 0.683122
0.715323, 0.655195, 0.242965
0.689487, 0.29343, 0.662199
0.745343, 0.391308, 0.53976
-0.11935, 0.162974, 0.979385
-0.429525, 0.405558, 0.806865
0.399856, -0.104001, 0.910658
0.685091, -0.372665, 0.625916
0.70119, -0.494078, 0.514023
0.704364, -0.418972, 0.573003
-0.27056, 0.0671698, 0.960357
-0.17952, 0.129985, 0.975129
0.469382, 0.397094, 0.788668
0.457186, 0.388239, 0.800157
0.0150306, 0.149389, 0.988664
0.218388, 0.169088, 0.961101
0.794643, 0.381202, 0.47247
0.7787, 0.388218, 0.492861
-0.672729, -0.115968, 0.730744
-0.708604, -0.185126, 0.680888
-0.304428, -0.0397458, 0.951706
0.346374, 0.109242, 0.931714
0.759726, 0.257408, 0.597124
0.727618, 0.544121, 0.417737
0.49154, 0.515251, 0.702072
-0.453362, 0.659751, 0.599326
-0.0713065, 0.806602, 0.586778
0.266581, 0.792, 0.549246
-0.429525, 0.405558, 0.806865
-0.164069, 0.339167, 0.926308
-0.399475, 0.585577, 0.70535
0.172069, 0.308992, 0.935369
0.706502, -0.294219, 0.643654
0.694107, -0.461901, 0.552145
0.672451, -0.383329, 0.633142
-0.44984, -0.159075, 0.878828
-0.539019, -0.116751, 0.834163
0.155103, 0.173196, 0.972598
0.546702, 0.320902, 0.773395
0.508807, 0.359538, 0.782207
-0.465704, -0.0645173, 0.882586
-0.517638, -0.0759902, 0.852219
0.589254, 0.113582, 0.799924
0.822993, 0.320795, 0.468799
0.847094, 0.305651, 0.434752
-0.601062, -0.0853586, 0.794631
-0.631099, -0.0458168, 0.774348
-0.0411911, 0.208406, 0.977175
0.591641, 0.426236, 0.684313
0.85247, 0.367237, 0.372065
0.790356, 0.394792, 0.468484
-0.120798, 0.475195, 0.871549
0.0920278, 0.314759, 0.9447
-0.171304, 0.452377, 0.87522
0.599805, -0.252649, 0.759212
0.703891, -0.424291, 0.569662
0.60383, -0.38035, 0.700516
0.608836, -0.466377, 0.641725
-0.364048, -0.249156, 0.897435
-0.35538, -0.199531, 0.913177
0.480248, 0.0799383, 0.873482
0.469566, 0.115773, 0.875274
-0.305983, -0.0483371, 0.950809
-0.412023, -0.0528025, 0.909642
0.76341, 0.21358, 0.60958
0.910454, 0.210195, 0.356218
0.870273, 0.266582, 0.414198
-0.550121, -0.169267, 0.81775
-0.678435, -0.22282, 0.700055
-0.32227, 0.121395, 0.938832
0.399957, 0.516024, 0.757465
0.6913, 0.491419, 0.529727
0.722866, 0.434953, 0.536918
0.0286683, 0.229592, 0.972865
-0.355261, 0.386818, 0.850977
0.441451, -0.132458, 0.887455
0.693712, -0.414645, 0.588925
0.516246, -0.512201, 0.686396
0.582864, -0.47131, 0.661919
-0.499, -0.304135, 0.811481
-0.408588, -0.360281, 0.838602
-0.128977, -0.303479, 0.944068
0.632981, -0.126535, 0.763756
0.629605, -0.0524045, 0.775146
-0.122128, -0.0591531, 0.99075
0.0411525, -0.011568, 0.999086
0.82638, 0.274012, 0.491949
0.850982, 0.237558, 0.468398
-0.325175, -0.103991, 0.939919
-0.403552, -0.110097, 0.908309
0.359024, 0.424564, 0.831172
0.590636, 0.48043, 0.648334
0.567327, 0.501882, 0.652882
-0.0795169, 0.276103, 0.957833
-0.298797, 0.483866, 0.822554
0.11403, 0.0588102, 0.991735
0.631004, -0.417558, 0.653819
0.597634, -0.481172, 0.641333
0.491113, -0.505299, 0.709564
-0.536883, -0.188338, 0.822366
-0.583392, -0.244321, 0.774571
0.0354055, -0.201958, 0.978754
0.748236, -0.108341, 0.654527
0.726709, -0.00907894, 0.686885
-0.440096, -0.257963, 0.860099
-0.565835, -0.18613, 0.803235
0.495428, 0.0367652, 0.867871
0.881243, 0.246179, 0.403494
0.85841, 0.236642, 0.455118
-0.347765, -0.166727, 0.922639
-0.369508, -0.277958, 0.886681
0.264391, 0.231238, 0.936283
0.539173, 0.445705, 0.71459
0.5248, 0.41943, 0.740718
-0.200912, 0.371552, 0.906413
-0.386971, 0.514654, 0.765104
-0.261123, 0.257192, 0.930412
0.296887, -0.430618, 0.852306
0.553827, -0.578393, 0.598946
0.399051, -0.535259, 0.744484
0.549256, -0.585046, 0.59669
-0.657351, -0.0696859, 0.750355
-0.637549, -0.14188, 0.757232
-0.487874, 0.00369803, 0.872906
0.170831, 0.228327, 0.95848
0.764625, 0.208067, 0.609964
0.706146, 0.198639, 0.679632
-0.359612, -0.343592, 0.867539
-0.303705, -0.323552, 0.896146
0.748403, -0.0101712, 0.663166
0.86351, 0.188606, 0.467738
0.883978, 0.154247, 0.441351
-0.387686, -0.205198, 0.898662
-0.616857, -0.229323, 0.752926
-0.00837912, 0.0303774, 0.999503
0.575409, 0.40861, 0.708479
0.59204, 0.312375, 0.742907
0.567124, 0.380057, 0.730703
-0.379127, 0.449476, 0.808847
-0.469338, 0.552933, 0.688467
-0.541256, 0.26783, 0.797063
-0.172042, -0.232766, 0.957195
0.407761, -0.601559, 0.686919
0.675133, -0.551897, 0.489495
0.730769, -0.435908, 0.525319
0.785856, -0.458282, 0.415221
-0.621943, -0.0904284, 0.777824
-0.673438, 0.0029024, 0.739238
-0.279672, 0.241267, 0.929287
0.367262, 0.461017, 0.807825
0.53045, 0.475058, 0.702099
0.658716, 0.347459, 0.667357
-0.546922, -0.382967, 0.744455
-0.531327, -0.421426, 0.734909
0.011299, -0.396557, 0.917941
0.872494, -0.021433, 0.488155
0.894435, 0.0257314, 0.446457
0.888851, 0.0993985, 0.447285
-0.162186, -0.088442, 0.982789
-0.129694, -0.165818, 0.977591
0.565561, 0.381044, 0.7314
0.603602, 0.302986, 0.737472
0.591132, 0.341775, 0.730584
-0.547378, 0.448728, 0.706414
-0.610814, 0.508429, 0.606964
-0.512648, 0.514688, 0.687233
-0.13655, 0.290416, 0.947107
0.624544, -0.244174, 0.741839
0.845873, -0.349116, 0.403258
0.71353, -0.560271, 0.42068
0.632203, -0.585082, 0.507936
-0.616324, -0.218213, 0.756656
-0.628985, -0.188514, 0.754215
-0.534805, -0.0323321, 0.844357
0.0410374, 0.229575, 0.972425
0.507928, 0.380334, 0.772887
0.52931, 0.402833, 0.746697
-0.632483, -0.366679, 0.682284
-0.607937, -0.386589, 0.693514
-0.497226, -0.337892, 0.799122
0.465937, 0.0338384, 0.884171
0.896606, 0.171475, 0.408281
0.901745, 0.0830909, 0.424208
0.88588, 0.102715, 0.4524
-0.114552, -0.210159, 0.970933
-0.333602, -0.21314, 0.918303
0.509802, 0.297262, 0.807303
0.585018, 0.384331, 0.714173
0.560553, 0.319445, 0.764026
-0.558394, 0.548572, 0.622307
-0.546132, 0.617108, 0.566496
-0.484077, 0.65305, 0.582405
-0.0539701, 0.591112, 0.804782
0.551899, -0.0611939, 0.831663
0.574301, -0.563209, 0.594117
0.599717, -0.623381, 0.501732
0.542627, -0.57115, 0.615909
-0.547071, -0.271799, 0.791731
-0.603017, -0.247684, 0.758303
-0.322079, -0.0713377, 0.944021
0.313885, 0.18804, 0.930654
0.688037, 0.276987, 0.670733
0.714806, 0.316842, 0.623429
-0.401529, -0.617996, 0.675911
-0.683082, -0.394493, 0.614634
-0.601635, -0.316175, 0.733532
0.0911099, 0.156322, 0.983495
0.723403, 0.455226, 0.519093
0.856455, 0.355705, 0.374111
0.853233, 0.198369, 0.482332
0.890624, 0.295752, 0.345426
-0.125283, -0.411681, 0.902675
-0.390378, -0.417085, 0.820759
0.411484, 0.0569137, 0.909638
0.6423, 0.372447, 0.669876
0.47558, 0.202325, 0.856089
0.534678, 0.29575, 0.791613
-0.515452, 0.635508, 0.574838
-0.404627, 0.638794, 0.654385
-0.494081, 0.630367, 0.598767
-0.369694, 0.434109, 0.821508
0.0121125, -0.0312772, 0.999437
0.368577, -0.481224, 0.795346
0.630548, -0.578279, 0.51769
0.485284, -0.574248, 0.659348
0.514607, -0.647126, 0.562501
-0.585794, -0.328291, 0.740993
-0.566468, -0.3807, 0.730877
-0.368467, -0.259692, 0.892632
0.0662067, -0.00118285, 0.997805
0.551095, 0.247101, 0.797017
0.888243, 0.266517, 0.374156
0.801077, 0.276213, 0.53102
-0.247648, -0.696421, 0.673549
-0.209596, -0.76254, 0.612048
-0.268678, -0.630417, 0.728276
0.222782, -0.199387, 0.95426
0.672987, 0.375526, 0.637236
0.707452, 0.557697, 0.434151
0.721734, 0.524644, 0.451496
0.812092, 0.270288, 0.517157
0.813334, 0.570794, -0.112618
0.520301, 0.104879, 0.847519
-0.212572, -0.437016, 0.873974
-0.336767, -0.560077, 0.756903
0.381784, -0.1577, 0.910698
0.750311, 0.168955, 0.63913
0.646307, 0.192514, 0.738394
0.601609, 0.236989, 0.762826
-0.48207, 0.508312, 0.713602
-0.565656, 0.442769, 0.695693
-0.46965, 0.293659, 0.832582
-0.199058, 0.0984295, 0.975032
0.219732, -0.351808, 0.909917
0.467031, -0.620366, 0.630102
0.558298, -0.669002, 0.490653
0.572733, -0.597039, 0.561713
0.636597, -0.588355, 0.498581
-0.689469, -0.307188, 0.655948
-0.718088, -0.305895, 0.625122
-0.45405, -0.287754, 0.84323
-0.0951639, -0.143706, 0.985034
0.419915, 0.0764045, 0.904342
0.749441, 0.171184, 0.639558
0.770492, 0.202953, 0.604278
-0.357485, -0.704977, 0.612546
-0.301407, -0.669814, 0.678603
-0.378013, -0.636195, 0.672579
-0.150071, -0.675732, 0.721709
0.30843, -0.476828, 0.823108
0.756769, -0.116979, 0.64313
0.89175, 0.169188, 0.419712
0.831325, 0.414548, 0.370201
0.0874956, 0.995104, -0.0459574
0.804359, 0.583654, -0.111153
0.809795, 0.576846, -0.107148
-0.449401, -0.56379, 0.69295
-0.377709, -0.423394, 0.823452
0.387009, -0.0498612, 0.920727
0.713165, 0.206025, 0.670037
0.729244, 0.209531, 0.651383
0.623136, 0.173139, 0.762708
0.634841, 0.182861, 0.750692
-0.587397, 0.356943, 0.726331
-0.54013, 0.351983, 0.764439
-0.454158, 0.126328, 0.88192
-0.282827, 0.0548524, 0.957601
0.167178, -0.265758, 0.949434
0.436279, -0.517973, 0.735775
0.591894, -0.592302, 0.546662
0.678546, -0.581863, 0.448342
0.617105, -0.630363, 0.470983
0.625535, -0.665139, 0.407795
-0.546315, -0.673027, 0.498572
-0.708632, -0.366419, 0.602974
-0.634399, -0.246005, 0.732816
-0.25582, -0.191181, 0.947632
0.167548, -0.062162, 0.983902
0.52613, 0.0602482, 0.848267
0.825693, 0.10923, 0.553443
0.815511, 0.129785, 0.564001
-0.400966, -0.656382, 0.639053
-0.364798, -0.736945, 0.569065
-0.349112, -0.670918, 0.654209
-0.100591, -0.606057, 0.789035
0.28788, -0.387805, 0.875633
0.650548, -0.147772, 0.74495
0.868543, 0.0245841, 0.495003
0.924742, 0.25002, 0.286954
0.889441, 0.445184, -0.103467
0.814992, 0.569235, -0.108439
-0.0468805, 0.998782, -0.0154176
-0.153303, -0.442632, 0.883502
-0.0837303, -0.0609461, 0.994623
0.172388, 0.506208, 0.845006
0.491782, 0.542589, 0.68099
0.662038, 0.349046, 0.663229
0.708972, 0.262531, 0.654551
0.665165, 0.293849, 0.686446
-0.650304, 0.340988, 0.678846
-0.747742, 0.323314, 0.579956
-0.568858, 0.190375, 0.800099
-0.305214, 0.0521761, 0.950853
-0.246664, -0.00952333, 0.969054
0.109348, -0.173671, 0.978714
0.390614, -0.439914, 0.808639
0.524619, -0.594882, 0.609008
0.625083, -0.63868, 0.448731
0.624499, -0.690018, 0.36589
0.593645, -0.681461, 0.428014
0.569002, -0.699635, 0.432143
0.548889, -0.71006, 0.441062
0.548311, -0.713727, 0.435831
0.552378, -0.717497, 0.424354
0.30615, -0.931783, 0.195069
-0.380678, -0.852939, 0.357181
-0.490262, -0.72658, 0.481377
-0.512913, -0.213684, 0.83142
-0.142781, -0.160376, 0.976674
0.272321, -0.0892041, 0.958062
0.629736, -0.0148312, 0.776668
0.86317, 0.10763, 0.493309
0.834853, -0.221131, 0.504105
-0.403698, -0.634078, 0.659525
-0.401273, -0.598433, 0.69344
-0.520074, -0.593509, 0.614223
-0.308513, -0.623119, 0.718709
-0.0242419, -0.462555, 0.886259
0.380951, -0.178253, 0.90725
0.590897, 0.067435, 0.803924
0.7609, 0.219238, 0.61071
0.896697, 0.341962, 0.281064
0.824363, 0.557457, -0.0983259
0.813516, 0.571389, -0.108198
0.959233, -0.200622, 0.199057
0.46988, -0.100989, 0.876934
0.597653, 0.273876, 0.753527
0.529869, 0.519861, 0.670063
0.353225, 0.681632, 0.640789
0.210712, 0.724523, 0.656252
0.414912, 0.501567, 0.75913
0.566265, 0.515596, 0.643043
0.644465, 0.393242, 0.655764
-0.673642, 0.344588, 0.653808
-0.669389, 0.502204, 0.547458
-0.515088, 0.221408, 0.828048
-0.133676, 0.0530519, 0.989604
-0.11276, 0.00205992, 0.99362
-0.00163842, -0.0870451, 0.996203
0.280142, -0.311952, 0.907858
0.466055, -0.536344, 0.703653
0.579555, -0.638911, 0.505875
0.603658, -0.681905, 0.41304
0.562391, -0.709873, 0.424026
0.539911, -0.705841, 0.458569
0.544113, -0.714142, 0.440388
0.560457, -0.72061, 0.408178
0.517793, -0.787392, 0.334521
0.536449, -0.838926, 0.0917905
0.649154, -0.757968, 0.0639021
0.437921, -0.887473, 0.14359
0.239362, -0.948479, 0.207591
-0.00343539, -0.931557, 0.36358
0.105784, -0.918561, 0.380861
0.264426, -0.893644, 0.362601
0.522277, -0.802533, 0.288388
0.20509, -0.858996, 0.46911
-0.4327, -0.649939, 0.62478
-0.410895, -0.616781, 0.671376
-0.445386, -0.605692, 0.65937
-0.360982, -0.660851, 0.658003
-0.264223, -0.512166, 0.817235
0.0690049, -0.275973, 0.958685
0.442608, 0.06526, 0.894337
0.60063, 0.306392, 0.73849
0.695872, 0.447073, 0.562039
0.826744, 0.469332, 0.310198
0.952567, 0.296322, -0.0693494
0.803613, 0.584789, -0.110582
0.817389, 0.573389, 0.0556741
0.636319, 0.407268, 0.655157
0.646896, 0.515509, 0.56194
0.59664, 0.551205, 0.583262
0.517619, 0.5695, 0.638545
0.460022, 0.560655, 0.688509
0.363179, 0.623032, 0.692772
0.404293, 0.590787, 0.698225
0.492847, 0.510923, 0.704315
-0.643163, 0.425205, 0.636822
-0.698945, 0.521549, 0.489348
-0.489639, 0.35645, 0.795737
-0.0778771, 0.114859, 0.990324
0.0192199, 0.0578149, 0.998142
-0.0400125, 0.012356, 0.999123
0.143273, -0.14147, 0.97952
0.421503, -0.402883, 0.812416
0.518566, -0.58754, 0.621197
0.508404, -0.683846, 0.523335
0.493215, -0.729357, 0.474106
0.504012, -0.749096, 0.429916
0.512867, -0.760372, 0.398498
0.512119, -0.772138, 0.376214
0.444086, -0.809964, 0.383075
0.175307, -0.954488, 0.241288
0.183849, -0.958979, 0.215775
0.520481, -0.846215, 0.114106
0.532094, -0.838822, 0.115127
0.148631, -0.965737, 0.212746
0.133018, -0.967119, 0.216767
-0.387748, -0.878556, 0.278909
-0.414766, -0.868086, 0.272755
0.0181024, -0.928388, 0.371171
0.0977114, -0.915142, 0.391112
0.0389972, -0.921917, 0.385419
0.0108692, -0.914975, 0.403365
0.00504603, -0.911433, 0.411418
0.00599643, -0.908602, 0.417619
0.00737936, -0.908666, 0.417459
0.0121687, -0.911928, 0.41017
0.038233, -0.917077, 0.396873
0.0886004, -0.919925, 0.381952
0.134647, -0.923814, 0.358384
0.182306, -0.916602, 0.355816
0.227647, -0.911361, 0.342925
0.311067, -0.892978, 0.325312
0.352918, -0.886452, 0.299418
-0.514003, -0.551921, 0.656646
-0.370251, -0.724031, 0.581974
-0.490293, -0.568554, 0.660575
-0.32708, -0.55298, 0.766311
-0.155102, -0.433076, 0.887913
0.165911, -0.188709, 0.967917
0.493902, 0.128172, 0.860019
0.670314, 0.318831, 0.670093
0.75618, 0.417948, 0.5035
0.80963, 0.449437, 0.377498
0.983349, 0.172567, 0.0569719
0.971354, 0.225283, -0.0756191
0.967898, 0.245936, -0.0518525
0.642735, 0.445126, 0.623502
0.646517, 0.518317, 0.559789
0.59638, 0.559826, 0.575261
0.50914, 0.63145, 0.584848
0.522235, 0.579734, 0.625443
0.489181, 0.565494, 0.664017
-0.640687, 0.472933, 0.604859
-0.698631, 0.51508, 0.496595
-0.481145, 0.460149, 0.746165
-0.134543, 0.265288, 0.954736
0.0379164, 0.168789, 0.984923
-0.0104906, 0.133028, 0.991057
0.0635444, -0.0216786, 0.997744
0.286813, -0.259243, 0.922243
0.355792, -0.501658, 0.788512
0.357379, -0.639024, 0.681123
0.390013, -0.723038, 0.57018
0.415529, -0.772632, 0.479975
0.430776, -0.796101, 0.425035
0.481242, -0.793789, 0.371893
0.455567, -0.804192, 0.381751
0.28939, -0.84465, 0.450355
0.238262, -0.861203, 0.448955
0.131901, -0.954859, 0.26617
0.121125, -0.958409, 0.258418
0.138217, -0.957866, 0.251769
0.144557, -0.958488, 0.245772
0.217798, -0.896791, 0.385137
0.176852, -0.890475, 0.419258
0.0900266, -0.930028, 0.35629
0.0255522, -0.918337, 0.394973
0.00130331, -0.914797, 0.403912
0.00574953, -0.911566, 0.411113
0.00808485, -0.90786, 0.419195
0.00415463, -0.906339, 0.42253
0.0098982, -0.911749, 0.410628
0.0224498, -0.917441, 0.397238
0.082285, -0.920463, 0.382069
0.160617, -0.917203, 0.364611
0.16065, -0.931115, 0.327439
0.22524, -0.899415, 0.374593
0.295751, -0.898356, 0.324788
0.408654, -0.870955, 0.272836
0.359856, -0.874477, 0.325259
0.365806, -0.875173, 0.316636
0.397628, -0.872413, 0.284232
0.416016, -0.868837, 0.268428
-0.735996, -0.300759, 0.60651
-0.646989, -0.398336, 0.65018
-0.498588, -0.505287, 0.70434
-0.321328, -0.430569, 0.843421
-0.10246, -0.328086, 0.939075
0.175116, -0.193485, 0.965349
0.486491, -0.0464228, 0.872451
0.701639, 0.0921456, 0.706549
0.797707, 0.160031, 0.581423
0.832509, 0.204481, 0.514894
0.82608, 0.24393, 0.508025
0.996324, 0.0416146, 0.0748747
0.987252, -0.156606, -0.0284366
0.971362, -0.23743, 0.00912034
0.792632, -0.0937612, 0.602448
0.769951, 0.217341, 0.599948
0.749907, 0.369649, 0.548634
0.625503, 0.526221, 0.576053
-0.610943, 0.517879, 0.598791
-0.6327, 0.561155, 0.533664
-0.425787, 0.575891, 0.697893
-0.202631, 0.477659, 0.854858
-0.102042, 0.316363, 0.943134
-0.0399971, 0.20406, 0.978141
-0.00788301, -0.0570287, 0.998341
0.0464502, -0.279944, 0.958892
0.124019, -0.412287, 0.902573
0.172195, -0.515796, 0.839228
0.295076, -0.613225, 0.732724
0.408808, -0.673641, 0.615698
0.471915, -0.708413, 0.52483
0.538823, -0.729576, 0.421175
0.56696, -0.724642, 0.391727
0.410138, -0.746575, 0.523844
0.227616, -0.751435, 0.619303
0.292818, -0.778373, 0.555331
0.308492, -0.794078, 0.523711
0.288469, -0.820847, 0.492947
0.285345, -0.832012, 0.475746
0.291654, -0.827129, 0.480413
0.175931, -0.840703, 0.512119
0.0299372, -0.846644, 0.531317
0.00117745, -0.846296, 0.532711
-0.00293537, -0.848183, 0.529695
-0.0091158, -0.850597, 0.525739
-0.0112894, -0.851967, 0.523474
-0.0119447, -0.853097, 0.521615
-0.00193042, -0.856874, 0.515522
0.0732728, -0.861615, 0.502245
0.148547, -0.86545, 0.478467
0.159757, -0.874289, 0.458362
0.185494, -0.880144, 0.436965
0.283713, -0.870574, 0.402005
0.343613, -0.862618, 0.371241
0.325348, -0.882301, 0.340137
0.360146, -0.877991, 0.315318
0.411009, -0.863038, 0.293661
0.420735, -0.87403, 0.243008
0.362277, -0.87914, 0.309624
0.380065, -0.879246, 0.28719
0.391887, -0.888214, 0.239794
0.399298, -0.891066, 0.215783
-0.883454, -0.19093, 0.427849
-0.84891, -0.222662, 0.479348
-0.689433, -0.27202, 0.671332
-0.446277, -0.225689, 0.865968
-0.235222, -0.149576, 0.960363
4.92591e-05, -0.0946466, 0.995511
0.230056, -0.154514, 0.960833
0.523486, -0.157738, 0.837306
0.697578, -0.128355, 0.704919
0.777555, -0.130087, 0.615212
0.843614, -0.111485, 0.525249
0.852219, -0.0404536, 0.521619
0.883342, -0.00702626, 0.468676
0.966175, -0.257772, 0.00766992
0.882255, -0.470367, 0.0195383
0.982842, -0.142665, 0.11691
0.906863, -0.120735, 0.403761
0.831569, 0.159773, 0.531945
-0.526888, 0.603401, 0.598579
-0.510649, 0.659956, 0.551086
-0.434801, 0.575246, 0.692849
-0.372785, 0.439106, 0.817445
-0.387395, 0.16963, 0.906174
-0.326295, -0.01731, 0.94511
-0.0979546, -0.0693243, 0.992773
0.0836447, -0.129134, 0.988093
0.181797, -0.181951, 0.966356
0.264081, -0.21738, 0.939685
0.363948, -0.331983, 0.870247
0.432585, -0.454209, 0.778822
0.474623, -0.534675, 0.699182
0.586122, -0.60776, 0.535806
0.607015, -0.652408, 0.453757
0.44106, -0.649791, 0.619062
0.207835, -0.663917, 0.718345
0.267776, -0.704261, 0.657505
0.304516, -0.732293, 0.609112
0.32217, -0.754779, 0.571415
0.30549, -0.775027, 0.553181
0.167072, -0.798945, 0.577731
0.012122, -0.799141, 0.601022
-0.0216229, -0.800929, 0.598368
-0.0250539, -0.806921, 0.590128
-0.0175898, -0.812525, 0.582661
-0.0126176, -0.811872, 0.5837
-0.0144952, -0.810204, 0.585969
0.000296422, -0.809902, 0.586566
0.0767826, -0.811681, 0.579033
0.14267, -0.814011, 0.563055
0.148786, -0.819944, 0.552769
0.196446, -0.82335, 0.53245
0.348718, -0.803802, 0.481973
0.42627, -0.790422, 0.439917
0.387834, -0.807947, 0.443628
0.334228, -0.828193, 0.449876
0.306202, -0.851686, 0.42529
0.324709, -0.86628, 0.379636
0.324275, -0.888029, 0.32596
0.376339, -0.880816, 0.287283
0.437706, -0.864552, 0.246908
0.359633, -0.914777, 0.183978
0.268693, -0.92413, 0.271639
0.170612, -0.948768, 0.265953
-0.0323357, -0.963177, 0.266915
-0.279012, -0.917643, 0.282989
-0.722047, -0.589082, 0.362809
-0.962667, -0.122913, 0.241175
-0.807134, -0.220374, 0.547695
-0.560172, -0.118823, 0.81981
-0.36833, -0.0366586, 0.928972
-0.165882, 0.0152433, 0.986028
-0.106385, -0.035697, 0.993684
0.0712707, -0.105354, 0.991877
0.466593, -0.176595, 0.866663
0.670143, -0.187138, 0.718254
0.766723, -0.189945, 0.613235
0.850591, -0.166888, 0.498641
0.865771, -0.13798, 0.481044
0.844514, -0.0508795, 0.533111
0.992941, -0.0589494, 0.102922
0.886276, -0.462801, 0.0181815
0.973706, -0.227645, 0.00858896
0.96213, -0.234678, 0.138683
-0.611759, 0.552363, 0.566256
-0.625797, 0.493816, 0.603758
-0.613808, 0.357494, 0.703874
-0.573766, 0.138931, 0.80715
-0.327642, 0.161055, 0.930974
-0.0970889, 0.147982, 0.984213
-0.0111936, 0.0982314, 0.995101
0.0872568, 0.0857506, 0.992488
0.172124, 0.0479529, 0.983907
0.223264, 0.00700772, 0.974733
0.397278, -0.0770845, 0.914455
0.527872, -0.177278, 0.830617
0.517045, -0.260331, 0.815409
0.612222, -0.423643, 0.667616
0.578075, -0.549114, 0.603575
0.373582, -0.469007, 0.800293
0.200317, -0.52243, 0.828818
0.21493, -0.590115, 0.778184
0.246786, -0.644924, 0.723304
0.299734, -0.68664, 0.662333
0.196271, -0.73183, 0.652612
0.0134849, -0.73493, 0.678008
-0.0547553, -0.735352, 0.67547
-0.0642523, -0.73778, 0.671977
-0.033437, -0.743291, 0.668132
-0.000987414, -0.74264, 0.66969
0, -0.736799, 0.676112
0.0130916, -0.732712, 0.680413
0.094092, -0.733693, 0.672935
0.164335, -0.734623, 0.658273
0.167352, -0.736652, 0.655238
0.211267, -0.736896, 0.642145
0.347194, -0.728911, 0.590038
0.431733, -0.734807, 0.52313
0.453302, -0.746778, 0.486661
0.436178, -0.759785, 0.482158
0.378715, -0.784913, 0.490395
0.335396, -0.807234, 0.485677
0.320641, -0.821461, 0.471584
0.304711, -0.842628, 0.443993
0.27148, -0.872133, 0.407041
0.245215, -0.900306, 0.359611
0.248996, -0.921921, 0.296755
0.216906, -0.945683, 0.242146
0.0436256, -0.965862, 0.255359
-0.354661, -0.892248, 0.27948
-0.501763, -0.815106, 0.289546
-0.803896, -0.309698, 0.507778
-0.668027, -0.0787329, 0.73996
-0.490624, 0.0351802, 0.870661
-0.307097, 0.119279, 0.944174
-0.23777, 0.130222, 0.962553
-0.158847, 0.122371, 0.97969
0.0255324, 0.148782, 0.98854
0.402331, 0.0587425, 0.913608
0.658297, -0.00851632, 0.75271
0.76352, -0.0919376, 0.639206
0.852955, -0.111208, 0.510001
0.881769, -0.153441, 0.446026
0.871216, -0.070728, 0.485778
0.878957, -0.013586, 0.476708
0.971729, -0.235997, 0.00694909
0.903758, -0.427823, 0.0137472
0.960642, -0.277756, 0.00423705
-0.812793, 0.43219, 0.390614
-0.822875, 0.432656, 0.368355
-0.723174, 0.333525, 0.604798
-0.625847, 0.270441, 0.731558
-0.360895, 0.320515, 0.8758
-0.199324, 0.24806, 0.948017
-0.00326032, 0.26115, 0.965293
0.119669, 0.26653, 0.956369
0.174457, 0.243341, 0.954123
0.242424, 0.215301, 0.945979
0.273393, 0.181879, 0.944551
0.369821, 0.0629696, 0.926967
0.495206, -0.0286951, 0.868302
0.488049, -0.0698873, 0.870014
0.600113, -0.261467, 0.755976
0.50766, -0.297268, 0.808649
0.143184, -0.258263, 0.955405
0.14057, -0.319411, 0.937132
0.181347, -0.414621, 0.891741
0.176714, -0.508948, 0.842463
0.0978824, -0.591138, 0.800609
-0.02474, -0.596381, 0.80232
-0.0740226, -0.599557, 0.796901
-0.060005, -0.603042, 0.795449
-0.0192904, -0.605878, 0.795324
0.0214559, -0.608882, 0.792971
0.0237365, -0.60719, 0.794202
0.0288474, -0.604478, 0.796099
0.111807, -0.60752, 0.786396
0.193511, -0.609994, 0.768415
0.202721, -0.61021, 0.765864
0.238131, -0.607281, 0.75796
0.355231, -0.605823, 0.711892
0.424654, -0.618337, 0.661308
0.429712, -0.648153, 0.628685
0.386933, -0.69476, 0.606294
0.331306, -0.736276, 0.590028
0.366311, -0.751596, 0.548562
0.379609, -0.762162, 0.524411
0.377599, -0.776418, 0.504574
0.379686, -0.789821, 0.481686
0.322129, -0.81735, 0.477674
0.258579, -0.843813, 0.47023
0.150334, -0.877605, 0.455202
-0.0592737, -0.897881, 0.43623
-0.457479, -0.761331, 0.459443
-0.771271, -0.353218, 0.529508
-0.737498, -0.0882442, 0.669559
-0.565753, -0.00221933, 0.824572
-0.377835, 0.155978, 0.91264
-0.273438, 0.212005, 0.938235
-0.169864, 0.266623, 0.948714
-0.0927206, 0.32433, 0.941389
-0.014528, 0.331915, 0.943197
0.30147, 0.260216, 0.91728
0.552332, 0.154729, 0.819139
0.707547, 0.0604628, 0.704075
0.827756, 0.0145647, 0.560899
0.888546, -0.0678767, 0.453738
0.902001, -0.0477475, 0.429086
0.872474, 0.0482329, 0.486274
0.9961, -0.00404813, 0.0881377
0.901211, -0.433155, 0.0139602
0.9998, -0.00387004, -0.0196309
0.991532, -0.128883, -0.015899
-0.916942, 0.133072, 0.376177
-0.892312, 0.347413, 0.288241
-0.85991, 0.428141, 0.277938
-0.811235, 0.409743, 0.417144
-0.630199, 0.492782, 0.600012
-0.420689, 0.502303, 0.755455
-0.218985, 0.471972, 0.853984
-0.00898431, 0.496061, 0.868241
0.0537176, 0.447651, 0.892593
0.0980764, 0.377718, 0.920712
0.138261, 0.345991, 0.927995
0.208686, 0.315734, 0.925615
0.30573, 0.279228, 0.910253
0.403989, 0.194007, 0.893954
0.455489, 0.0785318, 0.886771
0.517538, 0.0290234, 0.855168
0.483868, -0.148004, 0.862535
0.251829, -0.0446086, 0.966743
0.0185498, -0.034548, 0.999231
-0.0151538, -0.131632, 0.991183
0.052073, -0.238387, 0.969773
0.0676768, -0.31575, 0.946426
-0.0363243, -0.326432, 0.944523
-0.112554, -0.318853, 0.941097
-0.100488, -0.33154, 0.938074
-0.0477849, -0.356619, 0.933027
0.00370098, -0.38704, 0.922055
0.0132967, -0.407448, 0.913131
0.0257816, -0.414384, 0.909737
0.122825, -0.420446, 0.898966
0.223416, -0.426375, 0.876521
0.241258, -0.427876, 0.871044
0.270994, -0.430573, 0.860912
0.3932, -0.435279, 0.809892
0.48616, -0.436932, 0.756795
0.495059, -0.448831, 0.743954
0.442103, -0.488332, 0.752381
0.373337, -0.496182, 0.783851
0.364707, -0.500618, 0.785092
0.369993, -0.5479, 0.750274
0.348601, -0.578497, 0.73744
0.309588, -0.636448, 0.706462
0.300807, -0.674129, 0.674585
0.331753, -0.684552, 0.649098
0.246217, -0.723368, 0.64507
0.0826247, -0.746468, 0.660271
-0.218066, -0.638368, 0.738196
-0.60183, -0.241509, 0.761232
-0.64997, -0.0908017, 0.754515
-0.484469, 0.0464125, 0.873576
-0.276318, 0.102884, 0.955543
-0.191483, 0.1839, 0.964113
-0.106516, 0.245279, 0.963583
-0.081209, 0.265029, 0.960815
-0.0677562, 0.330212, 0.941472
0.188663, 0.310119, 0.93179
0.496185, 0.252472, 0.830698
0.690295, 0.19538, 0.696649
0.801813, 0.144095, 0.579941
0.879225, 0.0581062, 0.472849
0.9141, 0.0143712, 0.405235
0.894535, 0.078994, 0.439963
0.920939, 0.105549, 0.375142
0.984916, -0.171838, -0.0203132
0.967687, -0.251871, -0.0119173
0.991532, -0.128883, -0.015899
-0.919588, 0.0185953, 0.392444
-0.891799, -0.0884927, 0.443694
-0.906901, 0.219713, 0.359523
-0.87061, 0.327324, 0.367285
-0.745857, 0.432764, 0.506372
-0.561545, 0.496562, 0.661886
-0.300152, 0.613931, 0.730066
-0.0839979, 0.620708, 0.779529
-0.0739651, 0.548424, 0.832922
0.0108399, 0.493141, 0.869882
0.141127, 0.46269, 0.875215
0.170587, 0.464977, 0.868733
0.203308, 0.439906, 0.874728
0.249662, 0.3787, 0.89121
0.29384, 0.285402, 0.912252
0.400418, 0.186853, 0.897079
0.473667, 0.0502668, 0.879268
0.32006, 0.107279, 0.941304
0.0317344, 0.132577, 0.990665
-0.0796325, 0.12227, 0.989297
-0.0588274, 0.0699947, 0.995811
-0.0175943, -0.0147681, 0.999736
-0.0551571, -0.0724001, 0.995849
-0.116133, -0.0775135, 0.990204
-0.135594, -0.0912207, 0.986556
-0.109671, -0.113021, 0.987521
-0.0564196, -0.142646, 0.988164
-0.017046, -0.167816, 0.985671
0.0195295, -0.192212, 0.981159
0.125504, -0.221345, 0.967086
0.233962, -0.242748, 0.941454
0.250587, -0.254416, 0.934065
0.266861, -0.265568, 0.926423
0.393945, -0.283004, 0.87448
0.495289, -0.296287, 0.816641
0.500416, -0.307384, 0.809382
0.50402, -0.320477, 0.802034
0.510963, -0.289405, 0.80942
0.504632, -0.228628, 0.832511
0.502031, -0.186103, 0.844589
0.490723, -0.166273, 0.855304
0.482654, -0.10977, 0.868905
0.490393, -0.0684318, 0.86881
0.404323, -0.08585, 0.910578
0.171614, -0.292681, 0.940684
0.089677, -0.287645, 0.953529
-0.241795, -0.260256, 0.934774
-0.579926, -0.216779, 0.785298
-0.548862, -0.134995, 0.82494
-0.37116, -0.0227459, 0.92829
-0.234143, -0.0206027, 0.971984
-0.106336, 0.0689562, 0.991936
-0.0720488, 0.10767, 0.991573
0.023408, 0.155975, 0.987484
0.0420542, 0.24647, 0.968238
0.214106, 0.327556, 0.920253
0.473324, 0.316558, 0.822043
0.653871, 0.262994, 0.709427
0.767717, 0.189147, 0.612237
0.852516, 0.130925, 0.506039
0.912854, 0.0529411, 0.404838
0.907015, 0.087205, 0.411969
0.895141, 0.136624, 0.424331
0.999977, 0.00169283, 0.00655222
0.995481, -0.0948388, -0.00478903
-0.899102, -0.142992, 0.413726
-0.889262, -0.204861, 0.408957
-0.85044, -0.208182, 0.483127
-0.866026, 0.0255937, 0.499344
-0.806105, 0.187781, 0.561189
-0.57413, 0.323812, 0.752011
-0.274956, 0.490384, 0.826996
-0.233993, 0.503757, 0.83155
-0.191878, 0.531389, 0.825111
-0.0714691, 0.537014, 0.84054
0.0776273, 0.49381, 0.866098
0.163043, 0.48016, 0.861895
0.163024, 0.479675, 0.862169
0.173334, 0.459354, 0.871177
0.196836, 0.431604, 0.880326
0.231371, 0.351378, 0.907194
0.402156, 0.250157, 0.880734
0.351489, 0.261269, 0.898996
0.0409651, 0.273507, 0.960997
-0.094219, 0.256165, 0.96203
-0.126152, 0.20641, 0.970299
-0.116602, 0.150382, 0.981728
-0.125119, 0.0950052, 0.987583
-0.151117, 0.07159, 0.98592
-0.158379, 0.0520997, 0.986003
-0.121378, 0.04321, 0.991665
-0.0698662, 0.0376536, 0.996845
-0.0532141, 0.0302479, 0.998125
-0.0449036, 0.00598654, 0.998973
0.0669298, -0.032983, 0.997212
0.206291, -0.0793801, 0.975265
0.241743, -0.0972248, 0.965457
0.255663, -0.108455, 0.960663
0.380586, -0.129901, 0.915577
0.507306, -0.154453, 0.847812
0.533926, -0.160678, 0.830124
0.540867, -0.165569, 0.824651
0.559213, -0.172386, 0.810903
0.562365, -0.164668, 0.810327
0.536436, -0.149005, 0.830683
0.540153, -0.122481, 0.832606
0.545044, -0.0828092, 0.834308
0.478318, -0.0506502, 0.876725
0.210147, -0.196852, 0.957647
0.114409, -0.28565, 0.95148
0.155745, -0.226189, 0.961552
-0.300645, -0.26757, 0.915434
-0.551805, -0.187141, 0.812705
-0.483409, -0.0386549, 0.874541
-0.339396, -0.00858759, 0.940605
-0.163871, 0.0665997, 0.984231
-0.0258315, 0.113896, 0.993157
0.00412784, 0.149973, 0.988681
0.101647, 0.226201, 0.968763
0.167778, 0.25732, 0.95165
0.309299, 0.359775, 0.880282
0.471626, 0.362689, 0.803758
0.616047, 0.331902, 0.714372
0.740887, 0.268543, 0.615606
0.825076, 0.235324, 0.513685
0.901913, 0.15937, 0.401441
0.910607, 0.172806, 0.375411
0.887836, 0.213525, 0.407619
0.998939, 0.045558, 0.00666848
0.999216, 0.0390039, 0.00673941
-0.923957, -0.0876216, 0.372325
-0.910811, -0.165982, 0.377986
-0.899658, -0.111856, 0.422024
-0.858587, -0.171415, 0.483162
-0.805035, -0.182789, 0.564365
-0.71131, 0.0193658, 0.702611
-0.523397, 0.210205, 0.825754
-0.220682, 0.254897, 0.94145
-0.0509923, 0.332217, 0.941824
-0.0648073, 0.477789, 0.876081
-0.102258, 0.531171, 0.841071
0.0193043, 0.517867, 0.855243
0.143109, 0.496683, 0.856052
0.165388, 0.497405, 0.851607
0.164549, 0.501795, 0.849191
0.119509, 0.499449, 0.858061
0.142327, 0.472205, 0.869923
0.34754, 0.426223, 0.835195
0.325742, 0.401984, 0.855746
0.027231, 0.399951, 0.916132
-0.152803, 0.350722, 0.923929
-0.191131, 0.315055, 0.929629
-0.16242, 0.287747, 0.943833
-0.155789, 0.25289, 0.95487
-0.170508, 0.232603, 0.957509
-0.17376, 0.218418, 0.960261
-0.131964, 0.201746, 0.970507
-0.0760531, 0.1856, 0.979678
-0.0599063, 0.181165, 0.981626
-0.0636237, 0.176721, 0.982202
0.0165893, 0.176154, 0.984223
0.162264, 0.135028, 0.977465
0.228546, 0.120856, 0.966002
0.238129, 0.107162, 0.965304
0.354188, 0.0831857, 0.931467
0.491353, 0.0337708, 0.870306
0.527696, 0.0139272, 0.849319
0.53357, -0.0053052, 0.845739
0.546769, -0.0274345, 0.836834
0.556185, -0.0437588, 0.829906
0.56695, -0.0378364, 0.822883
0.576405, -0.0138904, 0.817046
0.569817, -0.0104654, 0.821705
0.368598, -0.0433225, 0.928579
0.0835585, -0.221681, 0.971533
0.136748, -0.19973, 0.970262
0.0777298, -0.217765, 0.972901
-0.266468, -0.268469, 0.925699
-0.409378, -0.130409, 0.902997
-0.364136, 0.0514092, 0.929926
-0.251938, 0.130017, 0.95897
-0.083708, 0.240877, 0.966939
-0.000645917, 0.256721, 0.966485
0.0751266, 0.293927, 0.952871
0.163476, 0.359577, 0.918684
0.234392, 0.378072, 0.895613
0.376259, 0.426621, 0.82245
0.48087, 0.42684, 0.765879
0.605011, 0.397136, 0.690105
0.724251, 0.359672, 0.5883
0.808944, 0.311814, 0.498379
0.890646, 0.244868, 0.383132
0.902459, 0.242808, 0.355826
0.875271, 0.277582, 0.396042
0.997543, 0.0697144, 0.00698951
0.989954, 0.116586, 0.0799873
-0.929086, -0.00691957, 0.369799
-0.931241, -0.00870538, 0.364301
-0.907846, 0.00494181, 0.419274
-0.875689, -0.0602662, 0.4791
-0.795793, 0.0277513, 0.604933
-0.598104, 0.0770653, 0.797705
-0.423441, 0.25507, 0.869274
-0.223906, 0.299973, 0.927298
0.0521352, 0.332249, 0.94175
0.118071, 0.3746, 0.919638
-0.0190168, 0.497788, 0.86709
-0.0102622, 0.560446, 0.828128
0.117921, 0.531162, 0.839024
0.168862, 0.513667, 0.841208
0.172455, 0.511117, 0.842032
0.141404, 0.51585, 0.844928
0.115314, 0.537792, 0.835154
0.281054, 0.520702, 0.80615
0.279534, 0.505314, 0.816406
-0.0207447, 0.478624, 0.877775
-0.179172, 0.441041, 0.87942
-0.200187, 0.436093, 0.877353
-0.195797, 0.415523, 0.888259
-0.189986, 0.384929, 0.90318
-0.187182, 0.374004, 0.908341
-0.194176, 0.371507, 0.907898
-0.165621, 0.366614, 0.915513
-0.0988867, 0.359188, 0.928012
-0.0636759, 0.367236, 0.927946
-0.0528567, 0.380366, 0.923324
0.00599478, 0.397967, 0.91738
0.129428, 0.380347, 0.915742
0.203533, 0.369734, 0.906571
0.207747, 0.360204, 0.909447
0.295892, 0.344588, 0.890902
0.444107, 0.282314, 0.850334
0.504579, 0.258079, 0.82389
0.510991, 0.238165, 0.825933
0.53635, 0.213292, 0.8166
0.568154, 0.186539, 0.801502
0.580365, 0.17196, 0.795994
0.57929, 0.154473, 0.800351
0.525369, 0.147621, 0.837971
0.218635, 0.00528152, 0.975793
0.00162225, -0.098539, 0.995132
0.127436, -0.092783, 0.987498
0.0213278, -0.122419, 0.992249
-0.239118, -0.141046, 0.960692
-0.255514, -0.0400937, 0.965974
-0.198296, 0.166148, 0.965957
-0.125777, 0.268081, 0.955151
-0.00917865, 0.318907, 0.947741
0.0407197, 0.308725, 0.950279
0.145904, 0.37173, 0.916804
0.218661, 0.410575, 0.885221
0.281379, 0.421675, 0.861984
0.404446, 0.456869, 0.792271
0.480111, 0.448115, 0.754113
0.603776, 0.42942, 0.671605
0.71316, 0.401087, 0.574919
0.791967, 0.352255, 0.498704
0.880509, 0.286664, 0.377528
0.90218, 0.25921, 0.344791
0.873273, 0.307018, 0.378332
0.946698, 0.231344, 0.224148
0.968932, 0.193277, 0.154322
-0.914556, 0.0888672, 0.394575
-0.921104, 0.154108, 0.357516
-0.911289, 0.142428, 0.386351
-0.876746, 0.112245, 0.467673
-0.776112, 0.196999, 0.599034
-0.604817, 0.252504, 0.755274
-0.347367, 0.299611, 0.888577
-0.184439, 0.382802, 0.905232
0.0214926, 0.385308, 0.922538
0.199031, 0.377978, 0.904168
0.205994, 0.453933, 0.866897
0.0631298, 0.561762, 0.824886
0.0452467, 0.57368, 0.817829
0.127817, 0.538607, 0.832806
0.1661, 0.522392, 0.836372
0.164603, 0.514893, 0.841303
0.15586, 0.532316, 0.832074
0.28334, 0.556053, 0.78136
0.235532, 0.578396, 0.781014
-0.0455722, 0.555623, 0.830185
-0.171962, 0.532263, 0.82893
-0.208126, 0.5243, 0.825707
-0.222182, 0.511412, 0.830116
-0.202376, 0.50098, 0.841465
-0.174256, 0.504486, 0.845653
-0.171483, 0.521037, 0.83613
-0.149084, 0.536673, 0.830515
-0.0808569, 0.545019, 0.834515
-0.0294797, 0.565348, 0.824326
-0.0205192, 0.579228, 0.814907
0.00486314, 0.58961, 0.807673
0.0993366, 0.582745, 0.806561
0.174787, 0.573372, 0.800434
0.181264, 0.569079, 0.802055
0.23501, 0.56181, 0.793184
0.37006, 0.514559, 0.773488
0.447569, 0.483032, 0.75257
0.453242, 0.465418, 0.760236
0.468218, 0.442967, 0.764561
0.495519, 0.403624, 0.769122
0.518348, 0.364645, 0.77353
0.533569, 0.329991, 0.778724
0.392132, 0.311959, 0.865398
0.0327895, 0.132564, 0.990632
-0.0440927, 0.135367, 0.989814
0.110058, 0.170287, 0.979229
-0.000653641, 0.116627, 0.993176
-0.193234, 0.0529704, 0.979722
-0.0538062, 0.113561, 0.992073
0.0163521, 0.226307, 0.973919
-0.064363, 0.317966, 0.945915
-0.0377191, 0.303696, 0.952022
0.0730049, 0.310546, 0.947751
0.223417, 0.376652, 0.899009
0.244302, 0.397584, 0.884445
0.328513, 0.425101, 0.843427
0.442747, 0.46282, 0.767967
0.499278, 0.460754, 0.733776
0.622378, 0.450153, 0.640319
0.711529, 0.427468, 0.557672
0.787171, 0.381088, 0.484905
0.869795, 0.323557, 0.372516
0.899844, 0.275382, 0.338297
0.88198, 0.308942, 0.355901
0.934691, 0.273216, 0.22739
0.937956, 0.266053, 0.222384
-0.861295, 0.0278331, 0.507342
-0.884345, -0.00399421, 0.466817
-0.900177, 0.211985, 0.380453
-0.892886, 0.283895, 0.349512
-0.875491, 0.239047, 0.419966
-0.761374, 0.335609, 0.554686
-0.596097, 0.390687, 0.70145
-0.365091, 0.441998, 0.819357
-0.154861, 0.507626, 0.847546
0.00867519, 0.44524, 0.895369
0.211377, 0.486039, 0.847989
0.275568, 0.506874, 0.816787
0.198344, 0.506119, 0.839347
0.0715137, 0.564859, 0.822082
0.0690104, 0.564097, 0.82282
0.128607, 0.547857, 0.826627
0.155399, 0.55, 0.82058
0.193444, 0.578693, 0.792271
0.34434, 0.598449, 0.723386
0.260139, 0.630519, 0.731282
-0.0574158, 0.646611, 0.760656
-0.169569, 0.642634, 0.747173
-0.194841, 0.634862, 0.747654
-0.209014, 0.628411, 0.749275
-0.189145, 0.629864, 0.753323
-0.139716, 0.642448, 0.753486
-0.123593, 0.656598, 0.744046
-0.122912, 0.665641, 0.73608
-0.0601221, 0.674071, 0.736215
-0.00660762, 0.682779, 0.730595
-0.00771079, 0.686105, 0.727462
0.00107908, 0.690534, 0.723299
0.0735963, 0.690526, 0.719554
0.147671, 0.681607, 0.716662
0.158658, 0.67699, 0.718688
0.187148, 0.670661, 0.717767
0.300464, 0.640756, 0.706508
0.388097, 0.608911, 0.691815
0.395869, 0.596751, 0.69798
0.40213, 0.58144, 0.707262
0.424617, 0.550879, 0.718494
0.450639, 0.518933, 0.726383
0.455993, 0.495655, 0.739186
0.231488, 0.464909, 0.85456
-0.0366804, 0.344102, 0.938216
0.0489186, 0.40313, 0.913834
0.0980322, 0.419237, 0.902569
-0.12374, 0.303048, 0.944908
-0.247544, 0.211187, 0.94558
-0.0469575, 0.276892, 0.959753
0.0775535, 0.238051, 0.968151
-0.0181813, 0.255747, 0.966573
-0.0275447, 0.233546, 0.971956
0.145056, 0.310629, 0.939398
0.275746, 0.344804, 0.897259
0.305005, 0.36339, 0.880295
0.40779, 0.428719, 0.806168
0.484961, 0.466471, 0.739741
0.523865, 0.467804, 0.711846
0.637604, 0.465943, 0.61348
0.709759, 0.445222, 0.545912
0.78016, 0.403778, 0.477822
0.85434, 0.363343, 0.371598
0.889691, 0.307951, 0.337069
0.893283, 0.307641, 0.327724
0.931444, 0.293307, 0.215369
0.934466, 0.290007, 0.206563
-0.854715, 0.0475733, 0.516913
-0.835501, 0.0595717, 0.54625
-0.862017, 0.230252, 0.451564
-0.873271, 0.345045, 0.344008
-0.849683, 0.388626, 0.356382
-0.74457, 0.468622, 0.475404
-0.615033, 0.52194, 0.591027
-0.330729, 0.591599, 0.735275
-0.242761, 0.591273, 0.769066
-0.0496871, 0.627135, 0.777324
0.275351, 0.562554, 0.779561
0.224672, 0.567382, 0.792212
0.158795, 0.557512, 0.81484
0.148594, 0.546062, 0.824461
0.090739, 0.598845, 0.795708
0.129637, 0.614502, 0.778191
0.210694, 0.605295, 0.76761
0.255668, 0.636544, 0.72763
0.356108, 0.653477, 0.667948
0.29089, 0.69288, 0.659773
0.0268588, 0.746629, 0.664699
-0.119752, 0.762313, 0.636034
-0.179303, 0.752567, 0.633635
-0.190856, 0.747572, 0.636168
-0.160737, 0.757736, 0.632456
-0.110379, 0.77481, 0.622484
-0.0978044, 0.779873, 0.618249
-0.101683, 0.781199, 0.615946
-0.0579492, 0.784056, 0.617979
-0.0101157, 0.783434, 0.621393
-0.00212217, 0.783267, 0.621682
0.00420639, 0.783655, 0.621181
0.054679, 0.784934, 0.617162
0.11513, 0.776977, 0.618912
0.128734, 0.772926, 0.621299
0.144815, 0.768604, 0.623118
0.235174, 0.752897, 0.614687
0.323823, 0.725728, 0.607007
0.337847, 0.711964, 0.615603
0.330814, 0.698399, 0.634666
0.345436, 0.665397, 0.661757
0.38232, 0.63083, 0.675193
0.36919, 0.591129, 0.717123
0.101272, 0.556817, 0.824439
-0.064915, 0.496502, 0.865605
0.0588227, 0.525623, 0.848682
-0.0263873, 0.457184, 0.88898
-0.257295, 0.297463, 0.91941
-0.228202, 0.308185, 0.923551
-0.037627, 0.371046, 0.927852
-0.0150179, 0.305161, 0.952182
-0.0676528, 0.257247, 0.963974
0.0349445, 0.293521, 0.955314
0.226549, 0.377039, 0.898063
0.303587, 0.379736, 0.873862
0.383745, 0.385233, 0.839247
0.496664, 0.436972, 0.74992
0.523362, 0.456982, 0.719208
0.559587, 0.466297, 0.68515
0.660708, 0.479196, 0.577785
0.711401, 0.459854, 0.531453
0.785072, 0.429224, 0.446574
0.846687, 0.392785, 0.358943
0.87274, 0.354337, 0.335812
0.891421, 0.340178, 0.299412
0.936386, 0.303227, 0.176734
0.93291, 0.320199, 0.164779
-0.817835, 0.104307, 0.56592
-0.840233, 0.0869162, 0.535214
-0.794912, 0.285197, 0.535517
-0.843723, 0.353841, 0.403643
-0.787977, 0.531756, 0.310366
-0.745156, 0.552047, 0.374149
-0.616569, 0.635449, 0.464809
-0.425918, 0.703837, 0.568513
-0.16861, 0.74241, 0.648382
-0.0995772, 0.770895, 0.629131
0.0563027, 0.733275, 0.677597
0.231363, 0.653872, 0.720363
0.137976, 0.666536, 0.732593
0.141645, 0.643911, 0.751874
0.181867, 0.67137, 0.718462
0.130041, 0.680371, 0.721238
0.199714, 0.643406, 0.739015
0.309965, 0.651884, 0.692076
0.433456, 0.663561, 0.609756
0.388648, 0.720663, 0.574107
0.139152, 0.80666, 0.574401
-0.0517096, 0.819971, 0.570064
-0.151375, 0.826497, 0.542207
-0.15514, 0.834979, 0.52796
-0.113289, 0.845786, 0.521355
-0.0762153, 0.852179, 0.51767
-0.0782959, 0.857625, 0.508281
-0.0937811, 0.859522, 0.502421
-0.0658716, 0.866246, 0.495255
-0.0210569, 0.867819, 0.496435
-0.00785692, 0.869634, 0.493635
-0.00256685, 0.870436, 0.492274
0.0297615, 0.871976, 0.488643
0.0783668, 0.866559, 0.492884
0.0986744, 0.863565, 0.494489
0.108141, 0.861223, 0.496589
0.169211, 0.853394, 0.493038
0.236076, 0.836566, 0.494394
0.246978, 0.824558, 0.509025
0.221641, 0.813512, 0.537655
0.229761, 0.783328, 0.577587
0.255687, 0.736037, 0.626797
0.243142, 0.6756, 0.696022
0.0237223, 0.629227, 0.77686
-0.0807722, 0.620066, 0.78038
-0.0208948, 0.612974, 0.789827
-0.208232, 0.430794, 0.878098
-0.301027, 0.314381, 0.900304
-0.169472, 0.392498, 0.904005
-0.0733169, 0.407051, 0.910458
-0.0828575, 0.397237, 0.913968
-0.0354344, 0.426545, 0.903772
0.131014, 0.514209, 0.847599
0.251535, 0.543484, 0.800847
0.281471, 0.53918, 0.793763
0.394692, 0.542999, 0.741195
0.497904, 0.550169, 0.670378
0.519512, 0.543698, 0.659166
0.584978, 0.545969, 0.599766
0.657528, 0.549214, 0.515772
0.699576, 0.524121, 0.485686
0.756096, 0.519656, 0.397841
0.813681, 0.473538, 0.337173
0.834763, 0.460172, 0.302344
0.865119, 0.436958, 0.246245
0.926434, 0.362532, 0.101444
0.908639, 0.400688, 0.117577
-0.799484, 0.161141, 0.57867
-0.772676, 0.165784, 0.612771
-0.715698, 0.312703, 0.624494
-0.736369, 0.417317, 0.532548
-0.758236, 0.538461, 0.36761
-0.726296, 0.616345, 0.304323
-0.577157, 0.751122, 0.320476
-0.38702, 0.851097, 0.354754
-0.226053, 0.87806, 0.421794
-0.11121, 0.868488, 0.483075
-0.0687096, 0.869349, 0.4894
0.0301079, 0.851964, 0.522734
0.0935595, 0.825458, 0.556656
0.121662, 0.812214, 0.570531
0.148714, 0.752487, 0.641597
0.0613547, 0.721337, 0.689861
0.153234, 0.730191, 0.665838
0.3469, 0.703323, 0.620481
0.498204, 0.681678, 0.535825
0.509162, 0.697597, 0.504095
0.245552, 0.81335, 0.527415
0.0458674, 0.846111, 0.53103
-0.0378599, 0.868243, 0.494693
-0.107254, 0.875618, 0.470945
-0.109694, 0.886091, 0.450343
-0.0602082, 0.893247, 0.445516
-0.0363304, 0.899284, 0.435854
-0.0481129, 0.906272, 0.419948
-0.0425463, 0.912935, 0.405882
-0.0164897, 0.914957, 0.403214
0.00317472, 0.918318, 0.395831
0.00390566, 0.92118, 0.389117
0.013129, 0.922994, 0.384589
0.0446079, 0.921199, 0.386525
0.070356, 0.919222, 0.387402
0.0758346, 0.917966, 0.389341
0.113536, 0.914408, 0.388545
0.161626, 0.901105, 0.40235
0.163893, 0.891248, 0.422866
0.114509, 0.884392, 0.452481
0.0671012, 0.862126, 0.502232
0.0630913, 0.828025, 0.55713
0.0777323, 0.785305, 0.61421
-0.0154284, 0.722216, 0.691495
-0.0787794, 0.704989, 0.704829
-0.22984, 0.582924, 0.779342
-0.421865, 0.352243, 0.835437
-0.309572, 0.373512, 0.874445
-0.128675, 0.452726, 0.882316
-0.0405785, 0.551375, 0.83327
0.0104992, 0.572954, 0.81952
0.100681, 0.608119, 0.787435
0.202811, 0.653389, 0.72935
0.24411, 0.65178, 0.718048
0.289143, 0.649243, 0.703477
0.397389, 0.666096, 0.631188
0.46955, 0.654708, 0.592351
0.496227, 0.644373, 0.581844
0.573972, 0.641025, 0.509552
0.632201, 0.623225, 0.46034
0.684965, 0.598516, 0.415454
0.733139, 0.594148, 0.3309
0.777302, 0.560062, 0.286587
0.796883, 0.551896, 0.24574
0.836614, 0.521315, 0.168247
0.84575, 0.528657, 0.0723089
0.86517, 0.496695, 0.0690961
-0.747747, 0.241443, 0.61853
-0.779123, 0.22943, 0.583377
-0.655158, 0.299957, 0.693393
-0.666029, 0.405655, 0.625979
-0.672606, 0.452876, 0.585239
-0.585176, 0.707245, 0.396704
-0.560669, 0.76341, 0.320709
-0.491669, 0.817654, 0.299505
-0.374458, 0.879549, 0.293555
-0.211428, 0.927126, 0.309412
-0.071891, 0.941376, 0.32961
-0.0387702, 0.939669, 0.33988
-0.0326923, 0.932484, 0.35973
-0.0746608, 0.915489, 0.395356
-0.0727019, 0.895373, 0.439343
0.0479418, 0.870554, 0.489732
0.155183, 0.839796, 0.520251
0.292432, 0.784037, 0.547512
0.484576, 0.715297, 0.503523
0.564716, 0.675779, 0.47373
0.38445, 0.773961, 0.503172
0.163329, 0.835774, 0.524219
0.0549136, 0.862683, 0.502756
-0.00698138, 0.876592, 0.481183
-0.044737, 0.886942, 0.45971
-0.0459477, 0.89994, 0.433586
-0.000353594, 0.912097, 0.409973
0.00536896, 0.918006, 0.39653
-0.0184101, 0.92376, 0.38253
-0.00430792, 0.932172, 0.361989
0.024784, 0.93878, 0.343625
0.0246174, 0.941037, 0.337407
0.0141559, 0.94274, 0.333227
0.0277015, 0.945054, 0.325739
0.0513282, 0.945313, 0.3221
0.0569159, 0.944217, 0.324369
0.0532343, 0.94313, 0.328133
0.0668063, 0.937644, 0.341116
0.084738, 0.929302, 0.359468
0.0226985, 0.919543, 0.392334
-0.0401014, 0.901494, 0.43093
-0.0459107, 0.886616, 0.460222
-0.0772291, 0.850587, 0.520132
-0.151156, 0.782369, 0.604194
-0.269215, 0.71398, 0.64634
-0.471675, 0.518523, 0.713202
-0.474472, 0.394819, 0.786761
-0.22164, 0.456881, 0.861473
0.0668241, 0.562482, 0.824105
0.10539, 0.662666, 0.741463
0.0160433, 0.689707, 0.723911
0.118113, 0.716652, 0.687357
0.202385, 0.726163, 0.65706
0.222622, 0.727708, 0.648753
0.313824, 0.73311, 0.603377
0.404685, 0.73797, 0.540028
0.43355, 0.726927, 0.532552
0.489692, 0.714287, 0.499995
0.558438, 0.707362, 0.433342
0.605781, 0.686094, 0.40287
0.657236, 0.680071, 0.324874
0.705704, 0.655281, 0.269423
0.726206, 0.64703, 0.232329
0.764421, 0.62029, 0.175786
0.815736, 0.572762, 0.0807371
0.807076, 0.589567, 0.0322372
0.847894, 0.527816, 0.0498619
-0.745669, 0.294835, 0.597537
-0.683481, 0.326546, 0.652856
-0.635529, 0.323371, 0.701095
-0.666493, 0.323107, 0.671855
-0.639311, 0.324047, 0.697334
-0.545436, 0.436236, 0.71568
-0.482825, 0.654473, 0.581846
-0.349321, 0.822482, 0.448885
-0.316744, 0.873719, 0.369172
-0.31542, 0.887574, 0.335743
-0.220117, 0.916338, 0.334475
-0.0902136, 0.939735, 0.329786
-0.0865923, 0.941093, 0.326874
-0.114198, 0.937726, 0.328068
-0.15178, 0.932977, 0.326369
-0.182663, 0.921427, 0.342939
-0.102532, 0.92507, 0.365695
0.0736426, 0.909179, 0.409841
0.356475, 0.81477, 0.457247
0.577685, 0.669989, 0.466256
0.469106, 0.720036, 0.511358
0.262118, 0.794059, 0.548419
0.150839, 0.830352, 0.536436
0.0372447, 0.859062, 0.510515
0.0309041, 0.876646, 0.480143
0.0665944, 0.901483, 0.42766
0.0523391, 0.920268, 0.387772
0.0388201, 0.934726, 0.353244
0.0617018, 0.943759, 0.324825
0.0779934, 0.950957, 0.299329
0.0600707, 0.956185, 0.286534
0.0368375, 0.95928, 0.280046
0.0420758, 0.961873, 0.270242
0.0494872, 0.964445, 0.259609
0.0434802, 0.965706, 0.255971
0.0379796, 0.965703, 0.256856
0.0339027, 0.965028, 0.259945
0.0211553, 0.964274, 0.264061
0.00398237, 0.9582, 0.28607
-0.0511468, 0.947068, 0.316932
-0.0935998, 0.93425, 0.344117
-0.144054, 0.916615, 0.372913
-0.231516, 0.878039, 0.418865
-0.267898, 0.845624, 0.461682
-0.361883, 0.789656, 0.495464
-0.513577, 0.681636, 0.521163
-0.485211, 0.635273, 0.600832
-0.147658, 0.728987, 0.668413
0.172272, 0.762341, 0.623826
0.198849, 0.737681, 0.645202
0.124015, 0.760344, 0.637571
0.167327, 0.784423, 0.597229
0.210696, 0.784375, 0.583406
0.258208, 0.783338, 0.565429
0.342189, 0.790971, 0.50722
0.388522, 0.783784, 0.484493
0.411848, 0.776729, 0.476522
0.482477, 0.7717, 0.414361
0.546824, 0.748778, 0.374586
0.606519, 0.731502, 0.311511
0.647605, 0.720575, 0.247747
0.670716, 0.711491, 0.209572
0.700441, 0.694858, 0.162957
0.760931, 0.641406, 0.0978849
0.814387, 0.579291, 0.0345777
0.885732, 0.462035, 0.0447383
0.916609, 0.250305, 0.311729
-0.0217341, -0.626278, 0.779296
0.118099, -0.699826, 0.704483
0.271079, -0.702609, 0.657918
-0.727336, 0.326989, 0.603375
-0.768011, 0.326002, 0.551255
-0.660921, 0.323267, 0.677261
-0.697147, 0.233198, 0.677942
-0.694768, 0.169013, 0.699094
-0.552786, 0.168856, 0.816036
-0.347897, 0.378102, 0.857908
-0.249926, 0.555765, 0.792882
-0.233013, 0.658517, 0.715584
-0.216024, 0.760379, 0.612501
-0.177017, 0.830632, 0.527935
-0.0852525, 0.861568, 0.500432
-0.02008, 0.87374, 0.485978
-0.0481095, 0.887416, 0.458452
-0.101946, 0.903639, 0.415985
-0.115091, 0.932538, 0.342237
-0.156075, 0.941436, 0.298897
-0.202037, 0.927586, 0.314268
-0.0842843, 0.93506, 0.344323
0.278793, 0.874908, 0.395992
0.478138, 0.732658, 0.484351
0.333467, 0.794709, 0.507186
0.252671, 0.835, 0.488808
0.17176, 0.879856, 0.443116
0.143756, 0.912716, 0.382472
0.173544, 0.926537, 0.333785
0.196982, 0.936265, 0.29087
0.162789, 0.952063, 0.258991
0.114308, 0.96484, 0.23668
0.102422, 0.970973, 0.216149
0.090752, 0.974485, 0.205289
0.0714753, 0.978746, 0.19222
0.0621243, 0.981975, 0.178508
0.0571283, 0.984617, 0.165125
0.043519, 0.987219, 0.153312
0.0260282, 0.989542, 0.141879
0.0174777, 0.99059, 0.135744
-0.0161656, 0.990044, 0.139824
-0.0540621, 0.987789, 0.146114
-0.0950066, 0.978319, 0.184028
-0.133002, 0.96634, 0.220223
-0.180557, 0.948554, 0.260085
-0.232106, 0.928285, 0.290541
-0.251914, 0.916555, 0.310591
-0.327632, 0.881393, 0.340301
-0.457997, 0.819714, 0.34396
-0.385736, 0.856628, 0.342632
-0.1248, 0.909, 0.397673
0.0243297, 0.901518, 0.432057
0.0640816, 0.875403, 0.479128
0.118573, 0.862072, 0.49272
0.167019, 0.856234, 0.488844
0.187087, 0.848834, 0.494449
0.264514, 0.843383, 0.467694
0.335234, 0.837191, 0.432122
0.3567, 0.830447, 0.427928
0.420842, 0.8222, 0.383249
0.477411, 0.809899, 0.340797
0.534749, 0.793787, 0.289734
0.589274, 0.776737, 0.222341
0.625543, 0.758976, 0.180696
0.65027, 0.745917, 0.144075
0.692562, 0.713225, 0.108016
0.752284, 0.655919, 0.06195
0.792173, 0.603428, 0.091304
0.88379, 0.309431, 0.350953
0.578313, -0.499499, 0.645023
0.580977, -0.313249, 0.751226
-0.328931, -0.305767, 0.893482
-0.189681, -0.64207, 0.742811
0.14686, -0.591832, 0.79257
0.382875, -0.781183, 0.493113
0.618554, -0.462655, 0.635092
-0.737983, 0.265732, 0.620296
-0.747704, 0.230412, 0.622775
-0.760651, 0.141065, 0.633649
-0.721102, 0.0722607, 0.689051
-0.47502, 0.195806, 0.857914
-0.220153, 0.352757, 0.909448
-0.145554, 0.43563, 0.88828
-0.131124, 0.525482, 0.84064
-0.108208, 0.577344, 0.809299
-0.0930162, 0.634901, 0.766974
-0.0671686, 0.667367, 0.741694
-0.0209087, 0.67099, 0.741172
0.107503, 0.702881, 0.703137
0.283699, 0.769751, 0.571837
0.28487, 0.856216, 0.43098
0.0423702, 0.930258, 0.364451
-0.125287, 0.945457, 0.300691
-0.16943, 0.948921, 0.266164
-0.165893, 0.946633, 0.276343
0.0635045, 0.954228, 0.292261
0.290992, 0.909267, 0.297584
0.306323, 0.899241, 0.312301
0.303105, 0.905224, 0.297822
0.26762, 0.927133, 0.262305
0.251417, 0.938278, 0.237538
0.253281, 0.943255, 0.214754
0.238206, 0.952848, 0.187985
0.220561, 0.960143, 0.171691
0.184133, 0.968228, 0.169201
0.142219, 0.980138, 0.138215
0.0917159, 0.979619, 0.178701
0.0635811, 0.981859, 0.178632
0.0542619, 0.984689, 0.165663
0.0422306, 0.987252, 0.153458
0.0290108, 0.989202, 0.143657
0.00911499, 0.990226, 0.139172
-0.017591, 0.989907, 0.140622
-0.0551179, 0.986096, 0.156769
-0.0941193, 0.978477, 0.183642
-0.136348, 0.965534, 0.221705
-0.196151, 0.951383, 0.237478
-0.237442, 0.955094, 0.177249
-0.287492, 0.927112, 0.240442
-0.279178, 0.933671, 0.224315
-0.278289, 0.934994, 0.219866
-0.341448, 0.911621, 0.228826
-0.27605, 0.932469, 0.233017
-0.100964, 0.962529, 0.251682
-0.0326138, 0.959536, 0.279691
0.021773, 0.952716, 0.303082
0.0765208, 0.944489, 0.319508
0.137716, 0.931759, 0.335945
0.213639, 0.927884, 0.305598
0.251029, 0.92492, 0.285496
0.294578, 0.918192, 0.264852
0.332625, 0.915752, 0.225298
0.388625, 0.901716, 0.189417
0.448254, 0.883057, 0.138849
0.487442, 0.866507, 0.107541
0.543783, 0.833195, 0.100432
0.626229, 0.772444, 0.105676
0.674072, 0.734295, 0.0802399
0.696246, 0.704525, 0.137426
0.531526, 0.776684, 0.337997
0.216973, 0.458181, 0.86197
0.481216, -0.108073, 0.869915
0.648547, -0.313382, 0.693671
0.439626, -0.165344, 0.882831
-0.533934, -0.0520065, 0.843925
-0.506802, -0.192952, 0.840191
-0.243112, -0.0384042, 0.969238
0.0490703, -0.156911, 0.986393
0.444302, -0.177137, 0.87819
0.872852, -0.313238, 0.37418
0.698509, -0.40346, 0.591021
-0.773724, 0.170791, 0.610067
-0.763743, 0.179086, 0.620181
-0.785391, 0.115266, 0.608173
-0.706018, 0.135306, 0.695148
-0.344127, 0.314374, 0.884729
-0.0965476, 0.439398, 0.893089
-0.0223409, 0.496302, 0.867862
-0.0420135, 0.545917, 0.836785
-0.0835854, 0.564984, 0.820857
-0.0816578, 0.575969, 0.813383
-0.065401, 0.585018, 0.808379
0.0276788, 0.597432, 0.801442
0.224543, 0.655164, 0.721346
0.463423, 0.661118, 0.590053
0.590872, 0.650877, 0.476686
0.511909, 0.763413, 0.393891
0.264444, 0.912185, 0.313031
0.0382728, 0.966033, 0.25557
-0.0224125, 0.980688, 0.194289
-0.035919, 0.985576, 0.16538
-0.00594668, 0.98677, 0.162019
0.106761, 0.981456, 0.159206
0.200786, 0.970131, 0.136132
0.237281, 0.962462, 0.131777
0.232729, 0.963343, 0.133443
0.244113, 0.950227, 0.193592
0.237414, 0.95234, 0.191529
0.214366, 0.960702, 0.176347
0.182425, 0.970146, 0.159808
0.163234, 0.974531, 0.153763
-0.262706, 0.94196, 0.209036
-0.268217, 0.939256, 0.214146
-0.281668, 0.931976, 0.22822
-0.299789, 0.927227, 0.224448
-0.277175, 0.936575, 0.214478
-0.211267, 0.961648, 0.174926
-0.219424, 0.954069, 0.203976
-0.159235, 0.964942, 0.208641
-0.0658812, 0.986778, 0.148082
-0.0273876, 0.987226, 0.156953
0.0605125, 0.987545, 0.145237
0.163569, 0.978681, 0.124211
0.237027, 0.956181, 0.171862
0.281887, 0.94872, 0.143075
0.329422, 0.938065, 0.107312
0.354236, 0.932789, 0.0664921
0.420753, 0.898395, 0.125908
0.493715, 0.861888, 0.115737
0.553808, 0.826023, 0.1048
0.616137, 0.781807, 0.0956734
0.650508, 0.753783, 0.0930093
0.398664, 0.657713, 0.639125
0.282775, 0.520365, 0.805766
-0.256747, 0.66367, 0.702584
0.0495838, 0.266322, 0.962608
0.505762, -0.405726, 0.761309
0.0548001, -0.229901, 0.97167
0.0836482, -0.422575, 0.90246
-0.473342, 0.121989, 0.872391
-0.550058, 0.0900115, 0.830262
-0.143063, 0.320752, 0.936296
-0.00102291, 0.269508, 0.962998
0.182956, 0.077529, 0.980059
0.509633, -0.226922, 0.829928
0.618282, -0.615488, 0.488777
0.598889, -0.560743, 0.57175
0.624062, -0.60178, 0.498406
-0.788348, 0.10874, 0.605544
-0.824125, 0.0867411, 0.559726
-0.752376, 0.185393, 0.632107
-0.785627, 0.145453, 0.601361
-0.670118, 0.229792, 0.705789
-0.236568, 0.42882, 0.871865
-0.00777574, 0.518184, 0.855234
0.0235668, 0.542559, 0.839687
-0.00145107, 0.547181, 0.837013
-0.0476052, 0.560984, 0.826457
-0.0657541, 0.558547, 0.826863
-0.053271, 0.547166, 0.835327
0.105033, 0.608292, 0.786733
0.332119, 0.657427, 0.676377
0.498763, 0.660936, 0.560712
0.681958, 0.594272, 0.426349
0.722292, 0.615939, 0.314504
0.622804, 0.738847, 0.257333
0.47698, 0.856309, 0.198052
0.352889, 0.915273, 0.194278
0.243824, 0.945652, 0.215155
0.0776827, 0.981215, 0.176583
0.100904, 0.983059, 0.153014
0.181903, 0.972921, 0.142602
0.22363, 0.965446, 0.133803
0.235006, 0.962905, 0.132611
-0.215371, 0.957974, 0.189474
-0.196736, 0.960678, 0.195941
-0.148547, 0.970994, 0.187362
-0.0843318, 0.981558, 0.171559
-0.0109342, 0.988579, 0.150303
0.0657718, 0.987595, 0.142583
0.15415, 0.976971, 0.147532
0.227828, 0.962603, 0.146597
0.283087, 0.948688, 0.140903
0.322158, 0.940763, 0.105728
0.341927, 0.935697, 0.086927
-0.26532, 0.564752, 0.781448
-0.537947, 0.656025, 0.529381
-0.483888, 0.452458, 0.749089
-0.0242884, -0.200305, 0.979432
0.185982, -0.616541, 0.765041
-0.158142, -0.0996659, 0.982373
-0.102131, -0.288944, 0.951883
-0.0583103, -0.517985, 0.8534
-0.0567002, -0.541094, 0.839048
-0.0218194, -0.54488, 0.83823
0.0401884, -0.566501, 0.82308
0.0986155, -0.644531, 0.758191
0.133554, -0.704484, 0.697041
0.163679, -0.749195, 0.641806
0.2373, -0.772496, 0.589015
0.2775, -0.779691, 0.561316
-0.34228, 0.421699, 0.839652
-0.30402, 0.453664, 0.837712
-0.0619553, 0.390573, 0.918485
-0.266369, 0.3632, 0.892823
-0.214155, 0.129671, 0.968154
0.107191, -0.0869154, 0.990432
0.498402, -0.395214, 0.771622
0.598361, -0.577632, 0.555252
0.64697, -0.623234, 0.439328
0.54581, -0.670093, 0.503057
-0.747913, 0.11576, 0.653626
-0.749524, 0.13032, 0.649022
-0.738898, 0.198366, 0.643956
-0.780955, 0.135078, 0.609806
-0.622408, 0.285651, 0.728706
-0.125951, 0.493234, 0.86073
0.0413308, 0.535683, 0.843407
0.0279527, 0.546332, 0.837102
0.00236538, 0.551471, 0.834191
-0.0534128, 0.540061, 0.83993
-0.108763, 0.50595, 0.855678
0.00566552, 0.509165, 0.86065
0.258865, 0.605016, 0.752957
0.440238, 0.642126, 0.627586
0.573641, 0.638921, 0.512558
0.720344, 0.593049, 0.359717
0.800553, 0.549128, 0.239943
0.776482, 0.603322, 0.181875
0.634361, 0.722033, 0.276144
0.433471, 0.87282, 0.224248
0.298852, 0.932008, 0.205057
-0.516938, 0.560773, 0.646768
-0.463395, 0.420971, 0.779775
-0.608168, 0.59466, 0.525843
-0.486689, 0.540865, 0.686002
-0.175925, 0.134011, 0.975239
-0.0613449, -0.397383, 0.9156
-0.0542127, -0.561279, 0.825849
-0.0585526, -0.588002, 0.806737
-0.0570401, -0.471184, 0.880189
0.0503399, -0.570324, 0.819876
0.126446, -0.646451, 0.752404
0.118015, -0.709986, 0.694256
0.155345, -0.752507, 0.640001
0.216596, -0.780137, 0.586917
0.337193, -0.775842, 0.533264
0.392525, -0.302849, 0.868451
0.430718, -0.294871, 0.852955
0.459894, -0.384955, 0.800192
0.487285, -0.399494, 0.776503
0.505545, -0.460937, 0.729357
0.496296, -0.569618, 0.655154
0.443703, -0.697236, 0.563018
0.420046, -0.734597, 0.532849
-0.217489, 0.565003, 0.795909
-0.126253, 0.664119, 0.736889
-0.282633, 0.432503, 0.856189
-0.315928, 0.338795, 0.886232
-0.400346, 0.29665, 0.867019
-0.238397, 0.150925, 0.959369
-0.00928649, -0.153032, 0.988178
0.258549, -0.459425, 0.849753
0.45048, -0.641066, 0.621372
0.526661, -0.72963, 0.436197
0.381562, -0.758451, 0.528359
0.453804, -0.77323, 0.442919
-0.712519, 0.106848, 0.693469
-0.658244, 0.128387, 0.741776
-0.748048, 0.142173, 0.648237
-0.774871, 0.0887604, 0.625856
-0.527973, 0.324949, 0.784635
-0.0633945, 0.495574, 0.866249
0.0580066, 0.510518, 0.857909
0.0575858, 0.516359, 0.854434
-4.55878e-05, 0.510283, 0.860006
-0.109538, 0.463669, 0.879211
-0.132924, 0.430593, 0.892704
0.109688, 0.533743, 0.838503
0.408125, 0.590865, 0.695925
0.548094, 0.595471, 0.587373
0.657575, 0.599506, 0.456276
0.74804, 0.597274, 0.289309
0.823508, 0.53408, 0.191295
0.789151, 0.565675, 0.239276
0.737349, 0.633797, 0.233705
-0.550416, 0.570861, 0.609229
-0.488265, 0.513937, 0.705313
-0.571551, 0.669662, 0.474217
-0.365065, 0.779751, 0.508641
-0.239879, 0.726959, 0.643419
-0.206023, 0.68014, 0.703537
-0.13143, 0.601685, 0.787846
-0.0478368, 0.442952, 0.895268
0.0426433, 0.340816, 0.939162
0.106208, 0.27092, 0.956725
0.193608, 0.227119, 0.954428
0.259683, 0.165909, 0.951335
0.2938, 0.0773361, 0.952733
0.390547, -0.111463, 0.91381
0.44202, -0.319227, 0.838279
0.444953, -0.443905, 0.777795
0.490033, -0.389495, 0.779847
0.525248, -0.363752, 0.769285
0.487148, -0.616613, 0.618446
0.453946, -0.702612, 0.547968
0.385138, -0.764819, 0.51645
0.523639, -0.120513, 0.843374
0.526312, -0.0956258, 0.844898
0.527654, -0.321856, 0.786123
0.524773, -0.485098, 0.699495
0.56118, -0.509992, 0.651909
0.582156, -0.547515, 0.6011
0.576094, -0.610517, 0.543493
0.532305, -0.696939, 0.48055
0.51542, -0.721977, 0.461618
-0.298983, 0.532587, 0.791808
-0.47301, 0.474323, 0.742482
-0.399862, 0.381531, 0.833393
-0.429265, 0.297669, 0.852716
-0.461222, 0.249119, 0.851595
-0.298609, 0.0395218, 0.953557
-0.129483, -0.162391, 0.978194
-0.0673596, -0.444269, 0.893358
0.055475, -0.67902, 0.732021
0.263003, -0.794999, 0.546632
0.622988, -0.714628, 0.318108
0.562191, -0.665851, 0.490492
0.594239, -0.705816, 0.385621
-0.679582, -0.00541834, 0.73358
-0.725531, 0.061198, 0.685463
-0.746902, -0.0495776, 0.663083
-0.742768, 0.0594267, 0.666906
-0.382341, 0.376241, 0.843954
-0.000360266, 0.491298, 0.870992
0.0619094, 0.491576, 0.868631
0.0349277, 0.477469, 0.877954
-0.0625409, 0.429537, 0.900881
-0.164746, 0.370792, 0.913987
-0.0212448, 0.446216, 0.894673
0.288243, 0.586263, 0.757108
0.462406, 0.614746, 0.638958
0.60241, 0.613114, 0.511072
0.7278, 0.60845, 0.316379
0.787843, 0.574904, 0.220881
0.795914, 0.564502, 0.218765
0.778671, 0.568482, 0.265519
-0.471618, 0.729828, 0.494902
-0.397376, 0.735097, 0.549295
-0.272093, 0.733726, 0.622585
-0.228241, 0.719438, 0.655984
-0.32337, 0.830312, 0.453887
-0.234729, 0.841626, 0.486383
-0.0478553, 0.891821, 0.449851
0.0123583, 0.890428, 0.454956
0.0688067, 0.88376, 0.462854
0.130487, 0.827079, 0.54673
0.195372, 0.811325, 0.550983
0.277233, 0.793767, 0.541364
0.30885, 0.767974, 0.561095
0.32726, 0.698976, 0.635872
0.358634, 0.614854, 0.702379
0.374199, 0.554822, 0.743066
0.388451, 0.47307, 0.790766
0.436893, 0.327358, 0.837832
0.482035, 0.21198, 0.850122
0.507318, 0.121844, 0.853102
0.530118, -0.00734333, 0.847892
0.501794, -0.394164, 0.769959
0.506702, -0.537009, 0.674444
0.55989, -0.518636, 0.646173
0.61443, -0.472041, 0.632181
0.564029, -0.644231, 0.516563
0.536624, -0.701291, 0.469281
0.493734, -0.741986, 0.453523
0.677969, -0.305573, 0.668568
0.721646, -0.274335, 0.635583
0.764507, -0.354278, 0.538532
0.784367, -0.398821, 0.475089
-0.501658, 0.397479, 0.768342
-0.535387, 0.381186, 0.753697
-0.519802, 0.280826, 0.80681
-0.522106, 0.17775, 0.834152
-0.508578, 0.0777453, 0.857499
-0.38618, -0.0927809, 0.917745
-0.33804, -0.20695, 0.918096
-0.173881, -0.275116, 0.945556
0.18784, -0.326868, 0.926215
0.369249, -0.456603, 0.809425
0.480326, -0.712785, 0.511101
0.691055, -0.678541, 0.249047
0.469987, -0.50331, 0.725115
-0.574713, -0.211566, 0.790535
-0.729587, 0.000549445, 0.683887
-0.730203, -0.170003, 0.661742
-0.582605, 0.120667, 0.803748
-0.148724, 0.431596, 0.889723
0.0177714, 0.473724, 0.880494
0.0321744, 0.453014, 0.890922
-0.027862, 0.402071, 0.915185
-0.139387, 0.327145, 0.934638
-0.0929351, 0.382512, 0.919265
0.199747, 0.558661, 0.804984
0.421069, 0.633772, 0.648871
0.537564, 0.670301, 0.511587
0.650205, 0.690044, 0.317919
0.708196, 0.667136, 0.231059
0.73772, 0.636688, 0.224494
0.690219, 0.598068, 0.407323
0.747551, 0.584794, 0.314934
-0.279365, 0.836915, 0.470667
-0.203431, 0.860706, 0.466692
-0.090615, 0.879863, 0.466508
0.0111161, 0.889698, 0.456414
0.026772, 0.875463, 0.482544
-0.105083, 0.88361, 0.456279
0.123212, 0.86114, 0.493211
0.172115, 0.841276, 0.512475
0.0845293, 0.860823, 0.501836
0.0344888, 0.857393, 0.513506
0.143907, 0.846319, 0.512869
0.217329, 0.833989, 0.50718
0.236776, 0.828848, 0.506899
0.286791, 0.792374, 0.538418
0.336587, 0.746018, 0.574602
0.367619, 0.720422, 0.588089
0.38191, 0.698988, 0.604617
0.391954, 0.674237, 0.625921
0.429821, 0.584175, 0.688471
0.481878, 0.439523, 0.758032
0.54022, 0.349266, 0.765621
0.590954, 0.235358, 0.771609
0.648907, 0.0789534, 0.75676
0.684377, -0.0407666, 0.727988
0.693605, -0.122337, 0.709891
0.710228, -0.258639, 0.654738
0.736313, -0.432605, 0.520284
0.828113, -0.362846, 0.427285
0.82215, 0.0182878, 0.568977
-0.562736, 0.363698, 0.742329
-0.589419, 0.345779, 0.730084
-0.616722, 0.28833, 0.732475
-0.631056, 0.128889, 0.764955
-0.567916, -0.00748753, 0.823052
-0.475378, -0.0150488, 0.879653
-0.308275, -0.00514521, 0.951283
-0.0553094, 0.103397, 0.993101
0.193145, 0.0896168, 0.977069
0.383377, 0.0545066, 0.921982
0.460265, -0.0140031, 0.887671
0.642134, -0.259994, 0.721157
0.693862, -0.601055, 0.396596
0.477472, -0.315481, 0.820056
-0.721199, -0.0858695, 0.687385
-0.699162, -0.0527871, 0.713011
-0.267438, 0.312976, 0.91133
-0.0158911, 0.431935, 0.901765
0.00562319, 0.427246, 0.904118
-0.0460712, 0.374895, 0.925922
-0.134802, 0.303345, 0.943298
-0.085025, 0.35412, 0.931327
0.171457, 0.566497, 0.806029
0.391155, 0.67395, 0.626729
0.527225, 0.707128, 0.471173
0.645679, 0.705337, 0.292574
0.679229, 0.700955, 0.217511
0.683249, 0.693731, 0.227834
0.648903, 0.651953, 0.392278
0.695311, 0.631656, 0.34286
0.00912605, 0.878322, 0.477982
0.0639096, 0.86874, 0.491127
0.126709, 0.855026, 0.502868
0.0972066, 0.85459, 0.510124
0.0877325, 0.85573, 0.509931
0.159072, 0.847532, 0.506345
0.238471, 0.841277, 0.485164
0.163708, 0.828216, 0.535965
0.082942, 0.824762, 0.559364
0.172704, 0.81138, 0.558423
0.232581, 0.848773, 0.474858
0.258147, 0.832722, 0.48983
0.19106, 0.839015, 0.509461
0.12749, 0.843437, 0.521882
0.248393, 0.830106, 0.499224
0.362423, 0.804586, 0.470416
0.399387, 0.785875, 0.472113
0.437522, 0.761933, 0.477527
0.489395, 0.717169, 0.496147
0.549481, 0.662351, 0.509276
0.589782, 0.61137, 0.52762
0.640363, 0.516333, 0.568626
0.709235, 0.347533, 0.613356
0.809359, 0.0675126, 0.583422
0.718203, 0.432669, 0.54496
-0.639815, 0.333404, 0.692444
-0.664822, 0.325245, 0.672478
-0.713792, 0.231285, 0.661066
-0.626674, 0.138089, 0.766949
-0.388018, 0.0921551, 0.917033
-0.224295, 0.156472, 0.961877
-0.0699251, 0.200462, 0.977203
0.137417, 0.191548, 0.971816
0.308498, 0.137174, 0.941282
0.397962, 0.0756091, 0.914281
0.491476, 0.0422022, 0.869868
0.837388, -0.0839017, 0.540131
0.553279, -0.251041, 0.794267
-0.620183, -0.156144, 0.76876
-0.546023, 0.18581, 0.816905
-0.0798751, 0.39968, 0.913168
-0.0277462, 0.388709, 0.920942
-0.0666752, 0.334499, 0.940035
-0.135386, 0.278908, 0.950727
-0.0539088, 0.378885, 0.923872
0.235504, 0.609415, 0.757068
0.405605, 0.731293, 0.548357
0.477726, 0.786965, 0.390466
0.597468, 0.755979, 0.267447
0.647344, 0.731497, 0.214147
0.674483, 0.695096, 0.248826
0.538507, 0.721717, 0.434897
0.62752, 0.693518, 0.353907
0.2013, 0.835618, 0.511098
0.162116, 0.833523, 0.528165
0.13991, 0.822192, 0.551747
0.163199, 0.83063, 0.532372
0.221459, 0.832141, 0.508426
0.227377, 0.840594, 0.491631
0.192525, 0.839668, 0.50783
0.189223, 0.838591, 0.510842
0.24733, 0.830164, 0.499655
0.32314, 0.828334, 0.45765
0.277848, 0.881207, 0.382459
0.30194, 0.849052, 0.433524
0.318364, 0.829852, 0.458247
0.363223, 0.794898, 0.48601
0.386675, 0.761624, 0.52001
0.452493, 0.72494, 0.519338
0.546244, 0.669412, 0.503492
0.577977, 0.646402, 0.498103
0.686464, 0.53541, 0.49204
0.686464, 0.53541, 0.49204
-0.674254, 0.348552, 0.651071
-0.682951, 0.371478, 0.628953
-0.725512, 0.306238, 0.61632
-0.680841, 0.313594, 0.661902
-0.504718, 0.165382, 0.847295
-0.204527, 0.169948, 0.963995
-0.0273522, 0.204494, 0.978485
0.0983934, 0.231818, 0.96777
0.235995, 0.215978, 0.947449
0.350603, 0.189671, 0.917117
0.499406, 0.173803, 0.848756
0.779853, 0.200535, 0.592971
0.367727, -0.183948, 0.911559
-0.470494, -0.044404, 0.881286
-0.271759, 0.324511, 0.906002
-0.0874715, 0.336403, 0.937647
-0.116535, 0.27597, 0.954076
-0.141862, 0.245268, 0.95902
0.0178967, 0.413664, 0.910254
0.332352, 0.658752, 0.674972
0.472122, 0.764917, 0.438181
0.552665, 0.774629, 0.307428
0.591352, 0.765355, 0.254036
0.574165, 0.783011, 0.239225
0.590246, 0.748387, 0.302533
0.615786, 0.727888, 0.30164
0.610617, 0.713221, 0.344185
0.290047, 0.865586, 0.408207
0.299642, 0.854106, 0.42511
0.32811, 0.825275, 0.459636
0.356483, 0.796341, 0.488631
0.401298, 0.761438, 0.509089
0.463145, 0.720746, 0.515773
0.526627, 0.681618, 0.507996
0.6057, 0.619261, 0.499642
0.634136, 0.592696, 0.496571
0.686464, 0.53541, 0.49204
-0.735943, 0.170839, 0.655135
-0.759354, 0.0312558, 0.649927
-0.728369, 0.319259, 0.606261
-0.625647, 0.212125, 0.750712
-0.234447, 0.187794, 0.953818
-0.00513305, 0.227974, 0.973654
0.145656, 0.27186, 0.95125
0.24972, 0.296297, 0.921872
0.350372, 0.290519, 0.890415
0.552473, 0.305048, 0.775706
0.620554, 0.316212, 0.717581
0.203003, -0.140156, 0.969095
-0.209598, 0.0848645, 0.974098
-0.185332, 0.234768, 0.95422
-0.179687, 0.215355, 0.959862
-0.150165, 0.265081, 0.952461
0.116647, 0.505254, 0.855051
0.426799, 0.722136, 0.544391
0.546756, 0.767014, 0.335778
0.592586, 0.759819, 0.267427
0.551874, 0.788652, 0.271041
0.571907, 0.767382, 0.289908
0.60281, 0.694383, 0.393004
0.590686, 0.743957, 0.31244
-0.744795, -0.00263188, 0.667289
-0.728998, -0.0365152, 0.683541
-0.582399, -0.155696, 0.797853
-0.711333, 0.0923274, 0.696765
-0.305697, 0.249588, 0.918834
0.0624517, 0.330305, 0.941806
0.185096, 0.359098, 0.914761
0.259756, 0.365436, 0.893858
0.380708, 0.386388, 0.840099
0.54155, 0.3939, 0.742675
0.390419, 0.220764, 0.893777
0.0110238, -0.00874647, 0.999901
-0.07258, 0.0686326, 0.994998
-0.119945, 0.160383, 0.97974
-0.0496387, 0.353274, 0.934202
0.252843, 0.643805, 0.722208
0.495676, 0.769227, 0.403231
0.582868, 0.76748, 0.266908
0.561975, 0.78615, 0.257201
0.525981, 0.799261, 0.290734
0.580981, 0.72753, 0.364913
0.578115, 0.746063, 0.330415
0.588605, 0.732432, 0.34218
-0.71983, 0.184376, 0.669216
-0.67356, 0.284195, 0.682312
-0.242242, 0.392919, 0.887093
-0.0195068, 0.446678, 0.894482
0.100452, 0.443492, 0.890631
0.18643, 0.452264, 0.872182
0.286331, 0.469707, 0.835099
0.411228, 0.460619, 0.786588
0.350547, 0.350335, 0.868552
0.113287, 0.131197, 0.984862
-0.00220983, 0.170796, 0.985304
0.00933213, 0.307145, 0.951617
0.178281, 0.579012, 0.795589
0.399263, 0.772896, 0.493174
0.538057, 0.791682, 0.289367
0.561192, 0.796557, 0.224855
0.527444, 0.809864, 0.256755
0.558451, 0.756165, 0.341097
0.557666, 0.768405, 0.313947
0.554429, 0.764703, 0.328385
-0.715495, 0.454629, 0.530452
-0.718888, 0.600573, 0.350018
-0.533186, 0.706725, 0.465029
-0.234099, 0.654729, 0.718698
0.053297, 0.552072, 0.832091
0.220832, 0.493847, 0.84104
0.28909, 0.457529, 0.840889
0.205918, 0.40193, 0.892216
0.105871, 0.371063, 0.922553
0.12812, 0.502727, 0.854898
0.200412, 0.700626, 0.684805
0.336544, 0.826401, 0.451441
0.477605, 0.832321, 0.281309
0.523548, 0.825468, 0.210947
0.532423, 0.816884, 0.221872
0.526223, 0.79448, 0.303135
0.544044, 0.790308, 0.281832
0.543693, 0.784089, 0.299336
-0.638249, 0.658223, 0.399224
-0.652877, 0.657268, 0.376497
-0.649119, 0.541738, 0.534009
-0.334547, 0.117267, 0.935055
0.0214649, 0.343847, 0.93878
0.130953, 0.596672, 0.791728
0.2261, 0.74679, 0.625446
0.310448, 0.835431, 0.453516
0.364726, 0.875482, 0.317025
0.452727, 0.859947, 0.235648
0.484392, 0.851573, 0.20047
0.488359, 0.841172, 0.232239
0.505821, 0.829515, 0.23675
0.527893, 0.81304, 0.245549
0.529796, 0.806402, 0.262738
-0.789493, 0.165634, 0.590987
-0.867811, -0.172434, 0.466016
-0.656193, -0.0741519, 0.750941
0.542252, 0.743601, 0.391179
0.45264, 0.86356, 0.222219
0.448358, 0.867489, 0.215496
0.461735, 0.864372, 0.199152
0.400162, 0.864757, 0.303423
0.435047, 0.864517, 0.251683
0.475294, 0.851137, 0.222848
0.486445, 0.846492, 0.216385
-0.742471, -0.319618, 0.588712
-0.578205, -0.450045, 0.680543
-0.563131, 0.0169556, 0.826194
0.162839, 0.737036, 0.655943
0.483944, 0.829787, 0.277941
0.454273, 0.865196, 0.212302
0.455072, 0.86598, 0.207336
-0.578205, -0.450045, 0.680543
-0.578205, -0.450045, 0.680543
