-0.7093, 0.527832, 0.467212
-0.607122, 0.482129, 0.631628
-0.471446, 0.395427, 0.788274
-0.176045, 0.213254, 0.961005
0.248788, 0.0592921, 0.966741
0.436201, -0.00105977, 0.899849
0.709467, -0.0269142, 0.704224
-0.0404919, -0.683582, 0.72875
-0.0404919, -0.683582, 0.72875
-0.7093, 0.527832, 0.467212
-0.7093, 0.527832, 0.467212
-0.480925, 0.417352, 0.771056
-0.134605, 0.166022, 0.976892
0.113377, 0.0249151, 0.99324
0.709467, -0.0269142, 0.704224
0.778479, -0.167023, 0.60504
-0.598482, -0.327842, 0.730985
-0.389178, -0.4107, 0.82454
-0.0820628, -0.491067, 0.867248
-0.177637, -0.77922, 0.60105
0.0984457, -0.557686, 0.824193
0.262511, -0.315992, 0.911722
-0.203763, -0.635438, 0.744781
0.0975829, -0.633743, 0.767364
0.288052, -0.597077, 0.748682
0.671186, -0.447464, 0.591003
-0.448057, -0.374523, 0.811774
-0.271188, -0.89386, 0.357031
-0.130371, -0.904477, 0.406109
0.0433791, -0.919859, 0.389843
0.516315, -0.677016, 0.524469
0.878079, 0.252546, 0.406445
0.737746, -0.543434, 0.400513
-0.664539, -0.195797, 0.721146
-0.739167, -0.319468, 0.592935
-0.434503, -0.323455, 0.840586
0.0905613, -0.500083, 0.861229
0.214018, -0.237699, 0.947468
0.402164, -0.0449128, 0.914466
0.340171, 0.00636226, 0.940342
-0.0359151, -0.460263, 0.887056
0.0279819, -0.419179, 0.907472
0.0973178, -0.259213, 0.960905
-0.0184974, -0.119758, 0.992631
-0.188804, 0.00838531, 0.981979
-0.296595, -0.134662, 0.945462
-0.255924, -0.638088, 0.726186
-0.150975, -0.630835, 0.761087
0.671186, -0.447464, 0.591003
0.885548, 0.00636715, 0.464505
-0.150812, -0.597237, 0.787759
0.00797627, -0.580692, 0.814084
0.172942, -0.538191, 0.824889
0.0800214, -0.866246, 0.493168
0.502557, -0.852816, 0.141923
0.185753, -0.957227, 0.221839
0.335056, -0.922743, 0.190483
0.71452, -0.691436, 0.106662
0.503965, -0.844247, 0.182394
0.473435, -0.775071, 0.418479
0.54988, -0.8032, 0.229131
-0.48445, 0.00912161, 0.874771
-0.565121, -0.0648229, 0.822457
-0.247721, 0.496319, 0.832047
0.114589, 0.637104, 0.762213
0.34832, 0.520025, 0.779902
0.377495, 0.619022, 0.688701
0.416292, 0.306541, 0.855998
-0.507239, -0.0804964, 0.858038
-0.252936, -0.129121, 0.958828
-0.237855, -0.508983, 0.827261
0.167703, -0.390036, 0.905399
0.152289, -0.331428, 0.931109
-0.0328682, -0.0433119, 0.998521
-0.173725, 0.0231558, 0.984522
-0.354274, 0.0450658, 0.934055
-0.340154, 0.0595052, 0.938485
-0.0163393, -0.0642701, 0.997799
0.862657, 0.458493, 0.213558
0.885548, 0.00636715, 0.464505
-0.176453, -0.289921, 0.940644
-0.318813, -0.614183, 0.721898
0.0221425, -0.560672, 0.827742
0.31972, -0.503196, 0.802853
0.339741, 0.269346, 0.901126
0.0801072, -0.484343, 0.871203
-0.0214524, -0.908541, 0.417245
-0.0243174, -0.941066, 0.337347
0.574259, -0.797192, 0.186311
0.48524, -0.858357, 0.166629
0.576318, -0.809276, 0.113709
0.705403, -0.705356, 0.0698571
0.437214, -0.880112, 0.18506
0.899689, -0.387038, 0.201894
0.938856, -0.158996, 0.3054
-0.0744987, -0.207249, 0.975447
-0.490998, -0.110772, 0.864089
0.063804, 0.527665, 0.847053
0.325957, 0.809079, 0.489022
0.0633243, 0.917824, 0.391905
0.136255, 0.902823, 0.407855
0.296851, 0.703112, 0.646153
0.377495, 0.619022, 0.688701
-0.451738, 0.147182, 0.879926
-0.507238, -0.0804964, 0.858038
0.0441601, 0.231661, 0.971794
0.46848, 0.455207, 0.757175
0.491314, 0.519973, 0.698741
0.119955, 0.0462209, 0.991703
-0.188804, 0.00838531, 0.981979
-0.336596, 0.152747, 0.929178
-0.443754, 0.467616, 0.764473
0.77584, 0.36236, 0.516496
0.652038, 0.304114, 0.694523
-0.0752128, -0.038999, 0.996405
-0.0221502, 0.0723982, 0.99713
-0.346181, -0.319157, 0.882212
0.181459, 0.138868, 0.973544
0.481568, 0.499366, 0.720226
0.441411, 0.643602, 0.625246
0.336204, 0.66203, 0.669838
0.178844, 0.757166, 0.628263
-0.257653, 0.702335, 0.663582
-0.530439, 0.195857, 0.824788
-0.270113, -0.0164655, 0.962688
0.0565328, -0.901511, 0.429048
0.253596, -0.897969, 0.359639
0.853733, -0.502893, 0.135051
0.981443, -0.186797, -0.0433111
0.998537, -0.0390769, -0.0373707
0.752022, -0.257382, 0.606809
0.724333, -0.177698, 0.666156
-0.207983, -0.192963, 0.95891
-0.185118, -0.445133, 0.876121
0.476045, -0.000675997, 0.879421
0.747134, 0.400229, 0.530667
0.805083, 0.355368, 0.474927
0.466, 0.678721, 0.567611
0.227496, 0.854289, 0.46737
-0.252373, 0.287234, 0.924015
-0.371213, 0.366708, 0.853069
0.381387, 0.672222, 0.634556
0.52854, 0.617237, 0.582806
0.498686, 0.53356, 0.6831
0.212595, 0.531335, 0.820052
0.212595, 0.531335, 0.820052
0.0949464, 0.195783, 0.97604
0.146985, 0.191087, 0.970506
-0.22979, -0.288783, 0.929409
0.0861921, 0.214325, 0.972952
0.413595, 0.642621, 0.644963
0.519346, 0.694555, 0.497869
0.588802, 0.679806, 0.437237
0.467818, 0.629028, 0.620862
0.321162, 0.692651, 0.645825
0.0887287, 0.73133, 0.676227
-0.355403, 0.595608, 0.720375
-0.686978, 0.516943, 0.510716
-0.506557, 0.265187, 0.820412
-0.273454, 0.251171, 0.928513
0.590977, -0.502814, 0.630813
0.717754, 0.682948, -0.135688
0.664075, 0.74084, -0.100797
0.988, 0.0836061, 0.129872
0.652462, -0.0782617, 0.753769
0.755394, -0.194232, 0.625822
-0.18376, 0.228455, 0.956055
-0.871726, 0.314908, 0.375403
-0.565493, -0.060281, 0.822547
0.168515, -0.0346421, 0.98509
0.711266, -0.0485021, 0.701248
0.650985, -0.186526, 0.735817
0.691463, -0.303337, 0.655642
0.801455, 0.0814492, 0.592483
-0.180503, 0.237586, 0.954448
-0.374091, 0.0920758, 0.92281
0.348821, 0.650269, 0.674888
0.404022, 0.705244, 0.582579
0.439325, 0.666938, 0.601819
-0.0987166, -0.27713, 0.955748
0.116242, -0.0441028, 0.992241
0.275273, 0.269742, 0.922748
-0.158936, -0.0161008, 0.987158
0.338434, 0.386234, 0.858071
0.559944, 0.581219, 0.590464
0.558802, 0.677571, 0.47816
0.418929, 0.591801, 0.688672
0.510648, 0.676834, 0.53022
0.554679, 0.687931, 0.468063
-0.611614, 0.400794, 0.682123
-0.508411, 0.358109, 0.783119
-0.393274, 0.260343, 0.881792
0.474332, 0.879746, -0.0324978
-0.082762, 0.985596, 0.147482
-0.261763, 0.65093, 0.71258
0.33732, 0.400181, 0.852098
0.658834, 0.0414589, 0.751145
-0.954786, -0.0216829, 0.296503
-0.798252, 0.595672, 0.0892626
-0.784229, 0.607153, 0.127868
-0.17613, 0.578268, 0.796608
0.239053, 0.279956, 0.929773
0.521217, -0.179741, 0.834282
0.798077, -0.137113, 0.586748
0.884473, -0.223199, 0.409744
0.858696, -0.159052, 0.487179
-0.202697, 0.124138, 0.971341
-0.426177, 0.00792086, 0.904605
0.307624, 0.548443, 0.777546
0.521327, 0.597272, 0.609495
0.426566, 0.653752, 0.62502
-0.347323, -0.518941, 0.781068
-0.173273, -0.500628, 0.848144
0.118235, -0.343383, 0.931724
-0.19909, -0.529312, 0.824737
0.0106236, 0.0002264, 0.999944
0.491957, 0.41394, 0.765919
0.635654, 0.561559, 0.529713
0.5337, 0.671692, 0.513803
0.509198, 0.592536, 0.624195
0.56091, 0.631125, 0.53578
-0.1832, 0.870219, 0.457336
-0.0612353, 0.754799, 0.653092
-0.215876, 0.713039, 0.667063
0.311797, 0.348592, 0.883893
0.565768, 0.00778045, 0.824528
-0.768399, 0.623109, 0.145938
-0.782817, 0.616573, 0.0838794
-0.552721, 0.832537, 0.0371734
-0.190004, 0.784178, 0.590731
0.136855, 0.716564, 0.683964
0.548849, 0.453516, 0.702202
0.843225, 0.0398988, 0.536078
0.817709, -0.288171, 0.498307
0.772102, -0.156115, 0.616024
0.762857, -0.248201, 0.59703
-0.164168, -0.013843, 0.986335
-0.406529, -0.129493, 0.904414
0.279378, 0.460447, 0.842577
0.481472, 0.547853, 0.684136
0.439869, 0.568479, 0.695231
-0.620158, -0.28029, 0.732694
-0.46555, -0.448602, 0.762902
-0.222407, -0.579287, 0.784195
0.189772, -0.411488, 0.891439
0.636595, 0.344253, 0.690099
0.724564, 0.508391, 0.465344
0.510878, 0.407023, 0.75719
0.561714, 0.55694, 0.611797
0.586349, 0.618389, 0.52325
-0.0887673, 0.625661, 0.775028
-0.345481, 0.697355, 0.627964
0.252591, 0.24543, 0.935928
0.465007, -0.0326881, 0.884703
0.0947974, 0.994642, 0.0412344
-0.775236, 0.626111, 0.0836241
-0.777777, 0.623195, 0.0818013
-0.0562909, 0.798808, 0.598947
0.0401343, 0.855878, 0.515618
0.292653, 0.698723, 0.652794
0.675804, 0.173261, 0.716429
0.804059, -0.167301, 0.570526
0.714832, -0.326881, 0.618194
0.728797, -0.267711, 0.630227
-0.106557, -0.221266, 0.969374
-0.341812, -0.249823, 0.905954
0.298686, 0.3414, 0.891197
0.473919, 0.554722, 0.683874
0.41496, 0.525274, 0.742897
-0.667518, -0.149309, 0.72947
-0.741808, -0.0970814, 0.663548
-0.00701657, -0.189639, 0.981829
0.874683, 0.0828147, 0.477569
0.820133, 0.412325, 0.396699
0.736682, 0.427215, 0.524201
-0.240196, 0.48847, 0.83887
-0.563247, 0.391555, 0.727625
0.237931, 0.203752, 0.94967
0.422611, -0.00593543, 0.906292
0.266251, 0.0109234, 0.963842
-0.13376, 0.434796, 0.89054
0.168671, 0.787939, 0.592202
0.254993, 0.6624, 0.704418
-0.0714447, 0.706576, 0.704022
0.224118, 0.468347, 0.854647
0.692098, -0.163653, 0.703007
0.768716, -0.308652, 0.560187
0.698575, -0.227155, 0.678523
0.731098, -0.308246, 0.60867
-0.55351, -0.246553, 0.795511
-0.23852, -0.337105, 0.910751
-0.305963, -0.395685, 0.865921
0.350081, 0.0273441, 0.93632
0.650084, 0.382929, 0.65632
0.484033, 0.435164, 0.759173
-0.717806, 0.0636467, 0.693328
-0.722211, 0.114082, 0.6822
0.088194, 0.283854, 0.954803
0.870877, 0.22259, 0.43821
0.859874, 0.224804, 0.458344
-0.191921, 0.464275, 0.864647
-0.202861, 0.682404, 0.702262
0.247479, 0.173523, 0.953228
0.411667, 0.0220076, 0.911068
0.435234, 0.147558, 0.888143
0.333166, -0.000778914, 0.942868
0.0779801, 0.600107, 0.79611
0.185483, 0.481034, 0.856856
-0.199043, 0.663374, 0.72133
0.493661, 0.0391528, 0.868773
0.747135, -0.30806, 0.588973
0.71459, -0.308233, 0.627976
0.681762, -0.329189, 0.653326
0.668237, -0.391631, 0.632523
-0.614109, 0.0467522, 0.787835
-0.55351, -0.246553, 0.795511
0.180537, -0.317315, 0.930976
0.709732, -0.163558, 0.685222
0.591761, -0.0571974, 0.804082
-0.67517, 0.122133, 0.727481
-0.673445, 0.172525, 0.718824
0.208531, 0.342658, 0.916024
0.84506, 0.17397, 0.505576
0.868513, 0.126303, 0.479305
-0.162332, 0.507244, 0.846376
-0.492496, 0.543574, 0.679688
0.242778, 0.118619, 0.962802
0.396987, -0.0204706, 0.917596
0.152081, -0.129389, 0.979862
0.230989, -0.170656, 0.957873
0.218431, -0.19899, 0.955349
-0.0341392, 0.494982, 0.868232
-0.384635, 0.602622, 0.699216
0.133088, 0.42082, 0.897328
0.666906, -0.221215, 0.711548
0.718361, -0.364002, 0.592841
0.614871, -0.41736, 0.669137
0.597306, -0.472438, 0.648095
0.62091, -0.476814, 0.622189
-0.62504, 0.239418, 0.74297
-0.619585, 0.335861, 0.709444
-0.172319, 0.217752, 0.960672
0.488267, -0.171181, 0.855741
0.623288, -0.348245, 0.700169
0.472759, -0.177688, 0.863091
-0.625257, -0.00865569, 0.780371
-0.625229, 0.0789558, 0.776437
0.066178, 0.142136, 0.987633
0.873999, -0.0199195, 0.485519
0.85178, 0.0317618, 0.522936
-0.271687, 0.402497, 0.874175
-0.493927, 0.439499, 0.750251
0.116457, -0.0998506, 0.988164
0.332341, -0.153797, 0.930535
0.236022, -0.0839834, 0.968112
0.197848, -0.311271, 0.929498
0.289126, -0.167979, 0.942438
-0.131492, 0.534986, 0.834565
0.0518516, 0.4045, 0.913067
-0.239607, 0.568838, 0.786773
0.302728, -0.158383, 0.939825
0.528594, -0.515583, 0.674361
0.597166, -0.534173, 0.598375
0.641909, -0.417347, 0.643253
0.778979, -0.256218, 0.572314
0.829311, -0.101625, 0.549468
-0.604101, 0.463012, 0.648599
-0.57647, 0.580852, 0.574712
-0.482783, 0.581346, 0.654948
-0.012751, 0.574991, 0.81806
0.321023, 0.103423, 0.941407
0.427354, -0.270723, 0.862599
0.329151, -0.182844, 0.926406
0.445308, -0.30343, 0.842396
-0.624461, -0.25994, 0.736532
-0.653778, -0.244497, 0.716097
-0.508486, -0.0410511, 0.860091
0.0121159, -0.013392, 0.999837
0.82076, -0.0593441, 0.568183
0.869923, -0.0507421, 0.490571
-0.439853, 0.272433, 0.855751
-0.480596, 0.274269, 0.832949
0.168787, -0.206953, 0.963681
0.311133, -0.185592, 0.932069
0.314295, -0.108518, 0.943103
0.3488, -0.0804108, 0.933741
0.503849, 0.0663223, 0.861242
-0.185521, 0.336522, 0.92322
-0.548891, 0.470698, 0.690769
-0.0662079, -0.161927, 0.984579
0.640432, -0.342188, 0.687571
0.832548, -0.238773, 0.499852
0.829311, -0.101625, 0.549468
0.833357, -0.0380017, 0.551428
-0.530637, 0.582208, 0.616003
-0.364451, 0.634667, 0.681449
-0.342309, 0.725744, 0.596759
-0.354149, 0.50381, 0.787879
-0.0571813, 0.174733, 0.982954
0.284387, -0.205855, 0.936348
0.586527, -0.38758, 0.711173
0.425258, -0.38779, 0.817786
0.429092, -0.489222, 0.759304
-0.578015, -0.262777, 0.772559
-0.594198, -0.274988, 0.755851
-0.318249, -0.138795, 0.937792
0.0230233, -0.094681, 0.995241
0.798682, -0.040432, 0.600394
0.953626, -0.0813697, 0.289788
0.94791, -0.0778675, 0.308874
-0.625817, 0.333581, 0.705036
-0.7454, 0.379227, 0.548239
-0.333527, 0.0616948, 0.94072
0.370803, 0.0289216, 0.928261
0.361768, 0.153849, 0.919486
0.633288, 0.209685, 0.744969
0.488764, 0.21391, 0.845785
-0.356794, 0.0253527, 0.933839
-0.576308, 0.12584, 0.807486
0.582869, 0.230549, 0.779173
0.857068, 0.141663, 0.495344
0.834012, 0.0257764, 0.551144
0.814161, 0.0737042, 0.575942
-0.427573, 0.603673, 0.672874
-0.568491, 0.556378, 0.606021
-0.482979, 0.440574, 0.75672
-0.18208, 0.162587, 0.969749
0.216758, -0.150041, 0.964626
0.344631, -0.473526, 0.810557
0.509259, -0.500022, 0.700452
0.392212, -0.544424, 0.741466
0.4106, -0.639153, 0.650301
-0.531985, -0.269146, 0.80284
-0.479183, -0.265717, 0.836528
-0.179242, -0.193604, 0.964567
0.151432, -0.108363, 0.98251
0.787546, -0.0207908, 0.615905
0.941806, -0.0743335, 0.327834
0.940486, -0.0590751, 0.334658
-0.54356, 0.302966, 0.782786
-0.571308, 0.365347, 0.734935
0.416105, 0.358886, 0.835498
0.529932, 0.405863, 0.744612
0.42777, 0.487758, 0.76099
0.510203, 0.355206, 0.783276
-0.361253, -0.508579, 0.781565
-0.555046, -0.40939, 0.724102
0.144634, 0.0886, 0.985511
0.711007, 0.362553, 0.602515
0.752955, 0.422049, 0.504909
0.742888, 0.293678, 0.601557
0.796721, 0.161403, 0.582396
-0.567032, 0.482299, 0.667729
-0.63985, 0.441631, 0.628931
-0.524075, 0.336307, 0.78246
-0.22553, 0.120663, 0.966735
0.065625, -0.167996, 0.983601
0.209713, -0.360509, 0.908875
0.385744, -0.560304, 0.732981
0.429842, -0.709264, 0.558731
0.313761, -0.662461, 0.68022
-0.905807, -0.113564, 0.408188
-0.737826, -0.26182, 0.622144
-0.271765, -0.251308, 0.928971
-0.0201863, -0.163544, 0.98633
0.269136, -0.0773949, 0.959988
0.778201, -0.0330062, 0.627147
0.922614, -0.0213078, 0.385137
0.94017, -0.0358541, 0.338814
-0.56338, 0.267072, 0.781841
-0.456514, 0.367975, 0.810055
0.295894, 0.346636, 0.890107
0.532426, 0.323325, 0.782294
0.452414, 0.356246, 0.817564
0.564379, 0.351577, 0.746907
-0.405983, -0.587441, 0.700065
-0.457478, -0.593669, 0.66202
-0.0353059, -0.472097, 0.88084
0.65182, -0.112117, 0.75004
0.864782, 0.0996519, 0.49216
0.811069, 0.295337, 0.504919
0.771519, 0.338138, 0.538908
-0.622977, 0.465071, 0.628974
-0.593218, 0.533639, 0.602762
-0.478678, 0.336055, 0.811131
-0.259533, 0.143215, 0.955056
-0.0892058, -0.078842, 0.992888
0.0218428, -0.297938, 0.954335
0.128425, -0.55513, 0.821789
0.366873, -0.688909, 0.625147
-0.696116, -0.440066, 0.567243
-0.971035, -0.0253665, 0.237588
-0.941308, -0.0450729, 0.334526
-0.126516, -0.156861, 0.979484
0.0928135, -0.0966248, 0.990984
0.31842, -0.0586168, 0.946136
0.803141, -0.0352228, 0.594747
0.953109, -0.0118075, 0.302397
0.942871, -0.0303662, 0.33177
-0.596373, 0.144673, 0.789563
-0.638526, 0.0566144, 0.767515
0.304443, 0.0925386, 0.948025
0.583249, 0.136069, 0.800815
0.772024, 0.185231, 0.608004
0.426961, 0.0713095, 0.901454
-0.447481, -0.579634, 0.681018
-0.503403, -0.596724, 0.624905
-0.245941, -0.55583, 0.794082
0.335205, -0.396548, 0.854627
0.772406, -0.188489, 0.606516
0.916111, 0.0500447, 0.39779
0.885637, 0.213409, 0.412436
-0.652055, 0.532431, 0.539761
-0.706046, 0.527266, 0.472748
-0.64254, 0.539918, 0.543719
-0.466135, 0.424448, 0.776248
-0.353358, 0.217975, 0.909739
-0.286812, -0.0388588, 0.957198
-0.251888, -0.305426, 0.918296
-0.241017, -0.516425, 0.821715
-0.932549, -0.244282, 0.265854
-0.935191, -0.240055, 0.26037
-0.723679, -0.0485102, 0.688429
-0.083115, -0.0536781, 0.995093
0.124301, -0.0377405, 0.991527
0.333903, -0.0224529, 0.94234
0.793076, -0.0395571, 0.607837
0.950022, -0.0578909, 0.306767
0.976346, -0.0348627, 0.213383
-0.636947, 0.030947, 0.770286
-0.662387, 0.00174156, 0.74916
0.386701, 0.0241793, 0.921888
0.674441, 0.0728785, 0.734723
0.720055, 0.140774, 0.679488
-0.834323, -0.496835, 0.238872
-0.721737, -0.505773, 0.472536
-0.50591, -0.594669, 0.624839
-0.324133, -0.535852, 0.779615
0.140874, -0.344667, 0.928094
0.572441, -0.138932, 0.80809
0.888205, 0.115675, 0.444647
0.89059, 0.394145, 0.226934
0.950403, 0.153184, 0.270682
-0.670323, 0.553572, 0.494191
-0.659609, 0.59124, 0.46406
-0.644467, 0.574313, 0.504804
-0.573796, 0.459976, 0.677628
-0.574337, 0.13267, 0.807797
-0.506173, -0.294363, 0.810641
-0.876948, -0.204597, 0.43486
-0.895117, -0.354793, 0.269977
-0.964464, -0.0269298, 0.26284
-0.654741, 0.0207083, 0.755569
-0.0677978, 0.0250393, 0.997385
0.138705, 0.00275629, 0.99033
0.30163, 0.0381458, 0.952662
0.753597, -0.0411025, 0.65605
0.945418, -0.0553975, 0.321116
0.995861, -0.0121776, -0.0900727
0.954762, -0.297325, 0.00518915
0.0658377, -0.949855, 0.30568
0.0658377, -0.949855, 0.30568
-0.669909, 0.0296729, 0.74185
-0.608679, 0.0344244, 0.79267
0.406692, 0.0896584, 0.909155
0.316062, -0.845749, 0.429899
-0.669992, -0.699758, 0.247889
-0.767228, -0.597741, 0.232524
-0.912494, -0.212889, 0.349331
-0.386342, -0.484903, 0.784607
0.0854419, -0.259849, 0.961862
0.471447, 0.0351708, 0.881193
0.784978, 0.325509, 0.527117
0.946762, 0.254365, 0.197334
0.972577, 0.171783, 0.156797
0.958978, -0.0134483, 0.283161
0.58805, -0.65514, 0.474329
-0.644898, 0.601825, 0.471077
-0.629122, 0.638524, 0.443275
-0.750307, 0.442097, 0.491518
-0.795356, -0.151091, 0.58701
-0.674131, -0.44404, 0.590234
-0.814646, -0.479912, 0.325632
-0.861306, -0.428525, 0.272981
-0.953249, 0.000224697, 0.302186
-0.605243, 0.149008, 0.78197
-0.121749, 0.166613, 0.978477
0.142147, 0.0139154, 0.989748
0.264893, 0.0565498, 0.962618
0.712926, -0.0137753, 0.701104
0.940354, -0.0489584, 0.336656
0.997834, -0.0589332, 0.0292246
0.653431, -0.753238, 0.0752352
0.490964, -0.839782, 0.231778
0.162799, -0.925694, 0.341449
0.0389566, -0.921183, 0.387175
0.0366348, -0.91066, 0.41153
0.0411317, -0.900629, 0.432637
0.0422499, -0.89289, 0.448287
0.0439965, -0.906589, 0.419715
0.0411647, -0.951187, 0.305859
0.0904705, -0.947944, 0.305314
0.0782434, -0.913756, 0.398657
0.108152, -0.906615, 0.407863
0.151053, -0.911864, 0.38169
0.184889, -0.916091, 0.355801
0.226048, -0.912999, 0.339609
0.280631, -0.907184, 0.31347
0.319733, -0.897753, 0.303002
-0.826185, -0.0300402, 0.562598
-0.843308, -0.0295914, 0.536615
-0.52474, 0.110322, 0.844083
-0.709223, -0.559597, 0.428782
-0.762882, -0.600744, 0.238994
-0.685313, -0.687039, 0.241501
-0.321342, -0.862831, 0.390207
-0.441736, -0.426492, 0.789287
0.0116386, -0.183857, 0.982884
0.494662, 0.152943, 0.855522
0.789227, 0.306993, 0.531861
0.862644, 0.313926, 0.396606
0.901893, 0.123553, 0.413913
0.688223, -0.511808, 0.514201
0.286972, -0.813433, 0.505939
0.268712, -0.860587, 0.432647
0.428794, -0.713194, 0.554518
0.537681, -0.635926, 0.553622
-0.797245, 0.373489, 0.474243
-0.905434, -0.0102213, 0.424364
-0.763484, -0.50288, 0.40522
-0.61102, -0.729305, 0.307845
-0.774165, -0.567486, 0.280406
-0.837155, -0.451146, 0.309255
-0.844629, 0.0377808, 0.534018
-0.571797, 0.177042, 0.801064
-0.303653, 0.199656, 0.931629
-0.016294, 0.0672732, 0.997602
0.262174, 0.0557088, 0.963411
0.657733, 0.00740786, 0.753215
0.900744, -0.102358, 0.422117
0.951207, -0.201781, 0.233432
0.757912, -0.626135, 0.183098
0.404652, -0.877458, 0.257535
0.0472964, -0.930288, 0.363768
0.0281592, -0.92221, 0.385662
0.0413838, -0.910336, 0.411796
0.0403302, -0.898662, 0.436783
0.0416628, -0.892489, 0.44914
0.0447501, -0.887377, 0.458867
0.0479672, -0.886214, 0.460786
0.057359, -0.892472, 0.447441
0.0652535, -0.900843, 0.429212
0.0992969, -0.90683, 0.409633
0.159599, -0.909608, 0.383589
0.193782, -0.916246, 0.350631
0.201066, -0.921327, 0.332758
0.282692, -0.898985, 0.334531
0.356016, -0.894396, 0.270756
0.334236, -0.88866, 0.313959
0.383576, -0.875569, 0.29368
0.409284, -0.876187, 0.254526
0.449392, -0.860366, 0.240452
-0.519605, -0.626182, 0.581298
-0.808261, -0.0304598, 0.588037
-0.923085, 0.0173762, 0.384203
-0.785077, -0.571659, 0.238453
-0.76904, -0.588412, 0.249699
-0.534453, -0.541624, 0.648848
-0.434899, -0.416003, 0.798627
-0.0876596, -0.221713, 0.971164
0.459173, 0.0169956, 0.888184
0.739892, 0.0591166, 0.670123
0.770774, -0.00883332, 0.637047
0.643785, -0.315403, 0.697182
0.472033, -0.520173, 0.711761
0.278739, -0.69967, 0.65785
0.279744, -0.708873, 0.647489
0.348539, -0.678507, 0.646644
0.424666, -0.680389, 0.597268
0.641741, -0.580873, 0.500755
0.59692, -0.544312, 0.589416
0.643262, -0.573839, 0.506876
0.697207, -0.565168, 0.441008
-0.857696, -0.367231, 0.359859
-0.823587, -0.491095, 0.283779
-0.748575, -0.594985, 0.292621
-0.555799, -0.755522, 0.346806
-0.793641, -0.296512, 0.531238
-0.690098, -0.0482978, 0.722103
-0.530595, -0.0237468, 0.847293
-0.320393, -0.0440785, 0.946259
-0.0797107, -0.0542473, 0.995341
0.184182, -0.0551728, 0.981342
0.516994, -0.05718, 0.854077
0.803814, -0.181499, 0.566516
0.883361, -0.320612, 0.341881
0.86228, -0.429675, 0.268054
0.587386, -0.697934, 0.409714
0.11112, -0.785583, 0.608696
0.0553757, -0.796887, 0.601585
0.0621854, -0.804582, 0.590576
0.041106, -0.813625, 0.579936
0.0238059, -0.820544, 0.571088
0.033655, -0.827763, 0.560068
0.0432448, -0.832054, 0.553006
0.0365514, -0.837015, 0.545957
0.0386779, -0.843718, 0.535391
0.0957867, -0.850406, 0.517334
0.153377, -0.853722, 0.497628
0.156408, -0.865518, 0.475831
0.165425, -0.878146, 0.44888
0.248649, -0.877771, 0.409502
0.329027, -0.869552, 0.368267
0.32394, -0.884945, 0.334566
0.326691, -0.902375, 0.281056
0.495273, -0.828375, 0.261725
0.401901, -0.889276, 0.218318
0.446646, -0.851763, 0.273873
0.448853, -0.851101, 0.27232
0.444536, -0.8708, 0.209988
0.625131, -0.771729, 0.116812
-0.380111, -0.86327, 0.332087
-0.885204, -0.399125, 0.238984
-0.841606, -0.485297, 0.237037
-0.685624, -0.363144, 0.63091
-0.475192, -0.365867, 0.800209
-0.201053, -0.273765, 0.940548
0.166546, -0.260496, 0.951002
0.377279, -0.332426, 0.86438
0.384201, -0.471373, 0.79385
0.345432, -0.613257, 0.710346
0.378826, -0.663935, 0.644733
0.399866, -0.68309, 0.611142
0.401729, -0.665506, 0.62906
0.444267, -0.608131, 0.657878
0.49473, -0.538973, 0.681726
0.518078, -0.469709, 0.714821
0.518996, -0.465585, 0.71685
0.521438, -0.578533, 0.627218
0.686036, -0.534506, 0.493617
0.705705, -0.593665, 0.386708
0.803799, -0.444023, 0.395918
-0.859302, -0.386765, 0.334682
-0.855049, -0.429093, 0.291154
-0.829013, -0.356589, 0.430793
-0.799579, -0.321035, 0.507553
-0.739294, -0.210214, 0.639729
-0.645759, -0.22733, 0.728915
-0.528258, -0.214258, 0.821607
-0.314585, -0.188771, 0.93027
-0.0221681, -0.161139, 0.986683
0.245425, -0.165637, 0.95516
0.445396, -0.176129, 0.877838
0.607427, -0.263015, 0.74957
0.775468, -0.396273, 0.491545
0.81954, -0.467177, 0.331813
0.644101, -0.64647, 0.408914
0.21266, -0.662978, 0.717799
-0.0378111, -0.698045, 0.715055
-0.0125314, -0.732171, 0.681005
-0.026574, -0.755126, 0.655041
-0.0157751, -0.768463, 0.639699
0.00526581, -0.779065, 0.626922
0.0147238, -0.78691, 0.616893
0.0108883, -0.794737, 0.606856
0.0178897, -0.802298, 0.596656
0.0763077, -0.810434, 0.580838
0.124472, -0.818038, 0.561534
0.122747, -0.827507, 0.547874
0.132159, -0.834993, 0.534154
0.230698, -0.835877, 0.498085
0.328042, -0.828476, 0.45389
0.337118, -0.837531, 0.429992
0.383634, -0.834725, 0.395043
0.447629, -0.824887, 0.345239
0.46052, -0.831638, 0.310323
0.467164, -0.836855, 0.285362
0.454911, -0.845304, 0.280209
0.423974, -0.870176, 0.25108
0.251105, -0.950891, 0.180977
-0.111911, -0.956341, 0.269979
-0.681198, -0.682149, 0.265787
-0.951299, -0.0740883, 0.299236
-0.586258, -0.150351, 0.79605
-0.40021, -0.131419, 0.906951
-0.267553, -0.093494, 0.958996
-0.167801, -0.238903, 0.956435
0.0472486, -0.426526, 0.903241
0.208386, -0.527127, 0.82384
0.304879, -0.548502, 0.778585
0.352945, -0.585012, 0.730199
0.41522, -0.606525, 0.678026
0.493141, -0.574844, 0.652968
0.559063, -0.546367, 0.623644
0.584383, -0.553275, 0.593619
0.57712, -0.552661, 0.601247
0.581556, -0.495306, 0.645341
0.611091, -0.378592, 0.695152
0.670703, -0.299595, 0.678528
0.792073, -0.374108, 0.482351
0.886038, -0.349062, 0.30511
0.858817, -0.357198, 0.36721
-0.877609, -0.272711, 0.394248
-0.877508, -0.230312, 0.420637
-0.858381, -0.245943, 0.450216
-0.803325, -0.224301, 0.551686
-0.720946, -0.227151, 0.654705
-0.616757, -0.213004, 0.757786
-0.395544, -0.171104, 0.902368
-0.169347, -0.0759989, 0.982622
-0.0127528, -0.0300812, 0.999466
0.155306, -0.0503683, 0.986582
0.342246, -0.134135, 0.929987
0.464582, -0.239996, 0.852388
0.671079, -0.280777, 0.686162
0.757601, -0.43562, 0.486083
0.72214, -0.562419, 0.402739
0.445372, -0.614547, 0.651134
-0.159508, -0.590456, 0.791151
-0.124912, -0.619981, 0.77461
-0.0963214, -0.638121, 0.763887
-0.063376, -0.658211, 0.750161
-0.0296961, -0.681657, 0.731069
-0.0162125, -0.697687, 0.716219
-0.0277321, -0.705994, 0.707675
-0.0167517, -0.713471, 0.700484
0.0548521, -0.723535, 0.688105
0.112421, -0.735937, 0.667651
0.119856, -0.745838, 0.655255
0.13475, -0.755619, 0.641001
0.244951, -0.760227, 0.601709
0.347646, -0.764213, 0.543251
0.35615, -0.778358, 0.517026
0.404712, -0.77619, 0.483463
0.509715, -0.755993, 0.410688
0.538915, -0.753112, 0.37735
0.494483, -0.781546, 0.380358
0.476467, -0.79519, 0.375035
0.448424, -0.809915, 0.378093
0.559372, -0.775616, 0.292443
-0.10557, -0.892096, 0.439341
-0.922119, -0.187053, 0.338685
-0.927793, 0.0821164, 0.363947
-0.652127, 0.133646, 0.746237
-0.44835, 0.157934, 0.879795
-0.33434, 0.123094, 0.934379
-0.317009, 0.0941341, 0.943739
-0.105361, 0.077555, 0.991405
0.181004, 0.0041245, 0.983474
0.28501, -0.13704, 0.948678
0.334605, -0.241262, 0.910951
0.517879, -0.261309, 0.814566
0.578364, -0.325349, 0.748093
0.50915, -0.393615, 0.765398
0.501588, -0.454636, 0.736013
0.623094, -0.452089, 0.638256
0.724565, -0.418957, 0.547248
0.762279, -0.358196, 0.539098
0.740646, -0.268095, 0.616091
0.742636, -0.198903, 0.639476
0.811966, -0.313643, 0.49228
0.865013, -0.403302, 0.298496
0.892003, -0.299803, 0.338303
-0.868081, -0.238744, 0.435244
-0.866245, -0.231253, 0.442879
-0.890101, -0.193495, 0.41265
-0.861753, -0.189249, 0.470708
-0.787332, -0.172167, 0.592002
-0.696044, -0.085268, 0.712918
-0.56165, -0.0138846, 0.827258
-0.353928, 0.0677123, 0.932818
-0.125476, 0.107371, 0.986269
0.0177726, 0.133893, 0.990836
0.109467, 0.146354, 0.983157
0.19362, 0.115284, 0.97428
0.425798, 0.0249286, 0.904475
0.593163, -0.0999385, 0.798855
0.659188, -0.240184, 0.712589
0.757098, -0.384726, 0.528003
0.535883, -0.565253, 0.627151
-0.0145963, -0.472474, 0.881223
-0.12412, -0.447616, 0.88557
-0.12808, -0.451887, 0.882833
-0.136401, -0.467353, 0.873485
-0.108591, -0.494187, 0.862547
-0.0645589, -0.519523, 0.852014
-0.0428842, -0.531333, 0.846077
-0.0187224, -0.539201, 0.841969
0.0494437, -0.554023, 0.831032
0.104847, -0.574689, 0.811628
0.10658, -0.589507, 0.800701
0.104892, -0.606278, 0.788305
0.19719, -0.624931, 0.755366
0.322607, -0.649143, 0.688867
0.378068, -0.669065, 0.639857
0.417013, -0.682709, 0.600007
0.508555, -0.685741, 0.520703
0.572487, -0.692652, 0.43874
0.611122, -0.689698, 0.388391
0.628344, -0.681838, 0.37454
0.602058, -0.67238, 0.430618
0.735681, -0.561666, 0.378555
0.637649, -0.65783, 0.400829
-0.911838, 0.159452, 0.378321
-0.93156, 0.172093, 0.32028
-0.657755, 0.302151, 0.689973
-0.451798, 0.331681, 0.82817
-0.355069, 0.299679, 0.885504
-0.238809, 0.358318, 0.90254
-0.0729882, 0.416196, 0.906341
-0.0283029, 0.390972, 0.919967
0.0512763, 0.264067, 0.96314
0.278147, 0.148833, 0.948938
0.408205, 0.00366203, 0.912883
0.461383, -0.124797, 0.87838
0.541803, -0.193163, 0.818008
0.604921, -0.189323, 0.773451
0.648957, -0.1805, 0.739104
0.708709, -0.245953, 0.661241
0.76689, -0.329152, 0.550943
0.781575, -0.344974, 0.519743
0.789994, -0.245462, 0.561835
0.808461, -0.153289, 0.568237
0.87809, -0.177219, 0.444468
0.912579, -0.312055, 0.264236
0.921475, -0.253977, 0.293905
-0.882584, -0.214391, 0.418427
-0.883013, -0.186791, 0.430577
-0.852042, -0.297378, 0.430802
-0.878441, -0.188729, 0.439002
-0.856798, -0.137511, 0.496978
-0.746999, -0.074421, 0.660647
-0.627405, 0.066983, 0.775807
-0.522474, 0.201325, 0.828547
-0.280982, 0.306881, 0.909326
-0.10129, 0.304002, 0.947271
0.0320986, 0.276882, 0.960368
0.128407, 0.28509, 0.949861
0.195295, 0.273748, 0.941765
0.214509, 0.271839, 0.938131
0.430073, 0.133486, 0.892871
0.594023, 0.0183516, 0.804239
0.677966, -0.119553, 0.725306
0.590336, -0.361828, 0.721515
0.182921, -0.29255, 0.938592
-0.148898, -0.218296, 0.964457
-0.172595, -0.223009, 0.959415
-0.169458, -0.231875, 0.957872
-0.137238, -0.238115, 0.961492
-0.0920559, -0.251438, 0.963486
-0.0772174, -0.263296, 0.96162
-0.0638525, -0.285614, 0.956215
0.00820915, -0.317315, 0.948285
0.0826364, -0.358666, 0.929801
0.0970999, -0.390685, 0.915389
0.101587, -0.408209, 0.907219
0.207879, -0.41957, 0.883599
0.344787, -0.436642, 0.830943
0.387062, -0.475767, 0.789828
0.418607, -0.526391, 0.740055
0.504038, -0.561681, 0.656095
0.550267, -0.595598, 0.58521
0.582372, -0.62917, 0.51477
0.684091, -0.615159, 0.391916
0.703777, -0.618131, 0.35016
0.746941, -0.565763, 0.349274
0.811632, -0.500324, 0.301545
-0.748471, -0.331242, 0.574517
-0.880969, 0.362002, 0.304709
-0.752482, 0.344287, 0.561459
-0.521298, 0.392284, 0.757867
-0.336505, 0.405882, 0.84972
-0.195899, 0.448791, 0.8719
-0.0828178, 0.439142, 0.894592
-0.054041, 0.382063, 0.922555
-0.0499529, 0.323024, 0.945072
0.0136171, 0.274777, 0.961411
0.231546, 0.134658, 0.963459
0.41926, 0.0667737, 0.905407
0.49093, 0.033134, 0.870569
0.58821, -0.0231671, 0.808376
0.649634, -0.0973806, 0.753984
0.656421, -0.123922, 0.744147
0.706415, -0.187622, 0.682478
0.796019, -0.262831, 0.545228
0.844003, -0.248492, 0.475301
0.862765, -0.171121, 0.475767
0.867765, -0.116116, 0.48322
0.909193, -0.163941, 0.382743
0.93097, -0.282715, 0.231012
0.948987, -0.213426, 0.232104
-0.887667, -0.205537, 0.412071
-0.881353, -0.241797, 0.405897
-0.859232, -0.254287, 0.443912
-0.855345, -0.190113, 0.481914
-0.832536, -0.0865379, 0.547169
-0.686589, 0.0371173, 0.726098
-0.506782, 0.174335, 0.844263
-0.368585, 0.387519, 0.84497
-0.287967, 0.416603, 0.862274
-0.193703, 0.421086, 0.886096
-0.0231011, 0.410448, 0.911592
0.0967151, 0.418472, 0.903066
0.16744, 0.39769, 0.902112
0.248334, 0.365266, 0.897168
0.323981, 0.366741, 0.872088
0.439794, 0.216586, 0.871592
0.552553, 0.122832, 0.824377
0.550094, -0.0546753, 0.833311
0.282339, -0.0815996, 0.955838
-0.0628578, 0.00639327, 0.998002
-0.174383, 0.0221381, 0.984429
-0.182093, 0.0127942, 0.983198
-0.154217, 0.00493248, 0.988025
-0.11318, -0.0206886, 0.993359
-0.104507, -0.0436151, 0.993567
-0.102162, -0.0627117, 0.992789
-0.048587, -0.0818685, 0.995458
0.0125718, -0.116239, 0.993142
0.0501979, -0.156864, 0.986344
0.0830821, -0.195953, 0.977087
0.190428, -0.22796, 0.954867
0.30997, -0.256882, 0.915385
0.331381, -0.29635, 0.895748
0.34552, -0.345409, 0.87253
0.486758, -0.390012, 0.781637
0.600674, -0.411749, 0.685313
0.626321, -0.439827, 0.643641
0.644175, -0.501734, 0.577322
0.678295, -0.576832, 0.455171
0.784226, -0.52723, 0.327137
0.785802, -0.554698, 0.273542
0.286443, -0.808921, 0.513418
-0.824707, 0.399238, 0.400584
-0.847135, 0.324349, 0.420903
-0.559187, 0.472384, 0.681295
-0.372566, 0.435964, 0.819225
-0.239875, 0.437678, 0.866543
-0.199042, 0.33683, 0.920287
-0.203127, 0.273454, 0.940193
-0.109402, 0.225965, 0.967973
0.0134647, 0.222402, 0.974862
0.146127, 0.253071, 0.956348
0.36118, 0.194285, 0.912032
0.471959, 0.14342, 0.869877
0.49259, 0.116545, 0.862422
0.573903, 0.0229598, 0.818602
0.663097, -0.0524606, 0.746693
0.704346, -0.0513782, 0.707996
0.77502, -0.0819394, 0.626602
0.83975, -0.185611, 0.510263
0.862663, -0.201089, 0.464085
0.873439, -0.163746, 0.458575
0.902884, -0.0986361, 0.418416
0.949886, -0.141947, 0.278509
0.959129, -0.214046, 0.185085
0.964053, -0.176541, 0.198585
-0.899858, -0.162847, 0.404643
-0.897442, -0.187746, 0.399186
-0.863113, -0.166419, 0.476803
-0.833347, -0.184047, 0.52121
-0.792385, -0.0200593, 0.609691
-0.592492, 0.0927186, 0.800223
-0.338399, 0.242255, 0.909285
-0.297701, 0.352692, 0.88712
-0.270412, 0.451599, 0.850257
-0.155426, 0.51391, 0.843647
-0.0131475, 0.527014, 0.849755
0.0901211, 0.520355, 0.849182
0.105069, 0.517676, 0.849101
0.16484, 0.480571, 0.861324
0.229375, 0.434815, 0.870817
0.316834, 0.359414, 0.877746
0.429483, 0.256773, 0.865801
0.457796, 0.150381, 0.876247
0.286325, 0.146851, 0.946812
-0.0222882, 0.15433, 0.987768
-0.174157, 0.155509, 0.972361
-0.201245, 0.141895, 0.969209
-0.188227, 0.129378, 0.973567
-0.161169, 0.104306, 0.981399
-0.138155, 0.0816806, 0.987037
-0.119045, 0.0677852, 0.990572
-0.0621585, 0.0587642, 0.996335
-0.0110684, 0.0472752, 0.998821
-0.00256577, 0.0264072, 0.999648
0.0129064, -0.0125782, 0.999838
0.142977, -0.0602218, 0.987892
0.292566, -0.104355, 0.950534
0.323383, -0.143511, 0.935322
0.338592, -0.177081, 0.92412
0.471116, -0.206698, 0.857511
0.586269, -0.246196, 0.771801
0.608534, -0.294758, 0.736752
0.659274, -0.336852, 0.672226
0.715313, -0.363309, 0.596937
0.703911, -0.460362, 0.540903
0.74977, -0.544102, 0.376559
0.741661, -0.598394, 0.30309
-0.251139, -0.584788, 0.771331
-0.831162, 0.306363, 0.464017
-0.676985, 0.462713, 0.572353
-0.504359, 0.431251, 0.748094
-0.377719, 0.354396, 0.855413
-0.32633, 0.232435, 0.916233
-0.218731, 0.207485, 0.953471
-0.13691, 0.257711, 0.956473
0.0418921, 0.264241, 0.963547
0.196155, 0.294652, 0.935256
0.293235, 0.292128, 0.910316
0.409818, 0.203325, 0.889218
0.472258, 0.158625, 0.86707
0.500348, 0.148248, 0.853038
0.603028, 0.0759388, 0.794097
0.700213, -0.00263434, 0.71393
0.739385, 0.0146053, 0.673125
0.811368, -0.034309, 0.583528
0.877114, -0.103489, 0.469
0.906114, -0.0687749, 0.417406
0.915627, -0.0470527, 0.399265
0.946993, -0.0399669, 0.318759
0.967421, -0.138751, 0.211764
0.973284, -0.110997, 0.200993
-0.918162, -0.0430596, 0.393858
-0.912461, -0.0574917, 0.405104
-0.874807, -0.0894644, 0.476139
-0.824803, -0.120231, 0.552489
-0.719432, 0.0224201, 0.694201
-0.530116, 0.171168, 0.830469
-0.266354, 0.229134, 0.936244
-0.106217, 0.284498, 0.952774
-0.0817258, 0.461149, 0.883551
-0.125946, 0.543792, 0.829715
-0.0495406, 0.556721, 0.829221
0.0644078, 0.546227, 0.835157
0.0900072, 0.547819, 0.831741
0.101683, 0.546763, 0.83109
0.137611, 0.513714, 0.846854
0.191669, 0.467996, 0.862695
0.297582, 0.37464, 0.878117
0.415772, 0.342147, 0.842656
0.277027, 0.344956, 0.896806
-0.0408077, 0.308186, 0.950451
-0.177895, 0.29362, 0.939223
-0.210965, 0.281205, 0.936172
-0.201505, 0.273901, 0.940412
-0.175162, 0.267641, 0.947463
-0.152178, 0.263211, 0.95266
-0.133463, 0.2482, 0.959471
-0.07771, 0.227895, 0.97058
-0.0308443, 0.200994, 0.979107
-0.0282289, 0.171396, 0.984798
-0.0293643, 0.147945, 0.98856
0.0749843, 0.123589, 0.989496
0.217449, 0.0793618, 0.97284
0.259328, 0.0279729, 0.965384
0.283185, -0.00880538, 0.959025
0.434661, -0.0389127, 0.899753
0.568104, -0.0723587, 0.819769
0.60069, -0.114223, 0.79128
0.658146, -0.160697, 0.735541
0.713841, -0.226712, 0.662596
0.738607, -0.287621, 0.6097
0.734933, -0.349022, 0.581427
0.642571, -0.563029, 0.519712
0.465251, -0.708024, 0.531266
-0.163735, -0.142102, 0.976216
-0.673249, 0.350766, 0.650922
-0.641788, 0.408917, 0.648764
-0.537415, 0.297541, 0.789085
-0.40471, 0.310261, 0.860202
-0.193951, 0.274067, 0.94195
-0.0496731, 0.32084, 0.94583
0.0523999, 0.345555, 0.936934
0.188131, 0.305508, 0.933419
0.250282, 0.298433, 0.92103
0.318793, 0.259823, 0.911517
0.436203, 0.176896, 0.882289
0.49674, 0.181729, 0.84866
0.535573, 0.189695, 0.822908
0.66681, 0.113567, 0.736524
0.762351, 0.0905097, 0.640803
0.801071, 0.109709, 0.58843
0.873699, 0.0272044, 0.485706
0.908131, -0.00389799, 0.418668
0.916953, -0.00226953, 0.398989
0.939339, 0.0370297, 0.340986
0.978911, 0.0214478, 0.203159
0.985218, 0.0393958, 0.166714
-0.927414, 0.0745213, 0.366538
-0.929526, 0.0265039, 0.367803
-0.91689, 0.047261, 0.396332
-0.886133, -0.0109382, 0.463301
-0.821683, 0.0418287, 0.568408
-0.645165, 0.0944096, 0.758188
-0.44989, 0.241414, 0.859836
-0.267321, 0.277865, 0.922676
-0.00594832, 0.32349, 0.946213
0.123956, 0.369551, 0.920905
-0.00399044, 0.487392, 0.873174
-0.0405649, 0.573914, 0.81791
0.0543539, 0.571064, 0.819104
0.101003, 0.56438, 0.819313
0.0974377, 0.570904, 0.815214
0.0862518, 0.566192, 0.819749
0.0924079, 0.556599, 0.825626
0.24291, 0.522981, 0.816998
0.38139, 0.498873, 0.778246
0.207847, 0.492167, 0.845323
-0.0708587, 0.443992, 0.893225
-0.180295, 0.426135, 0.886512
-0.212378, 0.415938, 0.884246
-0.200625, 0.40809, 0.890625
-0.173074, 0.404068, 0.898206
-0.160871, 0.404602, 0.900232
-0.164712, 0.397569, 0.902667
-0.127398, 0.388244, 0.912708
-0.0867988, 0.37349, 0.923564
-0.0712633, 0.357939, 0.931022
-0.051575, 0.345871, 0.936863
0.0487527, 0.342092, 0.938401
0.170633, 0.321893, 0.931273
0.21694, 0.292094, 0.93146
0.262598, 0.255628, 0.930428
0.412167, 0.208644, 0.886897
0.539728, 0.139475, 0.830205
0.559627, 0.0888343, 0.82397
0.596973, 0.0286076, 0.801751
0.659249, -0.0587428, 0.749627
0.694241, -0.146467, 0.704682
0.707254, -0.253445, 0.659967
0.725295, -0.318529, 0.610317
0.57872, -0.424285, 0.696467
0.328917, -0.522855, 0.786407
-0.16232, -0.190534, 0.968168
-0.6359, 0.248576, 0.730644
-0.594441, 0.310129, 0.74193
-0.416682, 0.346663, 0.840358
-0.254391, 0.388481, 0.885645
-0.0561147, 0.377091, 0.924475
0.0132281, 0.381465, 0.924289
0.130146, 0.320419, 0.938293
0.240058, 0.256279, 0.936319
0.265336, 0.255418, 0.929709
0.393377, 0.214184, 0.89408
0.520866, 0.198624, 0.830209
0.546543, 0.230941, 0.804957
0.637638, 0.222545, 0.73749
0.74848, 0.152923, 0.645284
0.780777, 0.175664, 0.599607
0.843921, 0.157515, 0.512822
0.901068, 0.127271, 0.414581
0.924039, 0.15313, 0.350291
0.944431, 0.176876, 0.277065
0.971763, 0.168094, 0.165595
0.991114, 0.105526, 0.0809797
0.981453, 0.173841, 0.0808048
-0.919433, 0.106015, 0.378686
-0.923158, 0.122366, 0.364425
-0.912444, 0.180846, 0.367072
-0.886951, 0.121201, 0.445677
-0.808607, 0.183035, 0.559155
-0.638831, 0.247821, 0.72834
-0.400624, 0.304543, 0.86415
-0.226286, 0.359327, 0.905361
-0.0167201, 0.401331, 0.915781
0.170774, 0.36599, 0.914815
0.219721, 0.441035, 0.870178
0.0875863, 0.55054, 0.830201
0.0288265, 0.590296, 0.806672
0.0852958, 0.574764, 0.813862
0.104123, 0.570642, 0.814571
0.106768, 0.575983, 0.81046
0.108083, 0.588388, 0.801322
0.197687, 0.600404, 0.774877
0.323794, 0.591433, 0.738488
0.156256, 0.580655, 0.799015
-0.101846, 0.543275, 0.833354
-0.175991, 0.534693, 0.826517
-0.212857, 0.528423, 0.821864
-0.207686, 0.526933, 0.824141
-0.17185, 0.531127, 0.829682
-0.148765, 0.533621, 0.832536
-0.148626, 0.53481, 0.831799
-0.114686, 0.541462, 0.832866
-0.0764082, 0.549239, 0.832165
-0.0658671, 0.554417, 0.829628
-0.0556278, 0.551955, 0.832016
0.0263898, 0.547669, 0.836279
0.12905, 0.531818, 0.836968
0.153659, 0.510341, 0.846133
0.167077, 0.481922, 0.860137
0.292723, 0.441873, 0.847975
0.439339, 0.374107, 0.816716
0.490252, 0.317734, 0.811602
0.532705, 0.265259, 0.803656
0.597066, 0.176275, 0.782585
0.62327, 0.0638482, 0.779396
0.642872, -0.0493424, 0.764383
0.679542, -0.167816, 0.714185
0.520508, -0.309811, 0.795669
0.28361, -0.385268, 0.878142
0.217646, -0.48121, 0.849157
-0.174552, -0.210905, 0.961795
-0.512655, 0.182126, 0.839056
-0.420945, 0.228403, 0.877859
-0.224492, 0.319626, 0.920567
-0.0993983, 0.379195, 0.919962
-0.0384877, 0.379965, 0.9242
0.00698836, 0.331871, 0.943299
0.166452, 0.230859, 0.958644
0.274855, 0.231899, 0.933101
0.385016, 0.266843, 0.883492
0.526149, 0.250453, 0.812675
0.566881, 0.303802, 0.765735
0.603817, 0.350198, 0.716076
0.729086, 0.316934, 0.606619
0.78738, 0.331178, 0.519956
0.838945, 0.320099, 0.440122
0.888293, 0.29674, 0.350545
0.909713, 0.285643, 0.30138
0.929292, 0.270755, 0.251213
0.956862, 0.238492, 0.165941
0.96712, 0.241328, 0.0802453
0.970047, 0.231881, 0.0723915
-0.890933, 0.129089, 0.435402
-0.900176, 0.168548, 0.40159
-0.893785, 0.282238, 0.348555
-0.886432, 0.249291, 0.389991
-0.79474, 0.320607, 0.515363
-0.637568, 0.365899, 0.677956
-0.41755, 0.437118, 0.796605
-0.196645, 0.489047, 0.849802
-0.0372795, 0.451668, 0.891407
0.171682, 0.472725, 0.864324
0.285418, 0.50768, 0.812895
0.220454, 0.503715, 0.835267
0.0991861, 0.561074, 0.821802
0.0571898, 0.576002, 0.815446
0.0988679, 0.569377, 0.816109
0.118302, 0.583461, 0.803479
0.136795, 0.611344, 0.779452
0.250271, 0.63707, 0.729045
0.3107, 0.647112, 0.696212
0.106458, 0.663754, 0.740336
-0.0923614, 0.661867, 0.743909
-0.150323, 0.662008, 0.734267
-0.186219, 0.655838, 0.731573
-0.179233, 0.659943, 0.729623
-0.15253, 0.668103, 0.728267
-0.136903, 0.668685, 0.730834
-0.13519, 0.669705, 0.730219
-0.0999263, 0.673961, 0.731978
-0.0616249, 0.672877, 0.737183
-0.0590939, 0.666579, 0.743088
-0.0665061, 0.658137, 0.749955
-0.00659903, 0.65417, 0.756319
0.0808382, 0.643661, 0.761029
0.108615, 0.629195, 0.769621
0.132863, 0.615802, 0.776618
0.241113, 0.599657, 0.76307
0.358164, 0.561343, 0.746065
0.398712, 0.518322, 0.756552
0.417525, 0.477126, 0.77332
0.445003, 0.417639, 0.792181
0.489683, 0.336198, 0.804476
0.531482, 0.259507, 0.806339
0.583952, 0.151157, 0.797591
0.463407, 0.00654745, 0.886122
0.143993, -0.0391752, 0.988803
0.100177, -0.189665, 0.976725
0.127303, -0.238435, 0.962779
-0.181709, 0.035876, 0.982698
-0.318658, 0.238386, 0.917403
-0.10841, 0.245617, 0.963286
0.00824881, 0.3086, 0.951156
-0.0662954, 0.327121, 0.942654
-0.087173, 0.319187, 0.943674
0.0996743, 0.31492, 0.94387
0.314736, 0.381877, 0.868971
0.415133, 0.440838, 0.795818
0.546605, 0.44737, 0.707873
0.615852, 0.457621, 0.641334
0.637802, 0.47937, 0.602838
0.721518, 0.463239, 0.514608
0.761759, 0.449666, 0.466395
0.806549, 0.428256, 0.407523
0.855096, 0.40018, 0.329647
0.878594, 0.384846, 0.282783
0.902737, 0.372205, 0.215706
0.939636, 0.326586, 0.102103
0.936923, 0.345208, 0.0548312
0.953482, 0.283574, 0.102268
-0.833323, 0.0524072, 0.550296
-0.863336, 0.0333139, 0.503529
-0.864203, 0.190265, 0.465781
-0.877506, 0.313469, 0.362934
-0.850335, 0.39772, 0.3446
-0.794958, 0.420645, 0.43715
-0.643038, 0.523297, 0.559162
-0.382596, 0.587561, 0.713016
-0.281515, 0.578121, 0.76585
-0.084505, 0.623352, 0.777362
0.236746, 0.570829, 0.786197
0.255855, 0.560486, 0.787651
0.170034, 0.573044, 0.801692
0.159069, 0.540734, 0.826017
0.0993491, 0.590658, 0.800783
0.110357, 0.624861, 0.772897
0.18077, 0.617675, 0.765376
0.214598, 0.648251, 0.73056
0.274354, 0.678884, 0.681063
0.331155, 0.696939, 0.636092
0.164376, 0.759349, 0.62958
-0.0376523, 0.775179, 0.630619
-0.1198, 0.776333, 0.618833
-0.162314, 0.77063, 0.616265
-0.15197, 0.78111, 0.605617
-0.130357, 0.793002, 0.595109
-0.116069, 0.796922, 0.592827
-0.114728, 0.795636, 0.594811
-0.102444, 0.791954, 0.601926
-0.0845643, 0.780628, 0.619249
-0.0804555, 0.765145, 0.638812
-0.0790124, 0.753985, 0.652123
-0.0255668, 0.751358, 0.659399
0.0509202, 0.739746, 0.670956
0.0765336, 0.7244, 0.685118
0.0950143, 0.713931, 0.69374
0.182646, 0.69904, 0.691363
0.275186, 0.669412, 0.690043
0.31177, 0.636018, 0.70589
0.340907, 0.603353, 0.720935
0.37516, 0.573359, 0.728365
0.400896, 0.551112, 0.731818
0.418628, 0.519718, 0.744744
0.426068, 0.479892, 0.766922
0.325601, 0.404908, 0.85442
0.0523485, 0.366253, 0.929042
-0.0177053, 0.304466, 0.952358
0.119644, 0.265042, 0.956785
0.0356607, 0.291222, 0.955991
-0.193538, 0.391507, 0.899592
-0.16587, 0.371787, 0.913379
0.00923438, 0.347361, 0.937686
-0.0167035, 0.367838, 0.92974
-0.0182204, 0.41753, 0.90848
0.237673, 0.50981, 0.826804
0.424468, 0.545655, 0.722556
0.46591, 0.574121, 0.673285
0.530637, 0.589392, 0.609131
0.567111, 0.588526, 0.576214
0.598789, 0.58637, 0.545547
0.680741, 0.562555, 0.469172
0.736589, 0.528243, 0.42237
0.78464, 0.51563, 0.344189
0.830408, 0.487593, 0.269583
0.851486, 0.477356, 0.217031
0.882479, 0.44621, 0.148754
0.912425, 0.402316, 0.0749802
0.940579, 0.333351, 0.0647177
0.955314, 0.210248, 0.207778
0.882398, -0.0482961, 0.468018
0.352788, -0.535, 0.767669
0.352788, -0.535, 0.767669
0.476668, -0.173392, 0.861814
-0.802862, 0.0828574, 0.590379
-0.800434, 0.0713196, 0.595163
-0.803003, 0.232658, 0.548686
-0.83151, 0.349636, 0.431679
-0.810625, 0.488036, 0.323585
-0.761545, 0.545905, 0.349337
-0.631288, 0.638323, 0.440477
-0.503172, 0.665325, 0.551508
-0.22188, 0.741975, 0.632647
-0.120574, 0.763914, 0.633953
0.0124277, 0.748413, 0.663116
0.255263, 0.658135, 0.708308
0.158319, 0.661729, 0.732836
0.124387, 0.648939, 0.750604
0.201093, 0.66437, 0.719843
0.139361, 0.686535, 0.713616
0.163294, 0.662793, 0.730781
0.273875, 0.656736, 0.702631
0.363389, 0.689756, 0.626247
0.431909, 0.715186, 0.549512
0.250032, 0.803992, 0.539519
0.0191589, 0.832655, 0.553461
-0.0766873, 0.840073, 0.537026
-0.111323, 0.851589, 0.512254
-0.0888837, 0.863527, 0.496407
-0.0860588, 0.867872, 0.489277
-0.0989527, 0.868123, 0.486385
-0.117214, 0.864639, 0.488528
-0.123433, 0.863497, 0.489016
-0.120349, 0.85902, 0.497595
-0.109557, 0.852977, 0.510321
-0.0963301, 0.846665, 0.523335
-0.0621583, 0.844351, 0.532173
-0.0115713, 0.83669, 0.547554
0.0254955, 0.824284, 0.565602
0.0548721, 0.808676, 0.585689
0.125148, 0.787247, 0.603804
0.199643, 0.762962, 0.614843
0.227638, 0.743807, 0.628436
0.259149, 0.718933, 0.644963
0.305809, 0.689684, 0.656366
0.343035, 0.660999, 0.667388
0.354753, 0.642298, 0.679414
0.339527, 0.626086, 0.701953
0.222121, 0.601153, 0.767644
-0.0141677, 0.574092, 0.818668
-0.0397874, 0.548414, 0.83526
0.09934, 0.562838, 0.820576
0.0262187, 0.539974, 0.841273
-0.18752, 0.479362, 0.85735
-0.182108, 0.489653, 0.852688
-0.0156506, 0.486286, 0.873659
0.0395838, 0.497167, 0.866751
0.130301, 0.583294, 0.801742
0.312543, 0.639593, 0.702309
0.416882, 0.648642, 0.636768
0.469737, 0.658493, 0.587992
0.532811, 0.66203, 0.527094
0.565357, 0.655707, 0.50042
0.605535, 0.641268, 0.471277
0.663233, 0.627931, 0.407216
0.721922, 0.591878, 0.358482
0.763887, 0.581829, 0.279199
0.802149, 0.55411, 0.222528
0.814078, 0.554372, 0.173059
0.858655, 0.498556, 0.11897
0.891355, 0.44698, 0.0754697
0.899925, 0.411894, 0.143103
0.864826, -0.0177912, 0.501757
0.703585, -0.330587, 0.629032
0.608205, -0.157427, 0.778012
-0.489938, -0.599796, 0.632618
-0.418758, -0.585247, 0.694354
-0.0852185, -0.458776, 0.884456
0.375212, -0.347721, 0.859247
0.174235, -0.8137, 0.554558
0.476668, -0.173392, 0.861814
0.476668, -0.173392, 0.861814
-0.755058, 0.157442, 0.636475
-0.733717, 0.142793, 0.664281
-0.724093, 0.274868, 0.632564
-0.730891, 0.395629, 0.556127
-0.764145, 0.503638, 0.403027
-0.729517, 0.610336, 0.308701
-0.636034, 0.704019, 0.31594
-0.434882, 0.830726, 0.347523
-0.253796, 0.876553, 0.408953
-0.126525, 0.871718, 0.473391
-0.0767527, 0.870041, 0.486968
0.00487585, 0.856678, 0.515829
0.100306, 0.824878, 0.556341
0.124102, 0.818453, 0.561011
0.154231, 0.773767, 0.614408
0.0929662, 0.728546, 0.678659
0.114525, 0.734091, 0.669323
0.302371, 0.716368, 0.628799
0.452438, 0.697124, 0.556164
0.540222, 0.686284, 0.487005
0.37329, 0.778722, 0.504229
0.102888, 0.844511, 0.525562
0.0276166, 0.867185, 0.49722
-0.0324578, 0.882024, 0.470086
-0.0698674, 0.889603, 0.45136
-0.0763358, 0.895916, 0.437615
-0.0826619, 0.899337, 0.429373
-0.0893408, 0.902968, 0.420317
-0.0959638, 0.906248, 0.411711
-0.110179, 0.905515, 0.409759
-0.116134, 0.902613, 0.414491
-0.109299, 0.89992, 0.422135
-0.0836865, 0.898978, 0.429925
-0.0526632, 0.894079, 0.444802
-0.0405767, 0.885098, 0.463633
-0.0377135, 0.873394, 0.485552
0.0271293, 0.863469, 0.503673
0.120409, 0.848597, 0.515155
0.151988, 0.837391, 0.525049
0.166872, 0.824766, 0.540291
0.200915, 0.806834, 0.555565
0.246134, 0.780377, 0.57483
0.279447, 0.747581, 0.602521
0.258688, 0.71476, 0.649768
0.154638, 0.69326, 0.703902
-0.04173, 0.680587, 0.731478
-0.0404648, 0.680828, 0.731325
0.0748492, 0.693869, 0.716201
-0.0673663, 0.61056, 0.7891
-0.230807, 0.487015, 0.842345
-0.173453, 0.518053, 0.837577
-0.0139453, 0.538213, 0.842694
0.138697, 0.632123, 0.762354
0.245778, 0.6989, 0.671664
0.374779, 0.703845, 0.603442
0.458446, 0.70359, 0.542944
0.495955, 0.707939, 0.502842
0.522304, 0.71257, 0.468448
0.519819, 0.717181, 0.464154
0.574203, 0.703371, 0.419
0.643292, 0.676593, 0.358326
0.716869, 0.628504, 0.301798
0.749197, 0.624651, 0.220261
0.77022, 0.617165, 0.160838
0.774254, 0.620966, 0.122198
0.784669, 0.614553, 0.0813619
0.846816, 0.52452, 0.0882182
0.828737, 0.435681, 0.35125
0.225626, 0.594554, 0.77175
0.408544, 0.193677, 0.891953
0.631201, -0.31433, 0.709071
0.465212, -0.0718511, 0.882279
-0.627895, -0.433818, 0.646181
-0.501322, -0.623338, 0.600105
-0.477701, -0.575209, 0.66403
-0.265068, -0.540165, 0.798724
0.519928, -0.0842968, 0.85004
0.77168, 0.325364, 0.546488
0.658029, -0.0221667, 0.752667
-0.741942, 0.231396, 0.629268
-0.722139, 0.25636, 0.642491
-0.658183, 0.29921, 0.690846
-0.666287, 0.381148, 0.640927
-0.677455, 0.426808, 0.599074
-0.604682, 0.66496, 0.438391
-0.570861, 0.751099, 0.331613
-0.519905, 0.799037, 0.302057
-0.401345, 0.86794, 0.29258
-0.244685, 0.920055, 0.305986
-0.0988989, 0.93969, 0.327417
-0.0345837, 0.939451, 0.340934
-0.027265, 0.933946, 0.356372
-0.0427835, 0.920957, 0.387308
-0.0669316, 0.900846, 0.428949
0.0115397, 0.880351, 0.474183
0.124326, 0.854103, 0.505026
0.247212, 0.808773, 0.53364
0.421598, 0.73637, 0.529165
0.573227, 0.672311, 0.46841
0.484874, 0.723434, 0.491468
0.244164, 0.818066, 0.520723
0.124553, 0.853236, 0.506433
0.0492053, 0.871923, 0.487164
0.0205016, 0.882899, 0.469116
-0.0135585, 0.898423, 0.438921
-0.0354348, 0.912284, 0.408022
-0.0474256, 0.918347, 0.392925
-0.0680119, 0.922271, 0.380514
-0.0966171, 0.92696, 0.362504
-0.114477, 0.926849, 0.357554
-0.118567, 0.923124, 0.365766
-0.115576, 0.92059, 0.373036
-0.101568, 0.917359, 0.384885
-0.0820928, 0.914572, 0.396004
-0.068603, 0.912191, 0.403983
-0.0212344, 0.912597, 0.408308
0.0558957, 0.906245, 0.41904
0.094356, 0.897592, 0.43061
0.10442, 0.890004, 0.443835
0.118479, 0.879203, 0.461482
0.125288, 0.862258, 0.490728
0.1201, 0.842402, 0.525295
0.126966, 0.812459, 0.569026
0.100729, 0.788496, 0.606736
-0.0251684, 0.769398, 0.638274
-0.0184301, 0.767277, 0.641051
-0.0480992, 0.725473, 0.686567
-0.304611, 0.522944, 0.796079
-0.318337, 0.461705, 0.827943
-0.141011, 0.513898, 0.846182
0.15991, 0.593269, 0.788962
0.337534, 0.684133, 0.646555
0.316292, 0.74208, 0.590997
0.376869, 0.760633, 0.528589
0.445273, 0.759393, 0.474399
0.476239, 0.76259, 0.437781
0.50473, 0.757778, 0.413545
0.52173, 0.760597, 0.38638
0.55915, 0.761594, 0.327606
0.578387, 0.769064, 0.272045
0.621418, 0.762186, 0.181418
0.667243, 0.736686, 0.109912
0.689302, 0.719641, 0.0835405
0.780071, 0.620841, 0.0777488
0.797587, 0.596068, 0.0925132
0.81697, 0.570393, 0.0849177
0.118776, 0.534128, 0.837018
-0.305149, 0.691354, 0.654915
-0.0436955, 0.361261, 0.93144
0.655342, -0.238886, 0.716561
0.524468, -0.122818, 0.842525
-0.734907, -0.309951, 0.603193
-0.70813, -0.347187, 0.614827
-0.647044, -0.312142, 0.69563
-0.224198, -0.132531, 0.96549
0.418218, 0.37228, 0.828554
0.716174, 0.533242, 0.450276
0.676976, 0.591001, 0.438659
0.732725, 0.463494, 0.498284
-0.743512, 0.274945, 0.609586
-0.763484, 0.293011, 0.575531
-0.654343, 0.323401, 0.683555
-0.67152, 0.296766, 0.678963
-0.650144, 0.337071, 0.680952
-0.564643, 0.394676, 0.724851
-0.511136, 0.603269, 0.612214
-0.37081, 0.797707, 0.475566
-0.317678, 0.870027, 0.377007
-0.32827, 0.8805, 0.341993
-0.253435, 0.908499, 0.332265
-0.119254, 0.935238, 0.333329
-0.0681087, 0.943083, 0.325509
-0.0996305, 0.938903, 0.329447
-0.123143, 0.935892, 0.330065
-0.154743, 0.927981, 0.338978
-0.123277, 0.92489, 0.359697
-0.00090572, 0.920795, 0.390046
0.238588, 0.865656, 0.440132
0.537797, 0.709954, 0.454686
0.553731, 0.673245, 0.490024
0.34357, 0.780307, 0.522571
0.222783, 0.819872, 0.527425
0.109927, 0.858529, 0.500843
0.0826334, 0.882739, 0.462539
0.112991, 0.903602, 0.413204
0.0596323, 0.92936, 0.364326
0.00745031, 0.945656, 0.325082
0.0189388, 0.9497, 0.312589
-0.0124755, 0.951757, 0.3066
-0.0943189, 0.948675, 0.301862
-0.126258, 0.944212, 0.304174
-0.120093, 0.942621, 0.311517
-0.110159, 0.940163, 0.322425
-0.0888153, 0.940585, 0.327736
-0.0749908, 0.940731, 0.330758
-0.0545464, 0.940037, 0.336684
-0.00730515, 0.936162, 0.351494
0.0333066, 0.931071, 0.363315
0.0408231, 0.925167, 0.37736
0.0334813, 0.917959, 0.395261
0.0409524, 0.907739, 0.417531
0.0409932, 0.899312, 0.435381
0.027749, 0.889112, 0.456847
0.00828082, 0.872368, 0.48878
-0.0750636, 0.845153, 0.529227
-0.126, 0.8293, 0.544413
-0.300253, 0.738357, 0.603884
-0.422614, 0.605721, 0.674165
-0.25698, 0.668672, 0.697739
-0.0232952, 0.736386, 0.67616
0.26996, 0.788895, 0.552056
0.4005, 0.779357, 0.481874
0.395925, 0.793233, 0.462628
0.42872, 0.803994, 0.41206
0.452011, 0.813852, 0.365144
0.446111, 0.828945, 0.337395
0.440263, 0.847811, 0.29561
0.452159, 0.858672, 0.241318
0.485461, 0.857505, 0.170333
0.524258, 0.846408, 0.0935273
0.63905, 0.765954, 0.0702186
0.655198, 0.747194, 0.111433
0.71406, 0.694193, 0.0906359
0.736349, 0.671757, 0.0808271
-0.313956, 0.561246, 0.76579
-0.55379, 0.560986, 0.615314
-0.0158515, 0.141279, 0.989843
0.782012, -0.235276, 0.57715
0.718711, -0.208164, 0.663417
-0.776882, -0.318191, 0.543332
-0.762325, -0.314331, 0.565736
-0.731764, -0.267282, 0.626963
-0.289708, 0.00484507, 0.957103
0.33904, 0.508851, 0.791279
0.682011, 0.513077, 0.521165
0.692169, 0.628827, 0.35423
0.711235, 0.569475, 0.412121
-0.0674625, -0.373191, 0.925298
0.0950085, -0.428897, 0.898343
0.481534, -0.505198, 0.716171
0.657228, -0.461208, 0.596102
-0.729551, 0.281726, 0.623206
-0.697693, 0.299105, 0.65097
-0.6809, 0.265755, 0.682459
-0.694439, 0.1955, 0.692484
-0.609926, 0.154954, 0.777161
-0.400429, 0.319546, 0.858805
-0.264964, 0.53153, 0.804531
-0.239174, 0.629395, 0.739363
-0.220897, 0.745115, 0.629292
-0.191975, 0.8184, 0.541633
-0.110042, 0.861507, 0.495679
-0.0282356, 0.872506, 0.487786
-0.0397066, 0.885135, 0.463637
-0.0823668, 0.897953, 0.432315
-0.0978464, 0.924907, 0.367387
-0.115617, 0.944143, 0.308588
-0.165841, 0.937311, 0.306505
-0.15358, 0.93017, 0.333462
0.119655, 0.924049, 0.363066
0.457541, 0.782441, 0.422423
0.422394, 0.776383, 0.467774
0.298927, 0.841067, 0.450832
0.253829, 0.879409, 0.402753
0.212406, 0.914655, 0.343934
0.232804, 0.92536, 0.299185
0.243882, 0.933006, 0.264617
0.119667, 0.96165, 0.246797
0.0104745, 0.972469, 0.232798
0.00246998, 0.972431, 0.233177
-0.0383833, 0.970491, 0.238062
-0.105809, 0.96572, 0.237042
-0.138539, 0.960856, 0.239922
-0.124863, 0.962256, 0.241812
-0.0907502, 0.964556, 0.247782
-0.0835307, 0.962693, 0.257379
-0.0920023, 0.959411, 0.266583
-0.0605684, 0.959714, 0.274372
-0.016248, 0.959041, 0.282802
-0.00535981, 0.955018, 0.296499
-0.0125435, 0.949674, 0.312988
-0.00903744, 0.94471, 0.327783
-0.00292733, 0.939991, 0.341187
-0.0238593, 0.933766, 0.357088
-0.067059, 0.923416, 0.377896
-0.110631, 0.914042, 0.390241
-0.157375, 0.909234, 0.385393
-0.301221, 0.86742, 0.396041
-0.294066, 0.880148, 0.372646
-0.113033, 0.926244, 0.359576
0.0914429, 0.926971, 0.363819
0.253489, 0.91082, 0.325808
0.283607, 0.906853, 0.311745
0.300751, 0.906148, 0.297396
0.366847, 0.895225, 0.252974
0.392465, 0.892716, 0.221426
0.41498, 0.890483, 0.186631
0.440293, 0.887436, 0.136378
0.467494, 0.879618, 0.0878689
0.59162, 0.804337, 0.0550317
0.562012, 0.821349, 0.0976102
0.583128, 0.808223, 0.0820804
-0.450554, 0.512445, 0.731028
-0.547349, 0.53762, 0.641385
0.513746, -0.0346539, 0.857242
0.798619, -0.336675, 0.498855
0.645839, -0.34905, 0.679011
0.649098, -0.485548, 0.58559
-0.691964, -0.477206, 0.54172
-0.81846, -0.31715, 0.479103
-0.746334, -0.321649, 0.58269
-0.407166, 0.0238818, 0.913042
0.326846, 0.533309, 0.780227
0.576338, 0.57383, 0.581854
0.67808, 0.648247, 0.346386
0.753675, 0.52007, 0.401873
0.724543, 0.575737, 0.378899
-0.369214, -0.0220485, 0.929083
-0.21404, -0.206103, 0.954834
0.082507, -0.521518, 0.849242
0.403401, -0.499674, 0.766546
0.848645, -0.378947, 0.369053
0.82053, -0.339841, 0.459606
-0.764411, 0.224929, 0.604221
-0.792262, 0.207361, 0.573866
-0.743001, 0.203272, 0.637676
-0.745468, 0.0560004, 0.664184
-0.563316, 0.153181, 0.811918
-0.273094, 0.320221, 0.907126
-0.157183, 0.417812, 0.894833
-0.138616, 0.508025, 0.850115
-0.114049, 0.568269, 0.814901
-0.0979017, 0.622719, 0.776296
-0.0807502, 0.665188, 0.742297
-0.0345661, 0.672182, 0.739579
0.0583402, 0.690351, 0.721119
0.23097, 0.754217, 0.614662
0.329851, 0.824848, 0.459157
0.14592, 0.912208, 0.382863
-0.0785665, 0.94119, 0.328615
-0.121397, 0.953757, 0.274974
-0.137706, 0.955831, 0.259661
-0.0216889, 0.964023, 0.264931
0.242446, 0.936715, 0.252557
0.337411, 0.908719, 0.245732
0.328179, 0.913887, 0.238977
0.295619, 0.92932, 0.221299
0.25561, 0.945141, 0.203399
0.251404, 0.950705, 0.181537
0.237306, 0.957003, 0.166824
0.14079, 0.966591, 0.214196
-0.00270886, 0.980642, 0.19579
-0.0301719, 0.98118, 0.190723
-0.0529954, 0.980877, 0.187273
-0.0935396, 0.977485, 0.18914
-0.122527, 0.973535, 0.192916
-0.133477, 0.969649, 0.204851
-0.115977, 0.971314, 0.207602
-0.101537, 0.972862, 0.207918
-0.0835119, 0.974725, 0.207213
-0.0659792, 0.973441, 0.219222
-0.0519222, 0.983187, 0.175063
-0.0503604, 0.98464, 0.167174
-0.0451678, 0.979197, 0.197821
-0.039859, 0.976479, 0.211897
-0.0510888, 0.972463, 0.22739
-0.0514514, 0.969629, 0.239109
-0.0430429, 0.968259, 0.246213
-0.0663273, 0.966641, 0.247399
-0.110693, 0.964014, 0.241713
-0.121137, 0.96897, 0.215459
-0.142238, 0.96808, 0.20637
-0.045443, 0.981309, 0.186998
0.142575, 0.976317, 0.16272
0.216197, 0.964177, 0.153694
0.255093, 0.957469, 0.134835
0.29832, 0.948353, 0.107848
0.399127, 0.906816, 0.135581
0.402575, 0.912169, 0.0766912
0.431912, 0.893619, 0.122055
0.501525, 0.860085, 0.0934138
0.531029, 0.844319, 0.071649
-0.558652, 0.608055, 0.564072
-0.563774, 0.671761, 0.480517
-0.487671, 0.555631, 0.673388
0.374164, -0.029021, 0.926908
0.589644, -0.462943, 0.661818
0.702153, -0.503367, 0.50359
0.63399, -0.311263, 0.707936
0.639857, -0.47369, 0.605146
0.661187, -0.528446, 0.532519
-0.229568, -0.771784, 0.592999
-0.18865, -0.754099, 0.629083
-0.254197, -0.684476, 0.683283
-0.525592, -0.674115, 0.518962
-0.690461, -0.411817, 0.594702
-0.410488, 0.0342999, 0.911221
0.297077, 0.548898, 0.781317
0.537597, 0.594488, 0.597975
0.673016, 0.64823, 0.356156
0.60791, 0.716304, 0.34257
0.683623, 0.631658, 0.365607
-0.549337, 0.0955352, 0.830122
-0.61771, -0.0494282, 0.784851
-0.237986, 0.191649, 0.952173
0.22533, 0.0637321, 0.972196
0.282262, -0.0528655, 0.95788
0.768644, -0.150827, 0.621641
0.802411, -0.472399, 0.364658
0.71018, -0.523639, 0.470581
-0.782223, 0.18307, 0.595493
-0.795983, 0.166174, 0.582063
-0.783223, 0.136831, 0.606497
-0.750387, 0.0972549, 0.653805
-0.442521, 0.269589, 0.855276
-0.142342, 0.420088, 0.896251
-0.0300588, 0.483617, 0.874763
-0.0332374, 0.537202, 0.842798
-0.080873, 0.564205, 0.821665
-0.0844703, 0.574499, 0.814135
-0.0741578, 0.585117, 0.807551
-0.0128156, 0.592773, 0.805268
0.157994, 0.643066, 0.749336
0.404799, 0.667273, 0.625207
0.562533, 0.656268, 0.502862
0.550993, 0.717596, 0.425983
0.368966, 0.866301, 0.33673
0.154721, 0.950431, 0.269708
0.066857, 0.975401, 0.210054
0.0496701, 0.985306, 0.163418
0.0453243, 0.987894, 0.148363
0.11938, 0.98137, 0.150534
0.22185, 0.964287, 0.144683
0.275759, 0.939673, 0.202416
0.267644, 0.942073, 0.202154
0.248145, 0.951098, 0.183949
0.210133, 0.959469, 0.187787
0.125772, 0.973053, 0.193258
0.036074, 0.978965, 0.200816
-0.0286316, 0.981113, 0.191304
-0.0589227, 0.980186, 0.189111
-0.0897245, 0.977704, 0.189855
-0.116534, 0.973721, 0.195669
-0.124, 0.971546, 0.201799
-0.117007, 0.97136, 0.206809
-0.100351, 0.973054, 0.207596
-0.0836862, 0.973794, 0.211477
-0.0671557, 0.977378, 0.200553
-0.0561041, 0.980717, 0.187209
-0.0491547, 0.982431, 0.180036
-0.0451377, 0.980291, 0.192334
-0.0453759, 0.976131, 0.212388
-0.0474702, 0.972935, 0.22615
-0.0485296, 0.970155, 0.23758
-0.0536101, 0.968228, 0.244254
-0.0733835, 0.96669, 0.245206
-0.0994236, 0.96691, 0.234946
-0.124714, 0.967216, 0.221225
-0.103037, 0.973714, 0.203136
-0.0151439, 0.982299, 0.186706
0.105096, 0.980022, 0.168853
0.204865, 0.967136, 0.150595
0.256732, 0.957395, 0.132226
0.318197, 0.939566, 0.126359
0.367273, 0.923952, 0.106881
0.401027, 0.909891, 0.106183
-0.549521, 0.642083, 0.534561
-0.584207, 0.683772, 0.437217
-0.322697, 0.78522, 0.528485
0.135633, 0.640628, 0.755777
0.494982, 0.0914491, 0.864077
0.580965, -0.35282, 0.733483
0.657282, -0.430935, 0.618284
0.653931, -0.617038, 0.437764
0.624749, -0.367179, 0.689107
0.532278, -0.510922, 0.67501
0.451804, -0.604427, 0.656156
0.380229, -0.624683, 0.682054
0.331404, -0.618437, 0.712536
0.295599, -0.62196, 0.725112
0.27646, -0.605757, 0.746076
0.232665, -0.635478, 0.73623
0.194219, -0.614679, 0.764492
0.17745, -0.562155, 0.80777
0.105922, -0.532127, 0.840013
-0.202593, -0.811687, 0.547832
-0.255542, -0.728517, 0.635579
-0.105136, -0.711378, 0.694901
-0.10715, -0.560968, 0.820874
0.0753239, 0.189916, 0.978907
0.352734, 0.565611, 0.745428
0.409526, 0.717662, 0.563249
0.634605, 0.687952, 0.352136
0.701288, 0.658549, 0.272965
0.661981, 0.67563, 0.324507
-0.447623, 0.280121, 0.849215
-0.465726, 0.237849, 0.852365
-0.0538663, 0.358062, 0.932143
-0.220985, 0.348129, 0.911028
0.158553, -0.0565114, 0.985732
0.440412, -0.0474672, 0.89654
0.58767, -0.544752, 0.598238
0.720693, -0.53919, 0.435748
0.628402, -0.581879, 0.516264
-0.777901, 0.154844, 0.60901
-0.756992, 0.175339, 0.62946
-0.785952, 0.147212, 0.600507
-0.725266, 0.198813, 0.659138
-0.339111, 0.382654, 0.859406
-0.0457772, 0.505612, 0.861545
0.0165873, 0.541584, 0.840483
0.00962798, 0.544989, 0.838388
-0.0382708, 0.561329, 0.826707
-0.0653715, 0.563702, 0.823387
-0.0689475, 0.551404, 0.831384
0.055059, 0.5876, 0.807276
0.268599, 0.649578, 0.711268
0.451886, 0.669268, 0.589812
0.637394, 0.614698, 0.464624
0.717721, 0.60493, 0.344873
0.658657, 0.700814, 0.273917
0.530692, 0.819832, 0.215038
0.443581, 0.874107, 0.197922
0.391762, 0.894376, 0.215904
0.15326, 0.973193, 0.171485
0.129197, 0.980473, 0.148256
0.170847, 0.974148, 0.147808
-0.458466, 0.742617, 0.488189
-0.306944, 0.76511, 0.566032
-0.398712, 0.806763, 0.436076
-0.175673, 0.860389, 0.478403
0.179515, 0.741028, 0.647033
0.451252, 0.421446, 0.78661
0.584823, 0.0945052, 0.805637
0.604446, -0.309189, 0.734198
0.527559, -0.561625, 0.637384
0.443348, -0.641333, 0.626206
0.380623, -0.605132, 0.699243
0.314132, -0.623339, 0.716079
0.298746, -0.62551, 0.720755
0.273749, -0.616675, 0.738087
0.25631, -0.573826, 0.777836
0.165527, -0.709353, 0.685142
0.157901, -0.551622, 0.819012
0.20276, -0.405971, 0.891109
0.244649, -0.253875, 0.935786
0.323887, 0.218491, 0.920521
0.386686, 0.375314, 0.842385
0.40747, 0.535701, 0.73959
0.350405, 0.707543, 0.613676
0.392436, 0.808074, 0.439329
0.604066, 0.731216, 0.316902
0.636261, 0.715556, 0.28836
0.658267, 0.688275, 0.304896
-0.335664, 0.434306, 0.835887
-0.186878, 0.606537, 0.77278
-0.135006, 0.398011, 0.907392
-0.305039, 0.339125, 0.889913
-0.268162, 0.290322, 0.918587
-0.00781827, -0.116206, 0.993194
0.358847, -0.273923, 0.892298
0.564969, -0.556542, 0.609156
0.588385, -0.639573, 0.494721
0.555985, -0.664834, 0.498875
0.593725, -0.697293, 0.401587
-0.814439, 0.0770111, 0.575116
-0.822862, 0.0762236, 0.563106
-0.728204, 0.200131, 0.65549
-0.778672, 0.150111, 0.60921
-0.698788, 0.239486, 0.674049
-0.246352, 0.448468, 0.859178
0.0362066, 0.530666, 0.846808
0.0305785, 0.544743, 0.838046
0.0112617, 0.55472, 0.831961
-0.0354433, 0.546261, 0.836865
-0.0990389, 0.520216, 0.848273
-0.0520381, 0.496025, 0.866747
0.174813, 0.588315, 0.78951
0.404318, 0.633974, 0.659245
0.539679, 0.642978, 0.54344
0.678819, 0.610994, 0.407297
0.780472, 0.563268, 0.271278
0.791124, 0.581248, 0.190456
0.688975, 0.68179, 0.245919
0.518937, 0.825776, 0.220903
0.41785, 0.884619, 0.207002
-0.289166, 0.839304, 0.460382
-0.186739, 0.840286, 0.508968
-0.329146, 0.849738, 0.411835
-0.0928952, 0.900627, 0.424549
0.159513, 0.861052, 0.482851
0.289459, 0.776218, 0.560089
0.412351, 0.616959, 0.670319
0.466103, 0.514072, 0.720054
0.460822, 0.475301, 0.749488
0.432547, 0.496389, 0.752663
0.412911, 0.521166, 0.74692
0.394028, 0.537408, 0.74561
0.379971, 0.565706, 0.731846
0.387506, 0.58885, 0.709292
0.375417, 0.636551, 0.673695
0.34866, 0.678746, 0.646328
0.302067, 0.786058, 0.539322
0.273986, 0.806294, 0.524234
0.238962, 0.827051, 0.508807
0.32609, 0.854848, 0.403609
0.529809, 0.780151, 0.332666
0.593394, 0.734877, 0.328389
0.471775, 0.801195, 0.368122
0.572865, 0.752164, 0.325692
-0.310501, 0.484931, 0.817577
-0.418947, 0.428837, 0.800364
-0.331469, 0.331432, 0.883335
-0.421961, 0.294563, 0.857428
-0.328917, 0.152251, 0.932005
-0.0644989, -0.0942346, 0.993458
0.191937, -0.377458, 0.905917
0.426771, -0.599532, 0.677073
0.538971, -0.686528, 0.488046
0.642193, -0.700674, 0.310876
0.540614, -0.736132, 0.407242
-0.806951, 0.035084, 0.589575
-0.80584, 0.077782, 0.587003
-0.725062, 0.171738, 0.666927
-0.778791, 0.101197, 0.619067
-0.650169, 0.246999, 0.71852
-0.159683, 0.477288, 0.864117
0.0583937, 0.509511, 0.85848
0.0638856, 0.514532, 0.855088
0.0224622, 0.517335, 0.855488
-0.0815793, 0.482148, 0.872283
-0.153513, 0.432261, 0.888586
0.0270611, 0.497748, 0.8669
0.342874, 0.587698, 0.732836
0.505331, 0.601949, 0.618302
0.626952, 0.600911, 0.495819
0.726472, 0.602652, 0.330224
0.809306, 0.547181, 0.21358
0.790653, 0.571723, 0.219089
0.763545, 0.593057, 0.255503
-0.212583, 0.881661, 0.421288
-0.0883518, 0.897167, 0.432765
-0.085184, 0.919424, 0.383932
-0.0626717, 0.912493, 0.404263
0.0450683, 0.930428, 0.363693
0.189865, 0.912537, 0.362254
0.240989, 0.895775, 0.373513
0.257485, 0.889352, 0.377829
0.247321, 0.888932, 0.385527
0.235581, 0.888667, 0.393411
0.232761, 0.886394, 0.40016
0.227341, 0.884594, 0.407197
0.227889, 0.880905, 0.414816
0.376695, 0.844893, 0.379811
0.385635, 0.835224, 0.392028
0.284727, 0.845493, 0.451744
0.463658, 0.797919, 0.385158
0.393159, 0.822374, 0.411251
0.487167, 0.796613, 0.357877
0.532606, 0.773448, 0.343669
0.533973, 0.770038, 0.349163
-0.450579, 0.452465, 0.76958
-0.481082, 0.474959, 0.736868
-0.463821, 0.367815, 0.805967
-0.463055, 0.245992, 0.851509
-0.483876, 0.227189, 0.845133
-0.349703, 0.0473406, 0.935664
-0.147982, -0.146634, 0.978059
-0.0905124, -0.410456, 0.907377
0.0262288, -0.638735, 0.768979
0.302518, -0.752629, 0.584836
0.641425, -0.706473, 0.299115
0.604747, -0.640828, 0.472885
0.29349, -0.70604, 0.644493
-0.833971, -0.0738455, 0.546845
-0.754499, 0.0597136, 0.653579
-0.725749, 0.0315794, 0.687235
-0.763451, 0.00118116, 0.645864
-0.551565, 0.288376, 0.782697
-0.0657991, 0.489001, 0.869798
0.0621603, 0.494681, 0.866849
0.0488694, 0.487116, 0.871969
-0.0239228, 0.449386, 0.893017
-0.14841, 0.390113, 0.908728
-0.0943432, 0.40809, 0.908054
0.204153, 0.561951, 0.801582
0.425285, 0.608521, 0.669951
0.566547, 0.612915, 0.550781
0.702796, 0.610486, 0.36522
0.763793, 0.596666, 0.246192
0.797562, 0.565913, 0.208897
0.769327, 0.526514, 0.361828
0.78223, 0.550695, 0.291292
-0.0739368, 0.916069, 0.394145
-0.0343236, 0.922425, 0.384648
0.0577435, 0.923653, 0.378856
0.159208, 0.916176, 0.367797
0.229557, 0.899656, 0.371378
0.248608, 0.891389, 0.378972
0.246811, 0.889038, 0.385612
0.238564, 0.888032, 0.393048
0.2319, 0.886572, 0.400265
0.229336, 0.883985, 0.407401
0.278072, 0.872527, 0.401711
0.33104, 0.856174, 0.39671
0.349559, 0.843174, 0.408493
0.379275, 0.828984, 0.411018
0.376016, 0.825711, 0.420491
-0.534915, 0.394501, 0.747152
-0.587487, 0.325004, 0.741102
-0.557024, 0.249877, 0.792013
-0.535275, 0.0959121, 0.839215
-0.509805, 0.0171953, 0.860118
-0.410576, -0.107413, 0.905478
-0.318076, -0.182902, 0.930255
-0.0787815, -0.21248, 0.973984
0.277027, -0.222928, 0.934644
0.425005, -0.381501, 0.82087
0.586194, -0.659467, 0.470617
0.667112, -0.710695, 0.223327
0.440039, -0.623361, 0.646365
-0.758975, 0.0558387, 0.648721
-0.744486, -0.131917, 0.654475
-0.684378, -0.00403614, 0.729116
-0.278761, 0.378034, 0.882827
-0.00777165, 0.479561, 0.877474
0.040601, 0.465581, 0.884073
-0.000324159, 0.431068, 0.902319
-0.10473, 0.355803, 0.928674
-0.13929, 0.348044, 0.927073
0.0987198, 0.506972, 0.85629
0.373479, 0.618429, 0.691419
0.509993, 0.654198, 0.558508
0.622333, 0.689519, 0.370493
0.700629, 0.669283, 0.247345
0.735933, 0.640526, 0.219384
0.731842, 0.601997, 0.319385
0.768487, 0.566462, 0.297572
-0.593549, 0.36471, 0.717416
-0.598321, 0.403623, 0.692171
-0.65589, 0.249121, 0.712564
-0.664584, 0.055228, 0.74517
-0.546129, -0.0245847, 0.83734
-0.39841, 0.000959601, 0.917207
-0.217684, 0.053923, 0.974529
0.0148894, 0.146326, 0.989124
0.24508, 0.121505, 0.961859
0.418687, 0.0757018, 0.90497
0.493227, 0.00834752, 0.869861
0.787064, -0.293177, 0.542749
0.665764, -0.607, 0.433946
-0.452444, -0.00255877, 0.891789
-0.745421, -0.109085, 0.657608
-0.459251, 0.200327, 0.865423
-0.067206, 0.422425, 0.903903
0.0101788, 0.443045, 0.896442
-0.0166494, 0.407267, 0.913157
-0.10345, 0.33465, 0.936647
-0.131987, 0.317229, 0.939119
0.0651975, 0.494105, 0.866954
0.333334, 0.651381, 0.681609
0.493446, 0.691502, 0.527575
0.623066, 0.704435, 0.33994
0.682961, 0.692179, 0.233352
0.679254, 0.701092, 0.216991
0.638689, 0.699237, 0.32116
0.704228, 0.649164, 0.287489
-0.703963, 0.281961, 0.65187
-0.753683, 0.24223, 0.610972
-0.715343, 0.213647, 0.665312
-0.562304, 0.160835, 0.811139
-0.335193, 0.116151, 0.934962
-0.171062, 0.179602, 0.968752
-0.00132166, 0.214886, 0.976638
0.196681, 0.207312, 0.9583
0.343972, 0.153141, 0.926408
0.425944, 0.0948901, 0.89976
0.644901, 0.0631727, 0.761651
0.828422, -0.177704, 0.531168
-0.141336, -0.191889, 0.971186
-0.684757, 0.0521958, 0.7269
-0.215885, 0.366451, 0.905046
-0.0237315, 0.408745, 0.91234
-0.038844, 0.372464, 0.927233
-0.110696, 0.302342, 0.94675
-0.119667, 0.315696, 0.941284
0.12094, 0.523682, 0.843285
0.367289, 0.692649, 0.620755
0.453326, 0.769516, 0.449823
0.566805, 0.766582, 0.3018
0.64329, 0.730937, 0.227834
0.674396, 0.703415, 0.224493
0.678174, 0.645652, 0.351017
0.666813, 0.683471, 0.297031
-0.771089, 0.233625, 0.592318
-0.787937, 0.22485, 0.573234
-0.719457, 0.326898, 0.612796
-0.644234, 0.342474, 0.683867
-0.428731, 0.13288, 0.893607
-0.116138, 0.186206, 0.975623
0.0360458, 0.225948, 0.973472
0.15683, 0.254358, 0.954309
0.279122, 0.234655, 0.931143
0.39769, 0.214346, 0.892131
0.624474, 0.203795, 0.753989
0.74906, 0.190012, 0.634669
-0.0837021, -0.24978, 0.964678
-0.489502, 0.224893, 0.842503
-0.103714, 0.370346, 0.923086
-0.0908933, 0.319828, 0.943106
-0.137363, 0.2582, 0.956276
-0.0905873, 0.312887, 0.945461
0.207955, 0.565943, 0.797786
0.436906, 0.728967, 0.526991
0.525962, 0.773335, 0.354001
0.598736, 0.7548, 0.267942
0.588421, 0.771354, 0.242433
0.605024, 0.747888, 0.273148
0.51818, 0.736199, 0.435316
0.628143, 0.700171, 0.339406
-0.725052, 0.100301, 0.681351
-0.699191, -0.0522898, 0.713021
-0.749033, 0.0761372, 0.658143
-0.609468, 0.118082, 0.783967
-0.0908913, 0.222126, 0.970772
0.0796579, 0.272357, 0.958893
0.203242, 0.307093, 0.929724
0.290389, 0.321528, 0.901273
0.407711, 0.321741, 0.854549
0.632413, 0.3572, 0.687358
0.535614, 0.215229, 0.816574
-0.0821579, -0.125782, 0.98865
-0.223206, 0.243011, 0.943994
-0.171287, 0.248273, 0.953426
-0.181099, 0.225968, 0.957153
-0.0489539, 0.362371, 0.930747
0.308045, 0.636645, 0.70696
0.50942, 0.75416, 0.414408
0.587696, 0.756231, 0.287626
0.583615, 0.766191, 0.268969
0.558245, 0.780452, 0.281528
0.59091, 0.73122, 0.340796
0.577618, 0.749238, 0.324036
0.564002, 0.745215, 0.355746
-0.666227, -0.0796751, 0.74148
-0.631501, -0.10685, 0.767978
-0.533789, -0.135828, 0.834638
-0.35123, 0.255872, 0.900648
0.0118924, 0.336331, 0.941669
0.139598, 0.378256, 0.915115
0.220971, 0.385558, 0.895833
0.300062, 0.400121, 0.865948
0.480085, 0.425371, 0.767189
0.505949, 0.382805, 0.772965
0.208897, 0.076087, 0.974973
-0.0465498, 0.0201565, 0.998713
-0.106159, 0.128873, 0.985962
-0.136272, 0.231427, 0.963261
0.0566242, 0.478992, 0.875991
0.402327, 0.720842, 0.564376
0.563087, 0.762612, 0.318365
0.599324, 0.758736, 0.255207
0.542243, 0.792471, 0.279216
0.560567, 0.761416, 0.325591
0.56363, 0.704065, 0.431988
0.572371, 0.740445, 0.352325
-0.648483, 0.225889, 0.726942
-0.521261, 0.487532, 0.700428
-0.159566, 0.512005, 0.844032
0.024055, 0.468284, 0.883251
0.139234, 0.471537, 0.870785
0.225814, 0.491973, 0.840815
0.36145, 0.489661, 0.793465
0.399978, 0.430644, 0.809051
0.222415, 0.245117, 0.943636
0.0328243, 0.135605, 0.990219
-0.00887885, 0.202315, 0.97928
0.051091, 0.403439, 0.913579
0.26165, 0.680624, 0.684317
0.475906, 0.783508, 0.399535
0.575908, 0.777112, 0.253826
0.5553, 0.796967, 0.237665
0.529541, 0.798007, 0.2877
0.535707, 0.751912, 0.384248
0.551778, 0.754163, 0.356062
0.563129, 0.734083, 0.379484
-0.538236, 0.702729, 0.465267
-0.710304, 0.590053, 0.383803
-0.386932, 0.75556, 0.528595
-0.0942573, 0.595987, 0.797443
0.165752, 0.497684, 0.851374
0.260631, 0.472584, 0.841864
0.21649, 0.442077, 0.87046
0.133258, 0.40948, 0.902534
0.110597, 0.452943, 0.884653
0.127576, 0.620891, 0.773446
0.228845, 0.784568, 0.576267
0.400313, 0.834505, 0.378615
0.486967, 0.836449, 0.251427
0.516667, 0.828412, 0.216307
0.53217, 0.811349, 0.241883
0.552113, 0.75706, 0.34933
0.544188, 0.777449, 0.315329
0.53339, 0.776075, 0.336457
-0.525535, 0.78649, 0.324418
-0.300691, 0.922953, 0.240295
-0.742362, 0.449119, 0.497183
-0.70308, 0.0197069, 0.710837
-0.127478, 0.257312, 0.957883
0.12448, 0.628012, 0.768183
0.206319, 0.764905, 0.610208
0.267657, 0.838506, 0.474623
0.300093, 0.886762, 0.351564
0.383219, 0.882147, 0.273789
0.425204, 0.878054, 0.219597
0.474445, 0.851756, 0.222292
0.456267, 0.852601, 0.254738
0.49834, 0.832741, 0.241245
0.534843, 0.800727, 0.269775
0.543153, 0.785668, 0.296158
-0.82264, 0.276324, 0.496899
-0.914796, -0.195087, 0.353679
-0.713879, -0.0824105, 0.695403
0.55676, 0.762579, 0.32938
0.480123, 0.85464, 0.197666
0.410985, 0.884728, 0.219882
0.40872, 0.890129, 0.201539
0.342332, 0.880585, 0.327686
0.370553, 0.884824, 0.282449
0.428092, 0.871608, 0.238822
0.452157, 0.861156, 0.232304
0.465437, 0.852326, 0.238556
-0.856576, -0.227365, 0.463231
-0.78428, -0.255906, 0.56517
-0.688156, 0.0849634, 0.720571
0.162431, 0.771821, 0.614742
0.484946, 0.837998, 0.250174
0.433587, 0.877129, 0.20651
0.409872, 0.88747, 0.21072
-0.78428, -0.255906, 0.56517
-0.78428, -0.255906, 0.56517
