-0.0745703, -0.752508, 0.654348
0.0609333, -0.781954, 0.620351
0.243367, -0.791441, 0.560708
0.316118, -0.806133, 0.500219
0.311854, -0.812635, 0.492312
-0.0497228, -0.508643, 0.859541
-0.0497228, -0.508643, 0.859541
-0.200659, -0.529276, 0.82438
-0.000254438, -0.515568, 0.856848
0.306432, -0.539601, 0.784175
0.473392, -0.501658, 0.724044
0.511055, -0.523399, 0.681819
0.515186, -0.524388, 0.677938
-0.585843, -0.342085, 0.734688
-0.276399, -0.270378, 0.922225
-0.0315168, -0.20628, 0.977985
-0.0180423, -0.15028, 0.988479
-0.135508, -0.211975, 0.967835
-0.238434, -0.729444, 0.641141
0.0913482, -0.754835, 0.649523
0.324528, -0.792832, 0.515847
0.308296, -0.807373, 0.503093
0.315363, -0.817771, 0.481453
0.435065, -0.638387, 0.634965
-0.299906, -0.128959, 0.945212
-0.282096, -0.421968, 0.861606
0.185709, -0.564028, 0.804602
0.242051, 0.0265256, 0.969901
0.0960569, 0.139885, 0.985498
-0.0966829, -0.0829277, 0.991855
-0.163263, -0.182482, 0.969559
-0.0417748, -0.432752, 0.900545
0.183192, -0.601295, 0.777744
0.318187, -0.657539, 0.682934
-0.108616, -0.259766, 0.959544
-0.145207, -0.0821366, 0.985986
-0.39125, -0.405924, 0.825923
0.000274836, -0.625347, 0.780347
0.390256, -0.426268, 0.816086
0.502745, -0.52137, 0.689507
0.519436, -0.549135, 0.654703
0.510334, -0.499026, 0.70038
0.639802, -0.287626, 0.712688
-0.66144, -0.101416, 0.743109
-0.650628, -0.336887, 0.680581
-0.516868, -0.344836, 0.783541
0.463055, -0.00737332, 0.886299
0.689598, 0.165378, 0.705056
-0.238249, -0.413428, 0.878815
0.0613493, -0.387691, 0.919746
0.519941, -0.167978, 0.837523
0.516699, 0.102294, 0.850034
0.0450486, -0.301294, 0.952467
-0.0806266, 0.00495374, 0.996732
-0.220587, 0.25208, 0.94223
-0.026291, 0.103988, 0.994231
0.296235, -0.142508, 0.944424
0.385324, -0.303894, 0.871306
0.52428, -0.414269, 0.743983
0.488023, -0.304936, 0.817831
-0.389165, 0.136591, 0.910985
-0.544538, -0.120567, 0.830025
-0.0222754, 0.177505, 0.983868
0.311685, 0.398875, 0.86241
0.29041, 0.409709, 0.864755
0.0898108, -0.14838, 0.984844
-0.103976, 0.140959, 0.98454
-0.268847, -0.235327, 0.933993
-0.100895, -0.435115, 0.894704
0.248958, -0.580779, 0.775059
0.381316, -0.721694, 0.577716
0.367478, -0.471063, 0.80191
-0.0353286, -0.481383, 0.875798
0.0929844, -0.323239, 0.941738
-0.311517, -0.432428, 0.846146
0.103393, -0.0653259, 0.992493
0.0918074, 0.616572, 0.781928
-0.102569, 0.736554, 0.668556
0.0267633, 0.431868, 0.90154
0.402366, 0.168356, 0.899865
0.723379, -0.0488533, 0.688721
0.729857, -0.0585074, 0.681092
0.639802, -0.287626, 0.712688
-0.754986, 0.0841425, 0.65032
-0.755097, -0.0747353, 0.65134
-0.528485, 0.115058, 0.84111
-0.246104, 0.343251, 0.906428
0.837518, 0.319274, 0.443428
0.575611, 0.452418, 0.681168
-0.634618, -0.0900725, 0.767559
-0.580563, -0.289905, 0.760856
0.138934, -0.476445, 0.868158
0.601104, -0.241437, 0.761828
0.691413, 0.255422, 0.675802
0.477097, 0.64657, 0.595252
0.235298, 0.813775, 0.531419
-0.2291, 0.77864, 0.584151
-0.268676, 0.735082, 0.622468
0.114574, 0.727345, 0.67664
0.151169, 0.733485, 0.662682
0.367741, 0.477619, 0.797901
0.500447, 0.035541, 0.865037
-0.223404, 0.195575, 0.954904
-0.496196, -0.0489954, 0.866827
-0.0407382, 0.549143, 0.834735
0.324051, 0.668139, 0.669763
0.382036, 0.784095, 0.489126
0.292435, 0.393283, 0.871671
0.0960569, 0.139885, 0.985498
-0.234473, -0.00878198, 0.972083
-0.602969, 0.209564, 0.769748
-0.440683, 0.0895546, 0.893185
-0.19317, -0.114391, 0.974474
0.312016, -0.167076, 0.935271
0.367478, -0.471063, 0.80191
-0.536179, -0.33411, 0.775166
-0.212895, -0.284587, 0.934712
-0.36068, -0.530528, 0.767105
0.294266, -0.374432, 0.879323
0.691044, 0.248926, 0.678597
0.656457, 0.633894, 0.408953
0.212834, 0.545999, 0.810301
-0.0860046, 0.658629, 0.747536
-0.348938, 0.764656, 0.541797
0.0391972, 0.817689, 0.574324
0.350492, 0.730983, 0.585508
0.660143, 0.228238, 0.715624
-0.644155, 0.103353, 0.75788
-0.735816, 0.240896, 0.632885
-0.37202, 0.639823, 0.672479
-0.180902, 0.799678, 0.572529
0.202994, 0.869874, 0.44957
0.573289, 0.655182, 0.492013
-0.605376, 0.0545122, 0.794071
-0.661448, 0.113624, 0.741334
0.212785, 0.163266, 0.963362
0.826922, 0.12794, 0.547569
0.894399, 0.258017, 0.365347
0.616937, 0.529848, 0.581936
0.169047, 0.783152, 0.598411
-0.0899927, 0.798, 0.5959
-0.129799, 0.7591, 0.637902
-0.000995958, 0.745742, 0.666234
0.214444, 0.656193, 0.723481
0.263799, 0.615691, 0.742519
-0.195973, -0.0199722, 0.980406
-0.107237, 0.142318, 0.983995
-0.368627, 0.0579511, 0.927769
0.254983, 0.524918, 0.812062
0.341257, 0.656933, 0.672297
0.258299, 0.682134, 0.684087
0.355245, 0.730646, 0.583059
-0.524383, 0.218784, 0.822895
-0.514565, 0.351003, 0.782317
-0.226977, 0.043173, 0.972943
0.0614502, -0.145534, 0.987443
-0.41075, -0.0474302, 0.910514
-0.536179, -0.33411, 0.775166
0.332216, 0.109852, 0.936784
0.7511, 0.385846, 0.535698
0.835018, 0.426384, 0.347766
0.746951, 0.448065, 0.491226
-0.157951, 0.806911, 0.569162
0.0141888, 0.805461, 0.592478
0.197442, 0.784658, 0.587646
-0.465249, -0.241084, 0.851717
-0.700219, -0.195108, 0.68675
-0.231004, 0.417573, 0.878789
0.279723, 0.730449, 0.623056
-0.0183626, 0.795098, 0.606202
0.0112849, 0.852814, 0.522093
-0.563142, 0.304788, 0.768099
-0.508364, 0.333897, 0.793775
0.200846, 0.374932, 0.905034
0.797404, 0.312391, 0.516293
0.831715, 0.301078, 0.466479
-0.269539, -0.3185, 0.908794
-0.16513, -0.114864, 0.97956
-0.407528, -0.182515, 0.894768
0.0309675, 0.144139, 0.989073
0.352667, 0.501352, 0.790109
0.289865, 0.621045, 0.728204
0.296506, 0.603281, 0.740363
-0.514565, 0.351003, 0.782317
-0.114763, 0.138722, 0.983659
-0.237576, 0.244763, 0.940026
0.603847, 0.594063, 0.531468
0.738925, 0.542772, 0.399235
0.779919, 0.454525, 0.430272
-0.392303, -0.162278, 0.905408
-0.190946, -0.26668, 0.944681
0.421608, 0.124606, 0.898176
0.381312, 0.192503, 0.904181
-0.467278, 0.431527, 0.771645
-0.497336, 0.454786, 0.738801
0.245612, 0.577282, 0.77873
0.766771, 0.490992, 0.413508
0.776417, 0.454276, 0.436818
-0.281188, -0.516094, 0.809062
-0.164041, -0.439736, 0.883019
-0.360246, -0.467765, 0.807105
-0.167822, -0.156224, 0.97336
0.340603, 0.392627, 0.854303
0.353251, 0.536057, 0.766718
0.2649, 0.465066, 0.844714
0.322157, 0.562755, 0.761263
0.0686652, 0.180408, 0.981192
-0.201885, -0.0559282, 0.977811
0.599637, 0.599778, 0.529813
0.70712, 0.588499, 0.391981
0.686035, 0.577415, 0.44266
-0.551378, 0.273779, 0.788053
-0.585654, -0.0762012, 0.806972
-0.0116595, -0.0777284, 0.996906
0.597471, -0.167463, 0.784209
0.594956, -0.265733, 0.758559
0.654925, -0.244427, 0.715073
-0.401209, 0.45478, 0.795114
-0.390312, 0.500523, 0.772744
0.433463, 0.588221, 0.682719
0.748361, 0.549664, 0.371248
0.785634, 0.487055, 0.381518
-0.445734, -0.363062, 0.818234
-0.432053, -0.478145, 0.764661
-0.122964, -0.540535, 0.832287
0.294224, -0.178341, 0.93895
0.607944, 0.369976, 0.702511
0.309081, 0.311387, 0.898614
0.348166, 0.465999, 0.813403
0.0582959, 0.139942, 0.988442
-0.22917, -0.0359953, 0.972721
0.607332, 0.555066, 0.568375
0.706562, 0.573993, 0.413887
0.673238, 0.589289, 0.446641
-0.551378, 0.273779, 0.788053
-0.448722, 0.589806, 0.6714
-0.294244, 0.443206, 0.846752
0.0985119, 0.181653, 0.978416
0.521836, -0.268697, 0.809623
0.817796, -0.187583, 0.544079
0.72571, -0.16803, 0.667166
-0.305008, 0.392173, 0.867854
-0.309824, 0.402057, 0.861603
0.629407, 0.426914, 0.649301
0.835932, 0.416889, 0.356962
0.794684, 0.484824, 0.365271
-0.514117, -0.194107, 0.835467
-0.452149, -0.24206, 0.858468
0.364295, -0.282989, 0.887247
0.777373, -0.0284798, 0.628394
0.644174, 0.0340548, 0.76412
0.0299974, 0.0355255, 0.998918
-0.234425, -0.115098, 0.965297
0.61342, 0.510756, 0.602366
0.695625, 0.565687, 0.442837
0.672037, 0.566769, 0.476591
-0.375068, 0.521491, 0.766401
-0.246545, 0.489141, 0.836634
-0.296708, 0.652586, 0.697206
0.102428, 0.434367, 0.894893
0.589913, 0.00708612, 0.807436
0.726896, -0.313746, 0.610889
0.651811, -0.197879, 0.732111
-0.269131, 0.287098, 0.919317
-0.205638, 0.262044, 0.942892
0.73152, 0.331102, 0.596029
0.753348, 0.380526, 0.536346
-0.576973, 0.108254, 0.809558
-0.597878, 0.160639, 0.785326
0.220696, 0.118654, 0.968098
0.770568, -0.0336284, 0.636469
0.728402, 0.0135593, 0.685016
-0.369694, -0.424372, 0.82658
-0.140333, -0.246095, 0.959033
-0.285325, -0.220147, 0.932805
0.597143, 0.4269, 0.6791
0.715501, 0.5314, 0.453511
0.677485, 0.538041, 0.501523
-0.187599, 0.625798, 0.757089
-0.34819, 0.722632, 0.597132
0.068485, 0.493739, 0.866909
0.537459, -0.00170928, 0.843288
0.657383, -0.267951, 0.704308
0.540642, -0.219703, 0.812057
-0.127294, 0.229201, 0.96502
-0.28748, 0.192444, 0.938254
0.786119, 0.331836, 0.521442
0.784882, 0.322938, 0.52884
-0.617132, 0.313443, 0.721735
-0.611141, 0.393095, 0.68701
0.0351996, 0.395114, 0.917958
0.622258, 0.102507, 0.776072
0.608224, 0.00273467, 0.793761
-0.426347, -0.453976, 0.78239
-0.34612, -0.517729, 0.782405
-0.389118, -0.326252, 0.861479
0.521817, 0.189498, 0.831744
0.758601, 0.46974, 0.451519
0.696681, 0.480334, 0.532836
-0.280195, 0.624093, 0.729383
-0.524248, 0.574315, 0.62875
-0.0741207, 0.459159, 0.885256
0.465955, -0.0733734, 0.881761
0.479287, -0.309939, 0.82111
0.447967, -0.207064, 0.869742
-0.125521, 0.184476, 0.974789
0.117303, 0.222191, 0.967921
0.831456, 0.303592, 0.465309
0.830092, 0.299965, 0.470073
-0.660321, 0.317846, 0.680404
-0.629457, 0.380032, 0.67776
-0.389424, 0.283978, 0.876188
0.246518, 0.0421807, 0.96822
0.715041, -0.100473, 0.691825
0.670336, -0.0681316, 0.738923
-0.576432, -0.348431, 0.739136
-0.590549, -0.344654, 0.729702
-0.328846, -0.485143, 0.810245
0.383722, -0.192982, 0.903059
0.800348, 0.36576, 0.47504
0.766477, 0.358136, 0.533153
-0.359664, 0.589835, 0.723005
-0.445452, 0.67835, 0.584306
-0.253715, 0.299309, 0.919806
0.445823, -0.1105, 0.888274
0.413131, -0.198136, 0.888856
0.424011, -0.146906, 0.893663
-0.576897, 0.0202167, 0.816567
-0.672916, 0.0327859, 0.738992
0.387272, 0.222491, 0.894717
0.868188, 0.262835, 0.420913
0.849625, 0.272318, 0.451641
-0.718211, 0.200943, 0.666179
-0.727693, 0.174311, 0.663384
-0.545744, 0.141562, 0.825908
0.079432, 0.0305411, 0.996372
0.622104, -0.0354312, 0.782133
0.666741, -0.0877229, 0.740108
-0.617323, -0.282382, 0.734284
-0.572365, -0.390336, 0.721136
-0.565026, -0.309484, 0.76483
-0.020223, -0.105096, 0.994256
0.804653, 0.279823, 0.523673
0.882554, 0.35961, 0.302952
0.845307, 0.364347, 0.390779
-0.363136, 0.50778, 0.781211
-0.11185, 0.3362, 0.935125
-0.144451, 0.328534, 0.93338
0.451614, -0.124448, 0.883492
0.406129, -0.117732, 0.9062
0.351652, -0.149742, 0.924077
0.271806, -0.163991, 0.948277
-0.525168, -0.048744, 0.849601
-0.471996, 0.00733615, 0.88157
0.594605, 0.176618, 0.78438
0.847687, 0.250032, 0.467879
0.876822, 0.201339, 0.436631
-0.764028, 0.0746472, 0.640851
-0.772241, 0.0414252, 0.633977
-0.592145, 0.0663186, 0.803098
-0.0622411, 0.0314363, 0.997566
0.523088, -0.0551124, 0.850495
0.779845, -0.156337, 0.606135
0.742807, -0.181744, 0.644365
-0.549996, -0.3193, 0.77172
-0.646081, -0.231683, 0.727257
-0.62699, -0.222137, 0.746685
-0.230638, 0.159517, 0.959875
0.540981, 0.602651, 0.586644
0.747252, 0.597575, 0.29072
0.82511, 0.419259, 0.378701
0.0507043, 0.18758, 0.98094
-0.165056, 0.321635, 0.932366
0.449593, -0.151366, 0.880315
0.420338, -0.153087, 0.89436
0.116455, -0.170782, 0.978403
0.295146, -0.224904, 0.928605
-0.438045, -0.187773, 0.879124
-0.409196, -0.184368, 0.893626
0.72902, 0.0273121, 0.683947
0.904884, 0.0889205, 0.416267
0.896786, 0.139005, 0.420062
-0.788114, 0.0361251, 0.614468
-0.785122, 0.0075191, 0.619296
-0.572921, 0.0049351, 0.819596
-0.121613, -0.00292097, 0.992573
0.360309, -0.121665, 0.924865
0.703185, -0.206518, 0.680354
0.73183, -0.228794, 0.641933
-0.357557, -0.448479, 0.819158
-0.507294, -0.387662, 0.769657
-0.488195, -0.333668, 0.806431
-0.231048, 0.0816652, 0.969509
0.5177, 0.578389, 0.630439
0.679073, 0.672871, 0.293435
0.665088, 0.633238, 0.395812
0.0209285, 0.151086, 0.988299
-0.226219, 0.250736, 0.941252
0.303266, -0.310194, 0.901005
0.378895, -0.30242, 0.874631
0.380913, -0.19452, 0.903918
0.438995, -0.231107, 0.868259
0.513872, -0.221739, 0.828715
-0.506645, -0.353899, 0.786172
-0.584995, -0.348039, 0.732564
-0.253615, -0.212141, 0.943756
0.815267, 0.0437646, 0.577429
0.925743, 0.0761963, 0.370397
0.914358, 0.138171, 0.380602
-0.806502, 0.0669372, 0.58743
-0.805796, 0.0593767, 0.589209
-0.600161, 0.019403, 0.799644
-0.222846, -0.0251388, 0.974529
0.204708, -0.156941, 0.966159
0.601696, -0.231699, 0.76438
0.813408, -0.311496, 0.491261
0.780673, -0.340659, 0.523928
-0.293403, -0.564655, 0.771414
-0.220612, -0.514275, 0.828765
-0.28264, -0.525148, 0.802704
-0.273773, -0.421382, 0.864573
-0.15121, -0.179627, 0.972044
0.553137, 0.299023, 0.777576
0.765079, 0.555978, 0.324872
0.666113, 0.613616, 0.423991
-0.270962, -0.0189854, 0.962403
-0.322945, -0.00868987, 0.946378
0.261771, -0.378055, 0.888004
0.418773, -0.275257, 0.865368
0.513872, -0.221739, 0.828715
0.499624, -0.390084, 0.77344
-0.320342, -0.475234, 0.819472
-0.484453, -0.42963, 0.762052
-0.442907, -0.278732, 0.85214
0.33168, 0.290112, 0.897677
0.840402, 0.330894, 0.429225
0.902887, 0.247951, 0.351162
0.894069, 0.229782, 0.384501
-0.823897, 0.124745, 0.55284
-0.824084, 0.133542, 0.550502
-0.652765, 0.0710008, 0.754226
-0.332473, -0.000779769, 0.943112
0.0372988, -0.145018, 0.988726
0.379787, -0.283339, 0.880614
0.745605, -0.368803, 0.55503
0.644292, -0.544147, 0.537393
-0.315071, -0.560047, 0.76621
-0.439707, -0.606948, 0.662021
-0.136783, -0.502508, 0.853684
-0.00441108, -0.378421, 0.925623
-0.0364142, -0.255477, 0.966129
0.447539, 0.171407, 0.877683
0.827294, 0.405617, 0.388663
0.763547, 0.46143, 0.451751
-0.577248, -0.0534944, 0.814814
-0.731273, -0.000319745, 0.682084
0.0259797, -0.0283036, 0.999262
0.576952, 0.00829136, 0.816736
0.557268, 0.0292761, 0.829816
0.276975, -0.860086, 0.428412
-0.545856, -0.752302, 0.368895
-0.596276, -0.639001, 0.485936
-0.279773, -0.607703, 0.743252
-0.291338, -0.586167, 0.755996
-0.171406, -0.389386, 0.904986
0.324598, 0.2881, 0.900908
0.624463, 0.608747, 0.48936
0.764559, 0.535886, 0.358157
0.831901, 0.359627, 0.422623
0.869857, 0.304651, 0.387991
-0.843048, 0.154395, 0.515201
-0.837412, 0.18065, 0.515855
-0.725978, 0.113129, 0.678349
-0.46537, -0.0381899, 0.884292
-0.18536, -0.208291, 0.960342
0.127143, -0.370271, 0.920182
0.541557, -0.486251, 0.685767
0.336954, -0.892097, 0.301039
-0.478475, -0.766135, 0.429067
-0.480881, -0.546828, 0.68537
-0.457154, -0.575467, 0.678121
-0.0213771, -0.449776, 0.892886
0.187743, -0.223375, 0.956481
0.0920033, -0.219254, 0.97132
0.4423, 0.109969, 0.8901
0.780319, 0.364468, 0.508198
0.810575, 0.525815, 0.257851
0.822213, 0.467581, 0.324551
-0.497632, -0.57871, 0.646109
-0.665685, -0.324547, 0.671962
-0.511785, 0.126744, 0.849713
0.281082, 0.540243, 0.793177
0.120844, -0.939239, 0.32129
-0.327725, -0.902439, 0.279643
-0.652135, -0.717908, 0.243572
-0.660141, -0.712111, 0.238982
-0.866355, -0.330769, 0.374195
-0.0973194, -0.697288, 0.710154
0.261925, -0.542888, 0.797914
0.679713, -0.11279, 0.724754
0.807865, 0.345773, 0.47728
0.71682, 0.58451, 0.380155
0.644495, 0.611255, 0.45934
0.754136, 0.507064, 0.41733
0.831901, 0.359627, 0.422623
-0.851889, 0.164707, 0.497149
-0.865672, 0.148631, 0.478038
-0.795078, 0.0585584, 0.603674
-0.606136, -0.203543, 0.768875
-0.324325, -0.447189, 0.833568
-0.126316, -0.586152, 0.800294
-0.63613, -0.662565, 0.395407
-0.74789, -0.611323, 0.258736
-0.656635, -0.708933, 0.25738
-0.592327, -0.445479, 0.671339
-0.0860705, -0.308087, 0.947457
0.281081, -0.0283682, 0.959265
0.233696, -0.13181, 0.963334
0.444504, 0.133058, 0.885839
0.724103, 0.383707, 0.5731
0.842162, 0.472823, 0.259233
0.818834, 0.458747, 0.345054
-0.568397, -0.601378, 0.561488
-0.601107, -0.431001, 0.672985
-0.132471, -0.871693, 0.471808
0.0728539, -0.945771, 0.316558
-0.504254, -0.825246, 0.254354
-0.674137, -0.697575, 0.242753
-0.551959, -0.797021, 0.245151
-0.406622, -0.874997, 0.262751
-0.0842641, -0.925179, 0.370058
0.0295157, -0.625464, 0.779695
0.353987, -0.41654, 0.83737
0.685557, -0.157969, 0.710674
0.878112, 0.0773292, 0.472164
0.903448, 0.292186, 0.313701
0.828328, 0.410463, 0.381306
0.735423, 0.539475, 0.410024
-0.770119, -0.344432, 0.53692
-0.717148, -0.485784, 0.499712
-0.581992, -0.60296, 0.545642
-0.213614, -0.896299, 0.38861
-0.537502, -0.768457, 0.347226
-0.758899, -0.596083, 0.262217
-0.754766, -0.596634, 0.272685
-0.581636, -0.448209, 0.678829
-0.200033, -0.212572, 0.956452
0.253198, 0.0955077, 0.962688
0.258007, 0.0166165, 0.966
0.409727, 0.137949, 0.901717
0.725801, 0.357664, 0.587613
0.828803, 0.46775, 0.307076
0.777836, 0.530376, 0.337153
-0.603807, -0.593526, 0.532113
-0.557907, -0.520634, 0.646282
-0.500609, -0.804285, 0.320182
-0.50617, -0.8252, 0.250673
-0.675531, -0.696676, 0.241457
-0.537937, -0.806903, 0.243988
-0.121827, -0.951684, 0.281878
-0.124191, -0.917801, 0.377117
-0.105323, -0.591629, 0.799301
0.195916, -0.373401, 0.906746
0.4795, -0.10774, 0.870903
0.641026, 0.126744, 0.756982
0.780748, 0.351382, 0.516686
0.859804, 0.429104, 0.276779
0.878878, 0.306262, 0.365755
0.868519, 0.352392, 0.348559
-0.51577, -0.781701, 0.350607
-0.290986, -0.915051, 0.2793
-0.421104, -0.860068, 0.288018
-0.47838, -0.830126, 0.286432
-0.659224, -0.700145, 0.274263
-0.694501, -0.659986, 0.286507
-0.640519, -0.320225, 0.697991
-0.363528, -0.1226, 0.923481
0.118057, 0.127618, 0.984772
0.245909, 0.158671, 0.956218
0.342762, 0.101478, 0.933925
0.682723, 0.335393, 0.649154
0.82461, 0.440786, 0.354579
0.641644, 0.746335, 0.176853
0.822868, 0.555899, 0.117747
0.174304, -0.943007, 0.283472
-0.535599, -0.651011, 0.537884
-0.641176, -0.577125, 0.505787
-0.589251, -0.485113, 0.646102
-0.62335, -0.734617, 0.267903
-0.764948, -0.600331, 0.233363
-0.632524, -0.73016, 0.258418
-0.109027, -0.952415, 0.284639
-0.264646, -0.66949, 0.694079
-0.186593, -0.551157, 0.813271
0.0266212, -0.331976, 0.942912
0.357503, -0.00693245, 0.933886
0.536668, 0.320426, 0.780586
0.610412, 0.487851, 0.624019
0.734526, 0.541965, 0.408344
0.830704, 0.496527, 0.251778
0.859325, 0.390632, 0.330101
-0.52054, -0.779752, 0.347885
-0.569252, -0.770118, 0.287874
-0.421503, -0.858561, 0.291905
-0.234048, -0.932557, 0.27488
-0.401446, -0.859954, 0.315153
-0.416782, -0.846099, 0.33228
-0.703938, -0.180885, 0.686842
-0.566391, 0.0120953, 0.824048
-0.159332, 0.138204, 0.977503
0.180968, 0.206506, 0.961564
0.221288, 0.122023, 0.967544
0.546633, 0.314748, 0.775968
0.809612, 0.419736, 0.410305
0.873555, 0.479705, 0.0823722
0.898436, 0.436742, -0.0454833
0.851124, 0.52449, 0.022315
0.40833, -0.735386, 0.540808
0.0850107, -0.870949, 0.483964
0.0866677, -0.878659, 0.469517
0.124334, -0.903269, 0.410666
0.174304, -0.943007, 0.283472
0.157962, -0.915056, 0.371108
0.189912, -0.911538, 0.364735
0.253025, -0.9048, 0.342513
0.299564, -0.901178, 0.313273
0.325852, -0.894183, 0.307013
-0.590475, -0.638707, 0.493349
-0.626651, -0.586309, 0.513372
-0.437542, -0.707199, 0.555362
-0.844759, -0.470022, 0.255855
-0.77999, -0.581095, 0.232259
-0.558599, -0.77373, 0.298846
-0.368842, -0.569421, 0.734654
-0.220346, -0.512914, 0.829679
-0.0394169, -0.414298, 0.909287
0.22145, -0.235763, 0.946243
0.478764, 0.0562824, 0.876138
0.66843, 0.262769, 0.695811
0.753024, 0.353189, 0.555169
0.787127, 0.424801, 0.447186
0.811243, 0.435252, 0.390437
0.92756, 0.268022, 0.260379
0.926222, 0.0456739, 0.374202
-0.693571, -0.576386, 0.432132
-0.498231, -0.795417, 0.345076
-0.491147, -0.769242, 0.408707
-0.591096, -0.638832, 0.492442
-0.620432, -0.601726, 0.50298
-0.595008, -0.582469, 0.553801
-0.641913, -0.277295, 0.714881
-0.581763, -0.106033, 0.806417
-0.440774, 0.099036, 0.892138
-0.172786, 0.224604, 0.959009
0.0861589, 0.186454, 0.978678
0.424699, 0.211511, 0.880281
0.783144, 0.328422, 0.528038
0.93696, 0.30893, 0.163303
0.932139, 0.361667, 0.0176924
0.954982, 0.231699, 0.185272
0.111955, -0.853334, 0.509203
0.108469, -0.860329, 0.498065
0.0724748, -0.871168, 0.485607
0.0740247, -0.880698, 0.467858
0.113433, -0.883391, 0.454701
0.133734, -0.892604, 0.43055
0.137613, -0.905727, 0.400901
0.184972, -0.911793, 0.366633
0.24631, -0.913056, 0.325055
0.326332, -0.884328, 0.333874
0.325105, -0.903306, 0.2799
0.342384, -0.880979, 0.326572
0.413268, -0.859533, 0.300688
0.447331, -0.848456, 0.282873
-0.762252, -0.427722, 0.485826
-0.705182, -0.502969, 0.499741
-0.606631, -0.648293, 0.460124
-0.534997, -0.678116, 0.503921
-0.92964, -0.219451, 0.295992
-0.77418, -0.586811, 0.237275
-0.881808, -0.374037, 0.287246
-0.576334, -0.285804, 0.765608
-0.366675, -0.278869, 0.88757
-0.116324, -0.245854, 0.962302
0.127672, -0.262603, 0.95642
0.420015, -0.247273, 0.87318
0.645142, -0.15024, 0.749146
0.731357, -0.0924453, 0.6757
0.788317, -0.0679839, 0.611501
0.811578, -0.0266225, 0.583637
0.81855, -0.0521016, 0.572068
0.884968, -0.140527, 0.44394
0.781139, -0.45516, 0.427378
0.818269, -0.387655, 0.424452
-0.787868, -0.406907, 0.462267
-0.773609, -0.447238, 0.448896
-0.760289, -0.446129, 0.472154
-0.711027, -0.487895, 0.506359
-0.647878, -0.525738, 0.551229
-0.579018, -0.521546, 0.62668
-0.558484, -0.43737, 0.704843
-0.517399, -0.364318, 0.77432
-0.385549, -0.248881, 0.888488
-0.237212, -0.10828, 0.965405
-0.0783612, 0.0746434, 0.994127
0.156453, 0.192727, 0.9687
0.545634, 0.300017, 0.782479
0.87537, 0.240457, 0.419414
0.96862, 0.205248, 0.140175
0.9776, 0.105554, 0.182091
0.472491, -0.702772, 0.531849
0.0986778, -0.77168, 0.628309
0.0351395, -0.795489, 0.604948
0.00136745, -0.816681, 0.577088
0.0585097, -0.828573, 0.556815
0.117784, -0.832025, 0.54209
0.112475, -0.839676, 0.531314
0.120961, -0.848502, 0.515182
0.187238, -0.85186, 0.489159
0.234111, -0.8572, 0.458693
0.24078, -0.871385, 0.427449
0.276517, -0.879009, 0.388434
0.343193, -0.877548, 0.334856
0.421499, -0.855759, 0.300024
0.472708, -0.840292, 0.265436
0.470861, -0.831934, 0.293557
0.546739, -0.798206, 0.252871
0.589494, -0.775169, 0.227178
-0.661938, -0.596753, 0.453568
-0.764556, -0.397229, 0.507605
-0.758873, -0.457612, 0.463361
-0.670353, -0.494256, 0.553477
-0.540034, -0.437904, 0.718751
-0.94492, -0.222228, 0.240293
-0.905973, -0.348937, 0.239699
-0.796649, -0.109004, 0.594533
-0.540837, -0.0924677, 0.836029
-0.333149, -0.0413136, 0.941969
-0.197456, -0.0550182, 0.978767
-0.0535544, -0.175218, 0.983072
0.328364, -0.277163, 0.902972
0.561766, -0.333611, 0.757049
0.660916, -0.354525, 0.661439
0.749428, -0.334737, 0.571234
0.786391, -0.32421, 0.525811
0.764678, -0.282235, 0.579319
0.739799, -0.257502, 0.621602
0.808454, -0.366464, 0.460549
0.859626, -0.338694, 0.382531
0.880575, -0.276967, 0.384547
-0.789575, -0.37962, 0.482141
-0.761164, -0.41499, 0.49841
-0.825429, -0.356737, 0.4375
-0.790364, -0.393739, 0.469355
-0.70202, -0.459347, 0.544213
-0.654454, -0.407643, 0.636802
-0.602187, -0.390431, 0.696372
-0.517759, -0.381346, 0.765833
-0.381862, -0.300405, 0.874036
-0.21469, -0.200329, 0.955917
-0.0122831, -0.124437, 0.992151
0.231494, -0.0432097, 0.971876
0.41742, 0.0612157, 0.906649
0.637037, 0.131287, 0.759571
0.898942, 0.0851932, 0.429705
0.973654, 0.0301117, 0.226035
0.877526, -0.27041, 0.396014
0.218379, -0.675323, 0.70445
-0.00495797, -0.723563, 0.690241
-0.0797545, -0.746061, 0.661085
-0.0664387, -0.763194, 0.642745
0.034155, -0.77939, 0.625608
0.0944421, -0.791205, 0.604215
0.0916519, -0.801102, 0.591469
0.10348, -0.809362, 0.578122
0.170293, -0.813557, 0.555991
0.220976, -0.820797, 0.526747
0.218478, -0.831776, 0.510309
0.232425, -0.842426, 0.486103
0.327433, -0.838381, 0.435782
0.409926, -0.827004, 0.384739
0.412421, -0.839691, 0.353312
0.45646, -0.836971, 0.301866
0.538254, -0.804422, 0.251371
0.638336, -0.742764, 0.202061
0.515186, -0.812144, 0.27387
0.448213, -0.851971, 0.270648
0.461638, -0.84752, 0.261916
-0.176357, -0.912085, 0.370134
-0.524064, -0.764494, 0.375373
-0.437189, -0.787531, 0.43435
-0.361057, -0.786532, 0.501004
-0.540728, -0.775723, 0.325372
-0.819173, -0.519551, 0.242945
-0.969271, -0.0494784, 0.24097
-0.699608, -0.00404037, 0.714516
-0.507996, 0.0604127, 0.859238
-0.333887, 0.111002, 0.936054
-0.286918, 0.088576, 0.953851
-0.185175, 0.121831, 0.975124
0.15105, 0.0644958, 0.98642
0.479816, -0.134892, 0.866937
0.645533, -0.211448, 0.733878
0.718383, -0.304345, 0.62554
0.782233, -0.320372, 0.534297
0.808863, -0.323315, 0.49113
0.807875, -0.209167, 0.550988
0.79062, -0.125184, 0.599374
0.89778, -0.214062, 0.384927
0.891159, -0.200143, 0.407159
-0.817002, -0.341558, 0.464592
-0.80116, -0.318046, 0.506941
-0.802646, -0.404019, 0.438781
-0.816759, -0.358949, 0.451731
-0.792433, -0.340605, 0.506003
-0.699914, -0.334276, 0.631174
-0.613443, -0.261281, 0.745265
-0.595237, -0.187863, 0.781281
-0.452288, -0.101947, 0.886026
-0.272936, -0.0152445, 0.961911
-0.134431, 0.0577419, 0.989239
-0.0191547, 0.112232, 0.993497
0.177332, 0.0734348, 0.981407
0.403669, 0.0281772, 0.914471
0.627955, 0.0124522, 0.77815
0.869319, -0.0505025, 0.491665
0.936244, -0.158861, 0.313385
0.7567, -0.407971, 0.510847
0.00910366, -0.608373, 0.793599
-0.155294, -0.626297, 0.763961
-0.139424, -0.640418, 0.755265
-0.0987256, -0.649522, 0.753906
-0.00250167, -0.677638, 0.735392
0.0598669, -0.703164, 0.708503
0.0576459, -0.719945, 0.691633
0.0832301, -0.733714, 0.674341
0.149645, -0.743331, 0.65197
0.189604, -0.760752, 0.62073
0.195538, -0.779133, 0.595581
0.225952, -0.79266, 0.566248
0.34012, -0.786567, 0.515394
0.419926, -0.779489, 0.464822
0.427146, -0.791572, 0.436989
0.503399, -0.773432, 0.385218
0.544638, -0.768045, 0.336863
0.511184, -0.798155, 0.318809
0.421005, -0.860163, 0.287881
0.479813, -0.831088, 0.281196
0.443015, -0.863128, 0.242381
0.287757, -0.910662, 0.296464
0.396303, -0.905884, 0.149392
0.312363, -0.931809, 0.184826
-0.0839753, -0.96209, 0.259482
-0.520311, -0.805391, 0.28394
-0.724597, -0.635951, 0.265567
-0.643726, -0.707459, 0.291751
-0.854109, -0.0200327, 0.519708
-0.643698, 0.0455393, 0.763923
-0.455286, 0.160658, 0.87573
-0.315102, 0.198861, 0.92799
-0.194225, 0.248404, 0.948985
-0.0951866, 0.332611, 0.938248
-0.0053988, 0.335114, 0.942162
0.270879, 0.171927, 0.947136
0.503266, 0.0335111, 0.863481
0.674819, -0.0859956, 0.732956
0.789753, -0.137699, 0.59777
0.845391, -0.201084, 0.494852
0.868267, -0.202265, 0.452991
0.853274, -0.0889315, 0.513824
0.85124, -0.0194838, 0.524414
0.921112, -0.220498, 0.320831
0.936731, -0.132519, 0.323996
-0.838506, -0.320653, 0.440557
-0.830722, -0.364183, 0.421036
-0.803102, -0.377841, 0.46072
-0.809669, -0.309986, 0.498342
-0.782897, -0.245126, 0.571827
-0.663843, -0.126114, 0.737162
-0.576409, -0.0428089, 0.816039
-0.532275, 0.110017, 0.839392
-0.392005, 0.213465, 0.894854
-0.227663, 0.235011, 0.944955
-0.0669335, 0.26999, 0.960534
0.00423706, 0.294229, 0.955725
0.11893, 0.311848, 0.942659
0.346285, 0.197685, 0.917064
0.541192, 0.110702, 0.83358
0.781927, 0.0134298, 0.623225
0.897422, -0.170345, 0.406961
0.701272, -0.410905, 0.582559
0.00198322, -0.502266, 0.864711
-0.147458, -0.465226, 0.872824
-0.155478, -0.461185, 0.873576
-0.16027, -0.464248, 0.871084
-0.0823848, -0.490867, 0.86733
0.000435577, -0.527809, 0.849363
0.021458, -0.553694, 0.832444
0.0603935, -0.577926, 0.813851
0.124813, -0.599338, 0.790705
0.15601, -0.62426, 0.765481
0.151358, -0.648247, 0.746235
0.191702, -0.669125, 0.717999
0.343773, -0.675367, 0.652456
0.448613, -0.68545, 0.573502
0.463675, -0.709143, 0.531151
0.529521, -0.70836, 0.466727
0.60739, -0.693591, 0.387309
0.594829, -0.713642, 0.369991
0.458171, -0.783641, 0.419507
0.332621, -0.84104, 0.426633
0.307597, -0.872732, 0.379109
0.193944, -0.91364, 0.357279
0.0792745, -0.938898, 0.334942
0.0245283, -0.963804, 0.265482
-0.0508374, -0.958718, 0.279779
-0.126274, -0.94928, 0.287963
-0.508947, -0.759737, 0.404688
-0.858523, -0.189712, 0.476391
-0.780579, 0.0552638, 0.622609
-0.590177, 0.10579, 0.800312
-0.379568, 0.200831, 0.903103
-0.25852, 0.237733, 0.936296
-0.136149, 0.290735, 0.947067
-0.0820568, 0.278684, 0.956871
-0.0797237, 0.311682, 0.946836
0.11734, 0.304798, 0.945161
0.427749, 0.179778, 0.885839
0.632575, 0.146953, 0.76043
0.750563, 0.0151031, 0.660627
0.819913, -0.0438127, 0.570809
0.869771, -0.156294, 0.468049
0.884498, -0.119495, 0.45098
0.857616, 0.0021224, 0.514287
0.901744, -0.00785654, 0.432199
0.963391, -0.165815, 0.210675
0.959521, -0.0868296, 0.267918
-0.878281, -0.265726, 0.397509
-0.871144, -0.298554, 0.389839
-0.845647, -0.299783, 0.441601
-0.804523, -0.30245, 0.511143
-0.78982, -0.260653, 0.555198
-0.737719, -0.109148, 0.666226
-0.561189, 0.0506269, 0.826138
-0.441298, 0.212418, 0.871857
-0.403439, 0.338137, 0.850235
-0.354703, 0.387231, 0.851022
-0.235173, 0.417463, 0.877735
-0.0725479, 0.4441, 0.893035
0.0284513, 0.45066, 0.892242
0.0396639, 0.454333, 0.889949
0.144367, 0.447983, 0.882309
0.444957, 0.318396, 0.837041
0.675336, 0.189377, 0.712781
0.836402, 0.0104078, 0.548018
0.67522, -0.272698, 0.685356
0.0698005, -0.299534, 0.951529
-0.159409, -0.245226, 0.95627
-0.190006, -0.250852, 0.949195
-0.176154, -0.246146, 0.953091
-0.105308, -0.244062, 0.964025
-0.0385324, -0.268232, 0.962583
-0.029737, -0.297716, 0.954191
0.0146363, -0.336737, 0.941485
0.100687, -0.376819, 0.920798
0.149651, -0.420896, 0.894679
0.165469, -0.448669, 0.878246
0.210603, -0.467937, 0.858302
0.337191, -0.486652, 0.805898
0.421839, -0.535447, 0.731675
0.430585, -0.591824, 0.681426
0.512801, -0.619064, 0.594807
0.600318, -0.624302, 0.499865
0.622095, -0.653771, 0.430791
0.550491, -0.7111, 0.437375
0.414936, -0.774897, 0.476825
0.331249, -0.81492, 0.475583
0.204304, -0.850905, 0.483964
0.0750825, -0.866471, 0.493549
-0.00667403, -0.867214, 0.497891
-0.135879, -0.843323, 0.519946
-0.277634, -0.773706, 0.569471
-0.381293, -0.68593, 0.619771
-0.659519, -0.165652, 0.733208
-0.715557, 0.0268867, 0.698036
-0.578178, 0.075273, 0.812431
-0.355126, 0.105496, 0.928847
-0.236312, 0.104614, 0.966029
-0.160445, 0.15099, 0.975428
-0.0735176, 0.150199, 0.985919
0.0230846, 0.195175, 0.980497
0.0922409, 0.28272, 0.954757
0.351931, 0.243088, 0.90391
0.550757, 0.219375, 0.805321
0.688431, 0.109849, 0.716935
0.777472, 0.0735829, 0.624598
0.863588, 0.00215091, 0.504194
0.913341, -0.0399569, 0.405231
0.898817, 0.0407313, 0.436428
0.884126, 0.10919, 0.45431
0.946507, -0.00701665, 0.322608
0.960382, -0.0241486, 0.277638
-0.898897, -0.184771, 0.397295
-0.884375, -0.232582, 0.404707
-0.856716, -0.190658, 0.479257
-0.815507, -0.230989, 0.530652
-0.761401, -0.162923, 0.627475
-0.626158, -0.0100332, 0.779632
-0.400729, 0.159565, 0.902195
-0.313387, 0.255806, 0.914523
-0.354899, 0.394198, 0.847735
-0.312824, 0.481098, 0.818954
-0.192636, 0.539578, 0.819602
-0.0561506, 0.558963, 0.82729
0.00633213, 0.570699, 0.821135
0.0992263, 0.549817, 0.82937
0.140334, 0.567957, 0.811006
0.230483, 0.530723, 0.815604
0.53156, 0.41396, 0.738973
0.717469, 0.255709, 0.647959
0.573202, -0.00748489, 0.81938
0.116076, -0.0462002, 0.992165
-0.127289, -0.0085419, 0.991829
-0.189226, -0.00865357, 0.981895
-0.172622, -0.00691275, 0.984964
-0.120128, -0.0126984, 0.992677
-0.0773129, -0.0500678, 0.995749
-0.0794851, -0.0840029, 0.99329
-0.0476004, -0.112372, 0.992526
0.0186723, -0.143853, 0.989423
0.0753898, -0.197024, 0.977496
0.111887, -0.249781, 0.961816
0.166575, -0.290694, 0.942205
0.294582, -0.303154, 0.906266
0.389478, -0.340033, 0.85597
0.412161, -0.394293, 0.821374
0.527065, -0.437564, 0.728519
0.627235, -0.47554, 0.616796
0.619779, -0.534202, 0.574894
0.475173, -0.64715, 0.59616
0.307293, -0.722606, 0.619202
0.295173, -0.745365, 0.597749
0.205563, -0.76304, 0.612791
0.0892327, -0.75758, 0.646614
0.138632, -0.727888, 0.671535
0.177314, -0.662139, 0.728101
0.09312, -0.586708, 0.804427
-0.0704621, -0.41551, 0.906855
-0.480988, -0.152848, 0.863301
-0.658152, -0.0518864, 0.751095
-0.543673, 0.0304249, 0.838746
-0.371051, 0.0177294, 0.928443
-0.217308, 0.0479453, 0.974925
-0.086413, 0.0946443, 0.991754
-0.0323662, 0.156488, 0.987149
0.0947805, 0.199653, 0.975272
0.190826, 0.269303, 0.94396
0.375141, 0.3135, 0.872346
0.525468, 0.294972, 0.798045
0.658306, 0.24718, 0.71101
0.767792, 0.187594, 0.612621
0.842143, 0.15887, 0.51532
0.909299, 0.0445349, 0.413754
0.912196, 0.0563834, 0.405855
0.883086, 0.140825, 0.447579
0.950572, 0.100906, 0.293652
0.95161, 0.0636892, 0.300636
-0.925068, -0.0470978, 0.376871
-0.922034, -0.111484, 0.370707
-0.90379, -0.0935376, 0.417629
-0.864424, -0.133903, 0.484604
-0.815447, -0.140665, 0.56148
-0.701936, -0.0569128, 0.709962
-0.531349, 0.0835695, 0.843021
-0.322387, 0.188677, 0.927614
-0.15037, 0.220537, 0.963718
-0.0879232, 0.402335, 0.911261
-0.17789, 0.542591, 0.820945
-0.166916, 0.595022, 0.786186
-0.0580588, 0.614195, 0.787015
-0.00762119, 0.626449, 0.779425
0.0224371, 0.622126, 0.782596
0.104504, 0.584138, 0.804899
0.229948, 0.570823, 0.788217
0.400119, 0.509487, 0.761793
0.518201, 0.35746, 0.776975
0.385248, 0.234995, 0.892391
0.0753981, 0.162163, 0.983879
-0.124641, 0.145124, 0.981531
-0.201409, 0.127491, 0.971175
-0.192872, 0.11675, 0.974254
-0.167156, 0.101013, 0.980742
-0.135922, 0.066316, 0.988498
-0.115763, 0.0400536, 0.992469
-0.0643842, 0.0238624, 0.99764
-0.00492427, 0.0147715, 0.999879
0.0183058, -0.00908893, 0.999791
0.0511177, -0.0535696, 0.997255
0.159891, -0.107079, 0.98131
0.308972, -0.139338, 0.940809
0.368028, -0.181136, 0.912001
0.356382, -0.230066, 0.905573
0.454115, -0.276654, 0.846901
0.59625, -0.316595, 0.737735
0.651503, -0.359752, 0.667924
0.577554, -0.419338, 0.70042
0.47583, -0.411918, 0.777116
0.489008, -0.365352, 0.792079
0.437555, -0.362007, 0.823102
0.384248, -0.25523, 0.887249
0.414064, -0.153774, 0.897164
0.212189, -0.145192, 0.966382
0.0218394, -0.269462, 0.962764
0.000847935, -0.234, 0.972236
-0.416858, -0.171079, 0.892727
-0.612562, -0.0292061, 0.789883
-0.512809, 0.0640238, 0.856112
-0.344246, 0.101913, 0.933332
-0.145225, 0.178671, 0.973132
-0.023735, 0.211487, 0.977093
0.0622527, 0.261786, 0.963116
0.172135, 0.319148, 0.931941
0.258781, 0.352185, 0.899443
0.407695, 0.367666, 0.835827
0.511161, 0.351819, 0.78418
0.620801, 0.319667, 0.715834
0.741537, 0.24498, 0.624585
0.802073, 0.220761, 0.554926
0.892164, 0.106978, 0.438861
0.922765, 0.0740674, 0.378178
0.906425, 0.122698, 0.404153
0.918152, 0.170332, 0.357749
0.974689, -0.0105699, 0.223317
0.976928, 0.041309, 0.209535
-0.926604, -0.000520984, 0.376038
-0.924222, 0.0174858, 0.381454
-0.915456, 0.0247614, 0.401655
-0.877011, -0.0448124, 0.478377
-0.811002, 0.0197194, 0.584711
-0.646575, 0.0651604, 0.760062
-0.433134, 0.18554, 0.882026
-0.283351, 0.235839, 0.929565
-0.0627405, 0.305608, 0.950088
0.11643, 0.341693, 0.932572
0.0103761, 0.461412, 0.887125
-0.0940662, 0.573113, 0.81406
-0.0358705, 0.599972, 0.799217
0.00687683, 0.608046, 0.793872
0.00145469, 0.618139, 0.786068
0.0361956, 0.605324, 0.795156
0.126048, 0.585548, 0.800778
0.257479, 0.519145, 0.81498
0.413109, 0.447541, 0.793126
0.299639, 0.405467, 0.863604
-0.00569035, 0.33295, 0.942927
-0.158017, 0.280371, 0.946796
-0.218666, 0.262845, 0.939733
-0.206102, 0.255275, 0.944646
-0.185527, 0.248027, 0.950822
-0.157358, 0.239623, 0.958029
-0.136081, 0.218036, 0.966407
-0.0826919, 0.18798, 0.978686
-0.0251186, 0.155825, 0.987465
-0.0132535, 0.126939, 0.991822
-0.0139581, 0.0963666, 0.995248
0.0591976, 0.046758, 0.997151
0.21218, 0.00935529, 0.977186
0.304706, -0.0405432, 0.951583
0.322983, -0.0832187, 0.942739
0.459558, -0.111327, 0.881143
0.609001, -0.13406, 0.781758
0.648163, -0.192451, 0.736782
0.622313, -0.262174, 0.737558
0.576957, -0.25079, 0.777319
0.553438, -0.224528, 0.802055
0.517657, -0.216334, 0.827787
0.465711, -0.16613, 0.869203
0.384073, -0.129259, 0.91421
0.092521, -0.207726, 0.973802
-0.00771353, -0.240884, 0.970523
0.0206235, -0.242549, 0.96992
-0.297828, -0.199415, 0.933559
-0.491994, -0.0429683, 0.869538
-0.42648, 0.12108, 0.896356
-0.263476, 0.224864, 0.938092
-0.0940509, 0.294824, 0.950912
0.0168371, 0.316471, 0.948453
0.113708, 0.324495, 0.939028
0.221917, 0.365286, 0.904057
0.277334, 0.380176, 0.882356
0.406124, 0.370509, 0.835336
0.507008, 0.358747, 0.783737
0.595875, 0.347692, 0.723908
0.726849, 0.282941, 0.625808
0.783619, 0.261485, 0.563531
0.86879, 0.180711, 0.461029
0.916441, 0.10396, 0.386431
0.917793, 0.107335, 0.382277
0.923501, 0.145194, 0.355055
0.976348, 0.0930687, 0.195148
0.974266, 0.070895, 0.213961
-0.911448, 0.0617812, 0.406751
-0.923646, 0.0924406, 0.371931
-0.913817, 0.150763, 0.377106
-0.882885, 0.0875799, 0.461349
-0.794194, 0.151857, 0.588384
-0.634008, 0.223243, 0.740403
-0.404665, 0.269455, 0.873865
-0.22159, 0.32675, 0.918767
-0.0416454, 0.382214, 0.923135
0.13982, 0.373213, 0.917149
0.210473, 0.424291, 0.880726
0.0674919, 0.531845, 0.844148
-0.0136421, 0.585615, 0.810475
0.0216271, 0.58156, 0.813216
0.0136062, 0.596707, 0.802344
0.0293227, 0.608831, 0.792758
0.0737904, 0.60751, 0.790877
0.199434, 0.588663, 0.783391
0.330882, 0.574866, 0.748362
0.175584, 0.520351, 0.835706
-0.0897695, 0.460121, 0.883306
-0.185754, 0.421956, 0.887383
-0.216514, 0.410867, 0.885613
-0.206531, 0.398302, 0.893701
-0.185179, 0.389272, 0.902317
-0.173393, 0.382029, 0.907738
-0.182208, 0.364689, 0.913128
-0.148041, 0.347748, 0.925827
-0.0870916, 0.324623, 0.941825
-0.0598191, 0.300346, 0.951953
-0.0547332, 0.278963, 0.958741
0.0451877, 0.262637, 0.963836
0.202734, 0.248134, 0.947274
0.264604, 0.194497, 0.94454
0.279869, 0.131345, 0.951011
0.409322, 0.0899306, 0.907947
0.548384, 0.0320887, 0.83561
0.596314, -0.0214016, 0.802466
0.606719, -0.0855178, 0.790303
0.59399, -0.11263, 0.796549
0.584145, -0.115757, 0.803352
0.554896, -0.128086, 0.822
0.516679, -0.116988, 0.848149
0.381581, -0.0859164, 0.920334
0.0555514, -0.141286, 0.988409
-0.0301261, -0.150629, 0.988131
0.0349267, -0.193916, 0.980396
-0.221288, -0.135352, 0.96577
-0.33562, -0.0293482, 0.94154
-0.236912, 0.122156, 0.963821
-0.159759, 0.290857, 0.943334
-0.0427657, 0.347817, 0.936587
0.00838486, 0.325829, 0.945392
0.133354, 0.318344, 0.938549
0.257726, 0.345643, 0.90228
0.28757, 0.356252, 0.889038
0.416285, 0.365647, 0.832472
0.522212, 0.370176, 0.768287
0.593775, 0.364659, 0.717255
0.712285, 0.312776, 0.628347
0.763247, 0.293175, 0.575762
0.838522, 0.242469, 0.487944
0.903348, 0.163804, 0.396397
0.917656, 0.145801, 0.36966
0.928734, 0.149174, 0.339413
0.966319, 0.12979, 0.222223
0.9739, 0.145283, 0.174392
-0.864382, 0.0214112, 0.50238
-0.885997, -0.0229977, 0.46312
-0.900196, 0.159401, 0.405263
-0.897494, 0.25894, 0.357007
-0.887982, 0.20038, 0.413926
-0.773743, 0.322618, 0.545196
-0.625807, 0.33796, 0.702958
-0.398951, 0.419398, 0.815441
-0.18664, 0.475304, 0.859798
-0.0318948, 0.423833, 0.905179
0.162795, 0.476698, 0.863861
0.258233, 0.509116, 0.821046
0.186818, 0.485694, 0.853932
0.056839, 0.551893, 0.831976
0.024306, 0.566701, 0.823565
0.05364, 0.572916, 0.817857
0.0510098, 0.600598, 0.797923
0.0808265, 0.619985, 0.78044
0.19982, 0.632332, 0.748484
0.262003, 0.644822, 0.718024
0.0826503, 0.606763, 0.790574
-0.116067, 0.575156, 0.809768
-0.186566, 0.553951, 0.811376
-0.225561, 0.532933, 0.81554
-0.223202, 0.518199, 0.825621
-0.197662, 0.515934, 0.833512
-0.177898, 0.510484, 0.841284
-0.174533, 0.503681, 0.846075
-0.141737, 0.509232, 0.848878
-0.0958951, 0.515751, 0.851355
-0.074918, 0.507273, 0.858523
-0.0674353, 0.49117, 0.868449
0.00788203, 0.480548, 0.876933
0.111267, 0.459854, 0.880996
0.145996, 0.417585, 0.896832
0.189103, 0.371874, 0.908818
0.3499, 0.330414, 0.876582
0.511494, 0.271085, 0.815406
0.563023, 0.203442, 0.801009
0.577115, 0.124948, 0.807048
0.583185, 0.0712879, 0.809205
0.568159, 0.0375653, 0.822061
0.545179, 0.0102373, 0.838257
0.535808, 0.00976336, 0.844283
0.375526, 0.0323566, 0.926247
0.00720299, 0.0136143, 0.999881
-0.0830872, 0.00793237, 0.996511
0.0335882, 0.0213084, 0.999209
-0.115504, 0.0631811, 0.991296
-0.234459, 0.146114, 0.961083
-0.0496977, 0.154919, 0.986676
0.0222412, 0.281792, 0.959218
-0.0593629, 0.321932, 0.9449
-0.0326009, 0.288687, 0.956868
0.145218, 0.296779, 0.94384
0.285596, 0.305159, 0.908467
0.330096, 0.321928, 0.887355
0.464679, 0.345146, 0.815443
0.543449, 0.365694, 0.7556
0.586197, 0.370075, 0.720706
0.708492, 0.323609, 0.62715
0.765351, 0.309355, 0.564391
0.82502, 0.292109, 0.483749
0.886055, 0.237234, 0.398279
0.906467, 0.214659, 0.363646
0.919257, 0.228127, 0.320819
0.951175, 0.218407, 0.218092
0.988641, 0.137909, 0.0597562
0.974999, 0.214524, 0.0579364
-0.856151, 0.045451, 0.514723
-0.839325, 0.0657349, 0.539641
-0.863483, 0.207945, 0.459517
-0.882154, 0.308819, 0.355578
-0.851508, 0.378292, 0.363084
-0.763259, 0.434075, 0.478554
-0.642967, 0.499791, 0.580347
-0.357833, 0.562321, 0.745487
-0.277673, 0.563964, 0.777716
-0.0774083, 0.600963, 0.79552
0.251806, 0.559302, 0.789794
0.21126, 0.556571, 0.803491
0.138525, 0.551595, 0.822529
0.132642, 0.527346, 0.839233
0.0598929, 0.577652, 0.814083
0.0740128, 0.598289, 0.797855
0.117121, 0.608858, 0.784585
0.132297, 0.651957, 0.746625
0.242838, 0.677422, 0.694355
0.24862, 0.709553, 0.659335
0.0431463, 0.707984, 0.704909
-0.114021, 0.699065, 0.705909
-0.192756, 0.67301, 0.714075
-0.228328, 0.655118, 0.720199
-0.210343, 0.653356, 0.727243
-0.181735, 0.657082, 0.731584
-0.172875, 0.648423, 0.741392
-0.166474, 0.643875, 0.746801
-0.125263, 0.643528, 0.755103
-0.09029, 0.638488, 0.764317
-0.0939249, 0.622809, 0.776716
-0.0978106, 0.60976, 0.786527
-0.0226226, 0.607637, 0.793893
0.0788499, 0.598548, 0.797197
0.108746, 0.585544, 0.803313
0.140013, 0.569354, 0.810082
0.271877, 0.538111, 0.797821
0.392219, 0.47861, 0.785555
0.422455, 0.413853, 0.806385
0.463542, 0.34491, 0.81619
0.507583, 0.283787, 0.813526
0.529287, 0.230535, 0.816523
0.536116, 0.202052, 0.819607
0.545766, 0.192419, 0.815546
0.389513, 0.200367, 0.898962
0.0235263, 0.207024, 0.978053
-0.0208606, 0.239303, 0.970721
0.110644, 0.2997, 0.947596
-0.0606692, 0.31231, 0.948041
-0.235183, 0.299123, 0.924778
-0.0761102, 0.295447, 0.952322
0.0668331, 0.274894, 0.959149
-0.0309274, 0.278743, 0.959868
-0.0349689, 0.265507, 0.963475
0.157947, 0.305481, 0.939007
0.302724, 0.32364, 0.896446
0.367138, 0.340302, 0.865681
0.505749, 0.355395, 0.786074
0.574434, 0.375517, 0.727333
0.589425, 0.410482, 0.695761
0.692759, 0.40274, 0.598235
0.756834, 0.386639, 0.526985
0.807655, 0.373694, 0.456122
0.860205, 0.346449, 0.374193
0.888479, 0.32874, 0.320209
0.906924, 0.329545, 0.262466
0.938391, 0.304011, 0.164317
0.955449, 0.289839, 0.0557656
0.961508, 0.269588, 0.0531445
-0.830144, 0.0982537, 0.548823
-0.83768, 0.0933266, 0.538129
-0.799729, 0.266791, 0.537825
-0.844522, 0.343311, 0.410998
-0.797522, 0.514092, 0.315701
-0.755974, 0.530247, 0.38385
-0.630398, 0.614309, 0.474577
-0.473177, 0.662588, 0.580586
-0.192904, 0.7287, 0.657103
-0.106133, 0.763609, 0.636896
0.0383034, 0.737066, 0.674734
0.21594, 0.646957, 0.731311
0.11651, 0.656995, 0.744838
0.102641, 0.627772, 0.7716
0.145545, 0.654249, 0.742142
0.103502, 0.663309, 0.741153
0.155576, 0.634946, 0.75673
0.227957, 0.66904, 0.707405
0.317545, 0.705127, 0.634004
0.279131, 0.764803, 0.580656
0.0697238, 0.791534, 0.607134
-0.0984013, 0.787007, 0.609046
-0.187815, 0.772491, 0.606616
-0.206795, 0.769631, 0.604073
-0.188484, 0.778156, 0.599121
-0.175028, 0.781329, 0.599074
-0.165682, 0.779213, 0.604464
-0.15918, 0.771347, 0.616186
-0.144152, 0.758807, 0.635163
-0.123985, 0.74034, 0.6607
-0.111892, 0.724987, 0.679613
-0.0974521, 0.710919, 0.69649
-0.0380516, 0.708398, 0.704787
0.0437121, 0.700459, 0.712353
0.0717144, 0.682314, 0.727534
0.0905089, 0.663066, 0.743069
0.188252, 0.644283, 0.741256
0.303969, 0.602902, 0.737639
0.350163, 0.563634, 0.748132
0.386295, 0.529911, 0.754964
0.422091, 0.490647, 0.762302
0.446784, 0.456371, 0.769486
0.476608, 0.424113, 0.770048
0.49602, 0.400297, 0.770537
0.351675, 0.408513, 0.842284
0.0523626, 0.405346, 0.912663
0.0403267, 0.432803, 0.900586
0.132029, 0.465492, 0.875149
-0.0821811, 0.427559, 0.900244
-0.244608, 0.372058, 0.895399
-0.106412, 0.404885, 0.908155
-0.00491522, 0.373085, 0.927784
-0.0675811, 0.335975, 0.939443
0.00024255, 0.380291, 0.924867
0.217725, 0.459437, 0.861112
0.326744, 0.475487, 0.816793
0.381252, 0.48885, 0.784648
0.51479, 0.49044, 0.703178
0.591613, 0.485115, 0.64394
0.622143, 0.495383, 0.606246
0.696176, 0.490125, 0.524515
0.740479, 0.477429, 0.473025
0.793453, 0.458838, 0.399876
0.837322, 0.441026, 0.323092
0.857057, 0.434591, 0.276739
0.880104, 0.42109, 0.219319
0.92, 0.375841, 0.111103
0.925303, 0.376774, 0.0430753
0.936347, 0.34759, 0.0493433
-0.197165, -0.744287, 0.638093
-0.175245, -0.736174, 0.65371
-0.0964309, -0.717081, 0.690287
0.0493922, -0.684013, 0.727796
0.204968, -0.624588, 0.753577
0.348835, -0.550467, 0.758485
0.489763, -0.491114, 0.720374
0.638626, -0.42993, 0.638214
0.705065, -0.401797, 0.58433
-0.788778, 0.176593, 0.588765
-0.811976, 0.135528, 0.567739
-0.727121, 0.310436, 0.612311
-0.737489, 0.415853, 0.532143
-0.762087, 0.530422, 0.371318
-0.733745, 0.606168, 0.306885
-0.600321, 0.72793, 0.331259
-0.386749, 0.847837, 0.362764
-0.218461, 0.876513, 0.428952
-0.10229, 0.870905, 0.480688
-0.0828661, 0.863559, 0.497393
-0.00597275, 0.854288, 0.519766
0.0655449, 0.830726, 0.552809
0.0927978, 0.814531, 0.572649
0.118759, 0.740031, 0.662005
0.029319, 0.703532, 0.710059
0.127445, 0.703411, 0.699264
0.304222, 0.70371, 0.642061
0.453106, 0.702223, 0.549161
0.387325, 0.764975, 0.51458
0.10756, 0.831287, 0.545337
-0.0538606, 0.837777, 0.543349
-0.137338, 0.84126, 0.522895
-0.155598, 0.850958, 0.501656
-0.14377, 0.856114, 0.496386
-0.144051, 0.855532, 0.497308
-0.160504, 0.851289, 0.499546
-0.183089, 0.842071, 0.507341
-0.179835, 0.838063, 0.515082
-0.156328, 0.831583, 0.532945
-0.142423, 0.823368, 0.549346
-0.129362, 0.812939, 0.567799
-0.066803, 0.808656, 0.584477
-0.00538121, 0.793768, 0.608197
0.0107222, 0.767503, 0.640956
0.0451098, 0.746733, 0.663593
0.141152, 0.728215, 0.670656
0.222795, 0.708815, 0.669286
0.260534, 0.678649, 0.6867
0.306364, 0.641247, 0.703522
0.355138, 0.602196, 0.715009
0.391582, 0.576471, 0.717179
0.418775, 0.548848, 0.723459
0.454458, 0.518501, 0.72431
0.317308, 0.521596, 0.791994
0.0429658, 0.518952, 0.853723
0.0693865, 0.529791, 0.845285
0.103856, 0.547471, 0.830355
-0.154014, 0.457801, 0.875613
-0.254002, 0.417389, 0.872507
-0.104142, 0.460316, 0.881626
-0.0426902, 0.447399, 0.893315
-0.0190668, 0.480709, 0.876673
0.138788, 0.545613, 0.826465
0.282301, 0.592593, 0.754413
0.32961, 0.599985, 0.728955
0.393211, 0.601577, 0.695335
0.503212, 0.600655, 0.621281
0.556887, 0.596085, 0.578412
0.592843, 0.592614, 0.545293
0.668353, 0.576891, 0.469575
0.722141, 0.551146, 0.418033
0.770233, 0.53935, 0.340357
0.813414, 0.512867, 0.274453
0.831067, 0.508376, 0.225568
0.867019, 0.472989, 0.156714
0.904131, 0.421969, 0.0670017
0.925654, 0.375179, 0.04905
0.940556, 0.2822, 0.18899
-0.569532, -0.543637, 0.616517
-0.475255, -0.548935, 0.687607
-0.265843, -0.589424, 0.762828
-0.175066, -0.766231, 0.618258
-0.218995, -0.721328, 0.657059
-0.131019, -0.718217, 0.683373
0.0628342, -0.695985, 0.715302
0.214648, -0.614113, 0.759468
0.332373, -0.548287, 0.767404
0.490932, -0.475504, 0.729988
0.631312, -0.434839, 0.642152
0.771856, -0.364788, 0.520739
0.769255, -0.125978, 0.6264
-0.758123, 0.259423, 0.598288
-0.700721, 0.297352, 0.648515
-0.644866, 0.329761, 0.689497
-0.66215, 0.43043, 0.613423
-0.678287, 0.474235, 0.561274
-0.602371, 0.694996, 0.392593
-0.563042, 0.763128, 0.317205
-0.489626, 0.818412, 0.30078
-0.366577, 0.881515, 0.297579
-0.209795, 0.927027, 0.310817
-0.0709546, 0.943159, 0.324678
-0.0214122, 0.941205, 0.337156
-0.0529667, 0.936503, 0.346637
-0.124785, 0.921719, 0.367236
-0.121087, 0.902234, 0.413898
0.00392153, 0.859294, 0.511468
0.146327, 0.812667, 0.564058
0.308896, 0.760148, 0.571627
0.485703, 0.717181, 0.499744
0.483447, 0.730727, 0.481992
0.223361, 0.822051, 0.523776
0.0339934, 0.851731, 0.522875
-0.0427921, 0.868224, 0.494324
-0.106406, 0.873897, 0.474323
-0.142724, 0.878189, 0.456524
-0.144103, 0.883105, 0.446498
-0.148591, 0.885311, 0.440619
-0.153638, 0.888544, 0.432303
-0.162326, 0.888865, 0.42845
-0.164067, 0.885249, 0.43522
-0.154787, 0.880538, 0.447989
-0.149277, 0.874116, 0.462209
-0.125863, 0.868321, 0.479767
-0.0958906, 0.858441, 0.50387
-0.0695066, 0.844863, 0.530448
-0.0265307, 0.833127, 0.552444
0.0742348, 0.819169, 0.568728
0.158557, 0.79912, 0.579885
0.170111, 0.775554, 0.60793
0.203741, 0.748888, 0.630601
0.269266, 0.714482, 0.645764
0.318984, 0.67535, 0.664945
0.347986, 0.646897, 0.67855
0.381643, 0.611803, 0.692854
0.269004, 0.589724, 0.761487
0.0429354, 0.609577, 0.791564
0.0806562, 0.625575, 0.775984
0.0347123, 0.608318, 0.792934
-0.232935, 0.45504, 0.859465
-0.24298, 0.442752, 0.863094
-0.0966083, 0.479773, 0.872058
0.0159115, 0.572762, 0.819567
0.0827916, 0.640319, 0.763634
0.190996, 0.660481, 0.726144
0.302265, 0.669651, 0.678383
0.327871, 0.676473, 0.659458
0.400337, 0.677285, 0.617265
0.506901, 0.672399, 0.53938
0.552835, 0.661175, 0.50717
0.602413, 0.643696, 0.471969
0.660752, 0.630464, 0.407335
0.717694, 0.597571, 0.357525
0.757952, 0.589938, 0.278357
0.794623, 0.564398, 0.223672
0.803734, 0.569213, 0.173232
0.850573, 0.513453, 0.113543
0.883008, 0.464695, 0.0659951
0.911107, 0.388652, 0.137233
0.864785, -0.0524216, 0.499398
0.66403, -0.0117818, 0.747613
0.62892, -0.206253, 0.749613
-0.639944, -0.582516, 0.501146
-0.607645, -0.50709, 0.611251
-0.636624, -0.510543, 0.577975
-0.498406, -0.57288, 0.650692
-0.267427, -0.536461, 0.800433
-0.0947204, -0.420589, 0.902293
0.0899804, -0.202081, 0.975227
0.218786, 0.11022, 0.969528
0.328583, 0.26583, 0.906294
0.411712, 0.311047, 0.856588
0.446306, 0.330234, 0.831719
0.481257, 0.322851, 0.81496
0.532148, 0.21299, 0.819423
0.646573, 0.134196, 0.750956
0.82211, -0.136334, 0.552764
0.715695, 0.4086, 0.566416
-0.725704, 0.319585, 0.609277
-0.748758, 0.340969, 0.56842
-0.641155, 0.358286, 0.678639
-0.650876, 0.346966, 0.67526
-0.634349, 0.420022, 0.648986
-0.567629, 0.483739, 0.666179
-0.496572, 0.673224, 0.547892
-0.376701, 0.814226, 0.441739
-0.305908, 0.879844, 0.363724
-0.281596, 0.898652, 0.336345
-0.219807, 0.91885, 0.327718
-0.0840124, 0.940095, 0.330399
-0.0114406, 0.947879, 0.318425
-0.106212, 0.941042, 0.321184
-0.261551, 0.913284, 0.312255
-0.301582, 0.896351, 0.324966
-0.129987, 0.924921, 0.357246
0.139461, 0.880632, 0.452811
0.460955, 0.74947, 0.475201
0.525922, 0.703395, 0.478165
0.315691, 0.789803, 0.525881
0.142951, 0.831598, 0.536666
0.0324281, 0.856512, 0.515108
-0.0279161, 0.864264, 0.502263
-0.0528826, 0.881602, 0.469022
-0.0852427, 0.897668, 0.432349
-0.0992828, 0.904633, 0.414467
-0.118587, 0.907893, 0.402078
-0.150475, 0.908266, 0.390399
-0.168996, 0.909034, 0.380917
-0.176351, 0.903282, 0.391128
-0.17773, 0.897607, 0.403379
-0.154788, 0.897718, 0.412484
-0.127489, 0.896794, 0.423683
-0.109964, 0.892803, 0.436818
-0.080597, 0.886705, 0.455256
-0.00760746, 0.880436, 0.474103
0.0547894, 0.868362, 0.492895
0.0775039, 0.855681, 0.511667
0.114055, 0.84162, 0.52789
0.148065, 0.825515, 0.544611
0.202415, 0.797506, 0.568342
0.249834, 0.761254, 0.598395
0.274813, 0.722399, 0.634522
0.232896, 0.683747, 0.691556
0.0905943, 0.682405, 0.725338
0.0591256, 0.693739, 0.717795
-0.143784, 0.578297, 0.803056
-0.366095, 0.394939, 0.842614
-0.242143, 0.451323, 0.85888
0.0727466, 0.517037, 0.852866
0.222504, 0.632123, 0.742235
0.146664, 0.706869, 0.691972
0.206307, 0.727373, 0.654497
0.307926, 0.729932, 0.610231
0.340451, 0.735394, 0.585908
0.430775, 0.727041, 0.534644
0.502358, 0.720251, 0.478409
0.514278, 0.719133, 0.467296
0.571963, 0.705987, 0.417661
0.641063, 0.678052, 0.35956
0.715005, 0.631957, 0.298995
0.74926, 0.624066, 0.2217
0.766986, 0.620275, 0.164291
0.77401, 0.620849, 0.124319
0.797746, 0.597118, 0.0839747
0.847054, 0.52298, 0.0948203
0.751002, 0.597379, 0.281308
0.384505, 0.412709, 0.825728
0.562859, -0.0345705, 0.82583
0.670046, -0.369758, 0.643675
0.59145, -0.22691, 0.773757
-0.676756, -0.504329, 0.536333
-0.538363, -0.723906, 0.431422
-0.719017, -0.420638, 0.553244
-0.47426, -0.321266, 0.819674
-0.0886018, 0.255202, 0.962819
0.235228, 0.503739, 0.831213
0.303795, 0.633217, 0.71186
0.266874, 0.80146, 0.535201
0.255078, 0.834704, 0.488062
0.207461, 0.886761, 0.413055
0.215615, 0.887854, 0.40648
0.244823, 0.885569, 0.394752
0.25053, 0.891216, 0.378112
0.388744, 0.810646, 0.437871
0.436453, 0.785725, 0.438343
0.425599, 0.761289, 0.489189
0.708434, 0.491835, 0.506181
0.708434, 0.491835, 0.506181
-0.00471779, -0.605273, 0.796004
0.159307, -0.606479, 0.778976
0.3316, -0.515368, 0.790213
-0.696994, 0.351102, 0.625241
-0.689202, 0.342469, 0.638527
-0.641919, 0.338648, 0.687937
-0.659467, 0.332328, 0.674286
-0.628729, 0.227197, 0.743694
-0.452717, 0.355041, 0.81792
-0.311801, 0.551655, 0.7736
-0.24492, 0.66563, 0.704947
-0.200406, 0.762788, 0.61481
-0.175215, 0.81978, 0.545215
-0.106888, 0.859688, 0.499512
-0.0124936, 0.862916, 0.505193
0.019015, 0.873741, 0.48602
-0.0640923, 0.893542, 0.444381
-0.201134, 0.916979, 0.344522
-0.320919, 0.901515, 0.290313
-0.289652, 0.908473, 0.301295
0.0640659, 0.931743, 0.357421
0.457402, 0.771173, 0.442803
0.386622, 0.767728, 0.510996
0.216629, 0.820739, 0.528639
0.106338, 0.853718, 0.509762
0.0352966, 0.881272, 0.471289
0.0567921, 0.901154, 0.429762
0.0201795, 0.922599, 0.385232
-0.0408356, 0.937012, 0.346901
-0.0542815, 0.939302, 0.33877
-0.0673556, 0.940265, 0.333714
-0.128749, 0.936528, 0.326095
-0.179802, 0.92545, 0.333487
-0.176811, 0.922207, 0.343906
-0.158369, 0.922516, 0.351971
-0.143402, 0.920092, 0.364509
-0.138522, 0.91691, 0.374282
-0.130692, 0.912596, 0.387412
-0.0678945, 0.913057, 0.40214
0.00713885, 0.911103, 0.412118
0.0282116, 0.905849, 0.42266
0.0528554, 0.898806, 0.435148
0.078353, 0.886504, 0.456039
0.0828427, 0.869938, 0.486154
0.0991529, 0.847446, 0.52154
0.127775, 0.815832, 0.563996
0.106763, 0.77746, 0.619805
0.0469678, 0.742372, 0.66834
-0.0869409, 0.724483, 0.683787
-0.367998, 0.552869, 0.747605
-0.38591, 0.477988, 0.78905
-0.133022, 0.569102, 0.811436
0.175024, 0.651755, 0.737958
0.358669, 0.669309, 0.650678
0.275645, 0.728893, 0.626685
0.254762, 0.780213, 0.571283
0.318458, 0.788019, 0.526888
0.339773, 0.794468, 0.503363
0.421093, 0.781636, 0.460136
0.488957, 0.765136, 0.418912
0.515932, 0.76383, 0.387787
0.556755, 0.76359, 0.327039
0.583309, 0.764823, 0.273491
0.620002, 0.7628, 0.183667
0.668503, 0.734697, 0.115429
0.700149, 0.708241, 0.0904758
0.736191, 0.672569, 0.0753164
0.790673, 0.604849, 0.094838
0.803017, 0.575658, 0.154216
0.713294, 0.551574, 0.432409
0.43235, 0.482658, 0.761653
-0.207084, 0.689287, 0.694262
0.284492, 0.0485584, 0.957448
0.729463, -0.324867, 0.601951
0.583911, -0.279123, 0.762325
-0.766308, -0.296095, 0.570175
-0.761551, -0.384153, 0.521983
-0.688115, -0.373451, 0.622119
-0.353337, 0.234322, 0.905675
0.202846, 0.651544, 0.730988
0.288072, 0.73898, 0.609034
0.191042, 0.860707, 0.471897
0.366711, 0.869915, 0.329804
0.420433, 0.841896, 0.338301
0.35555, 0.880324, 0.314029
0.259435, 0.875816, 0.406989
0.222668, 0.886868, 0.404826
0.237034, 0.888379, 0.393188
0.295648, 0.865255, 0.404878
0.360208, 0.832971, 0.420012
0.417225, 0.786439, 0.455454
0.533093, 0.692076, 0.486666
0.578174, 0.638891, 0.507478
0.708434, 0.491835, 0.506181
-0.318918, -0.291374, 0.901883
-0.19809, -0.716996, 0.668339
0.188967, -0.453498, 0.870994
0.464053, -0.561418, 0.685175
0.601788, -0.357382, 0.714233
-0.735523, 0.313771, 0.600461
-0.704444, 0.360459, 0.611414
-0.67564, 0.322382, 0.663009
-0.739528, 0.167989, 0.651826
-0.667278, 0.136621, 0.732172
-0.38301, 0.258996, 0.886693
-0.196693, 0.389687, 0.899698
-0.147515, 0.491224, 0.858451
-0.112086, 0.567557, 0.815669
-0.0855449, 0.616667, 0.782563
-0.0671052, 0.661929, 0.746556
-0.0233839, 0.67048, 0.741559
0.0490464, 0.668391, 0.742191
0.229707, 0.705751, 0.670187
0.365518, 0.790071, 0.492122
0.0874869, 0.923118, 0.374432
-0.247267, 0.92676, 0.282799
-0.314807, 0.913471, 0.257813
-0.108962, 0.950281, 0.291709
0.207744, 0.916991, 0.340545
0.260671, 0.886543, 0.382219
0.219273, 0.90077, 0.374878
0.16648, 0.926503, 0.337457
0.163435, 0.93763, 0.306822
0.176472, 0.943643, 0.279993
0.070976, 0.961906, 0.264005
-0.0414739, 0.967065, 0.251127
-0.0536537, 0.965167, 0.256075
-0.0993218, 0.957821, 0.269656
-0.171508, 0.946624, 0.272925
-0.187078, 0.94296, 0.275369
-0.177578, 0.942229, 0.284025
-0.161313, 0.940514, 0.299019
-0.147598, 0.938803, 0.31123
-0.1479, 0.935876, 0.319784
-0.103189, 0.939197, 0.327507
-0.0389771, 0.939649, 0.339912
-0.0144212, 0.935218, 0.35378
-0.0128326, 0.928061, 0.372208
-0.0190282, 0.918622, 0.394679
-0.00333091, 0.909354, 0.41601
0.00384505, 0.898751, 0.438442
0.000657191, 0.884429, 0.466675
-0.0145029, 0.862497, 0.505854
-0.0282716, 0.831808, 0.554343
-0.169549, 0.797539, 0.578951
-0.387633, 0.722274, 0.572766
-0.33001, 0.729295, 0.599352
-0.0264487, 0.798119, 0.601919
0.226701, 0.816314, 0.531261
0.332032, 0.801763, 0.496921
0.334507, 0.805108, 0.489802
0.332321, 0.828201, 0.451272
0.324903, 0.845626, 0.423503
0.326057, 0.856546, 0.400019
0.383823, 0.852988, 0.353682
0.425688, 0.855217, 0.295623
0.446254, 0.862278, 0.239444
0.474383, 0.863784, 0.169814
0.519389, 0.849209, 0.0952826
0.638046, 0.766385, 0.0744991
0.569688, 0.820149, 0.0530254
0.671093, 0.736614, 0.0838692
0.718422, 0.690647, 0.0829251
-0.180725, 0.491001, 0.852207
-0.55685, 0.564725, 0.609101
0.271381, -0.0604834, 0.96057
0.669182, -0.412963, 0.617784
0.635705, -0.336193, 0.694876
-0.804494, -0.2287, 0.548166
-0.798196, -0.316935, 0.512284
-0.724297, -0.181448, 0.665184
-0.140714, 0.483967, 0.863699
0.285771, 0.731889, 0.618606
0.265188, 0.784088, 0.561142
0.416029, 0.828268, 0.375355
0.593594, 0.754403, 0.280219
0.369679, 0.868114, 0.331234
0.378264, 0.865454, 0.32849
0.388296, 0.861786, 0.326421
-0.50994, -0.0213784, 0.859944
-0.457174, -0.169236, 0.873127
-0.232704, 0.0749561, 0.969655
0.0313429, -0.0291674, 0.999083
0.382245, -0.187941, 0.904747
0.860433, -0.264211, 0.435716
0.73606, -0.33427, 0.588625
-0.770725, 0.251767, 0.585317
-0.804909, 0.234965, 0.544898
-0.763878, 0.23019, 0.602911
-0.775292, 0.13533, 0.616934
-0.634892, 0.188509, 0.749251
-0.266276, 0.354445, 0.896362
-0.0634431, 0.448383, 0.891587
-0.0210046, 0.513695, 0.857716
-0.0493559, 0.56027, 0.826838
-0.0679171, 0.57359, 0.816322
-0.058694, 0.585458, 0.808575
-0.0280487, 0.589891, 0.806996
0.111548, 0.60661, 0.787135
0.362979, 0.641403, 0.675906
0.589378, 0.610402, 0.529191
0.645217, 0.627047, 0.436472
0.343155, 0.877147, 0.335942
-0.0418533, 0.968144, 0.246873
-0.186261, 0.9632, 0.193786
-0.136643, 0.9747, 0.176886
0.0298968, 0.985374, 0.167761
0.167487, 0.971323, 0.16876
0.174853, 0.969607, 0.171138
0.162223, 0.969442, 0.184026
0.175844, 0.966562, 0.186644
0.170767, 0.968346, 0.182058
0.0485959, 0.978523, 0.200328
-0.0923148, 0.967203, 0.236636
-0.117274, 0.961277, 0.249386
-0.115687, 0.972149, 0.203822
-0.142933, 0.972388, 0.184477
-0.174549, 0.965089, 0.195283
-0.176704, 0.961794, 0.209112
-0.152736, 0.963452, 0.220071
-0.140912, 0.963815, 0.226283
-0.124023, 0.965079, 0.230738
-0.0889556, 0.964611, 0.248218
-0.0712683, 0.960204, 0.270052
-0.0641886, 0.954891, 0.289937
-0.0539694, 0.951, 0.304446
-0.0508319, 0.946416, 0.318925
-0.0474291, 0.939383, 0.339572
-0.0554806, 0.932496, 0.356894
-0.102352, 0.919797, 0.37881
-0.0991335, 0.915829, 0.389139
-0.114179, 0.908138, 0.402801
-0.265643, 0.884349, 0.383875
-0.222065, 0.911842, 0.345298
-0.00593657, 0.946077, 0.323887
0.159956, 0.930895, 0.328404
0.229723, 0.919503, 0.31897
0.245895, 0.917477, 0.312683
0.287076, 0.910247, 0.298392
0.300062, 0.91352, 0.274672
0.308524, 0.9191, 0.245088
0.383818, 0.903357, 0.191388
0.424481, 0.895917, 0.130956
0.516726, 0.849172, 0.109095
0.57392, 0.817189, 0.0530946
0.553395, 0.827072, 0.0985216
0.576816, 0.813478, 0.074412
0.604474, 0.794064, 0.0638263
-0.430846, 0.444349, 0.785446
-0.627916, 0.387703, 0.674839
0.516772, -0.188167, 0.835188
0.694475, -0.393336, 0.602487
0.556987, -0.392603, 0.731866
0.589147, -0.492373, 0.640683
-0.80117, -0.257028, 0.540429
-0.847786, -0.264795, 0.459502
-0.746319, -0.0983499, 0.658281
-0.0785706, 0.596227, 0.798962
0.303791, 0.762163, 0.571681
0.280952, 0.817932, 0.502049
0.49474, 0.808945, 0.317554
0.541361, 0.787653, 0.294162
0.482931, 0.814271, 0.322086
0.48564, 0.818001, 0.308267
-0.438406, 0.162923, 0.883887
-0.550049, 0.127009, 0.825418
-0.0940057, 0.330505, 0.939111
-0.141851, 0.273616, 0.951321
0.0722215, 0.0919029, 0.993145
0.591847, -0.169897, 0.787942
0.687731, -0.537744, 0.487706
0.6237, -0.532403, 0.572315
0.626065, -0.595429, 0.503495
-0.777335, 0.194863, 0.598145
-0.791425, 0.156154, 0.590985
-0.763067, 0.221441, 0.6072
-0.776494, 0.199248, 0.597794
-0.600228, 0.281304, 0.748729
-0.169748, 0.451252, 0.876103
0.00460647, 0.520257, 0.853998
0.037433, 0.538537, 0.84177
-0.000176511, 0.554194, 0.832388
-0.0405363, 0.56823, 0.821871
-0.0503077, 0.562627, 0.825179
-0.0060717, 0.554648, 0.832063
0.183411, 0.61611, 0.766008
0.420548, 0.641567, 0.641507
0.606906, 0.59936, 0.521951
0.784757, 0.502369, 0.363019
0.785311, 0.559409, 0.265232
0.567319, 0.796856, 0.207775
0.344956, 0.920995, 0.181034
0.102595, 0.97567, 0.193757
0.0411019, 0.98318, 0.177952
0.124359, 0.977635, 0.169601
0.168194, 0.970159, 0.174648
0.170981, 0.968579, 0.180611
0.169615, 0.968134, 0.184246
0.13197, 0.972871, 0.190014
0.0426079, 0.977285, 0.2076
-0.0538209, 0.971831, 0.229451
-0.108453, 0.967127, 0.230008
-0.125356, 0.969052, 0.21266
-0.144437, 0.970192, 0.194591
-0.164758, 0.966597, 0.196326
-0.168015, 0.963552, 0.208179
-0.156806, 0.963152, 0.218519
-0.139755, 0.96853, 0.205957
-0.140972, 0.979162, 0.146183
-0.160408, 0.972186, 0.170657
-0.142824, 0.970317, 0.195159
-0.115588, 0.969694, 0.21525
-0.103244, 0.964735, 0.242131
-0.0858787, 0.977357, 0.193385
-0.0805101, 0.977711, 0.193904
-0.0747064, 0.973488, 0.216195
-0.0698385, 0.970601, 0.23034
-0.0646733, 0.968441, 0.240706
-0.05851, 0.966884, 0.248418
-0.0627706, 0.967505, 0.244938
-0.0634712, 0.973312, 0.220533
-0.0694457, 0.974358, 0.214019
0.0311982, 0.979906, 0.197003
0.157159, 0.970788, 0.181305
0.177014, 0.96875, 0.173753
0.217184, 0.963638, 0.155669
0.251774, 0.959625, 0.125418
0.355312, 0.923051, 0.147414
0.430561, 0.898582, 0.0846653
0.439862, 0.888707, 0.12931
0.506541, 0.856628, 0.0980052
0.54583, 0.833955, 0.08117
-0.614057, 0.526944, 0.587591
-0.583501, 0.651856, 0.484365
-0.437786, 0.52319, 0.731175
0.283929, -0.143206, 0.948091
0.535337, -0.429989, 0.726996
0.63457, -0.547746, 0.545248
0.553114, -0.356682, 0.75289
0.573736, -0.512588, 0.638812
0.583754, -0.592698, 0.554923
-0.756816, -0.303042, 0.579133
-0.803272, -0.378616, 0.459787
-0.722176, -0.117959, 0.681577
-0.0319951, 0.618461, 0.785164
0.311264, 0.77518, 0.549737
0.400323, 0.793985, 0.457525
0.558125, 0.776423, 0.292684
0.486192, 0.813606, 0.318846
0.507645, 0.803741, 0.310318
-0.387187, 0.421874, 0.819822
-0.244972, 0.507573, 0.82605
-0.0916, 0.383157, 0.91913
-0.272356, 0.350853, 0.895949
-0.224227, 0.21907, 0.949595
0.113809, -0.0208011, 0.993285
0.52345, -0.374341, 0.765421
0.635959, -0.550837, 0.540495
0.614008, -0.637963, 0.464756
0.575251, -0.653345, 0.492165
-0.737751, 0.182443, 0.649953
-0.730879, 0.19227, 0.654865
-0.746194, 0.234148, 0.623192
-0.773776, 0.213549, 0.596379
-0.573861, 0.339638, 0.745204
-0.0854713, 0.502479, 0.860354
0.0472995, 0.539868, 0.840419
0.0397658, 0.549911, 0.834276
0.0152521, 0.55301, 0.833035
-0.0453953, 0.546259, 0.836385
-0.0921328, 0.50995, 0.855256
0.0589925, 0.520919, 0.851565
0.335711, 0.593112, 0.73179
0.501443, 0.614529, 0.609023
0.645144, 0.586152, 0.490117
0.788083, 0.521932, 0.326363
0.876769, 0.439963, 0.194189
0.787713, 0.578615, 0.211453
0.471973, 0.856749, 0.207899
0.225527, 0.955756, 0.188862
-0.150709, 0.975799, 0.158441
-0.148104, 0.974127, 0.170708
-0.139654, 0.971059, 0.193754
-0.120591, 0.968563, 0.217584
-0.101599, 0.970874, 0.216984
-0.089907, 0.973586, 0.209875
-0.0803706, 0.976253, 0.201175
-0.0750278, 0.974056, 0.213507
-0.0697436, 0.970902, 0.229095
-0.0643431, 0.96868, 0.239831
-0.0619851, 0.967618, 0.24469
-0.0615891, 0.969315, 0.237983
-0.0652355, 0.97182, 0.226519
-0.00313999, 0.981805, 0.189864
0.0891958, 0.988056, 0.12566
0.113875, 0.978881, 0.169778
0.183854, 0.968088, 0.170306
0.215469, 0.964653, 0.151715
0.2753, 0.950646, 0.143116
0.347043, 0.930196, 0.119566
0.393438, 0.91198, 0.116188
-0.559601, 0.604886, 0.566534
-0.636538, 0.616938, 0.462825
-0.366107, 0.757316, 0.540776
0.0531437, 0.62541, 0.778484
0.400192, 0.101477, 0.910796
0.530419, -0.332076, 0.779988
0.533363, -0.574925, 0.620472
0.629971, -0.606233, 0.485405
0.520791, -0.368867, 0.769879
0.313667, -0.515392, 0.797486
-0.152354, -0.461004, 0.874222
-0.734802, -0.429756, 0.524763
-0.689165, -0.0834519, 0.719783
0.0197489, 0.632494, 0.774314
0.349383, 0.768164, 0.536522
0.429003, 0.791193, 0.435856
0.556672, 0.778228, 0.290649
0.484019, 0.809112, 0.333262
0.50989, 0.800411, 0.315205
-0.289093, 0.55184, 0.782239
-0.33153, 0.592894, 0.73387
-0.318349, 0.416056, 0.851793
-0.324648, 0.323262, 0.888879
-0.401792, 0.28321, 0.870836
-0.230945, 0.130277, 0.964206
0.0329949, -0.164235, 0.985869
0.329255, -0.461606, 0.823718
0.489196, -0.640213, 0.592296
0.614395, -0.672599, 0.412467
0.487802, -0.729901, 0.478846
0.553211, -0.739488, 0.383555
-0.737245, 0.160065, 0.656391
-0.686303, 0.197755, 0.699915
-0.743917, 0.213048, 0.633402
-0.770591, 0.169481, 0.614382
-0.528179, 0.354808, 0.771452
-0.0559039, 0.501189, 0.86353
0.0688982, 0.516941, 0.853244
0.0655299, 0.523022, 0.849796
0.00589035, 0.517966, 0.855381
-0.0999838, 0.474647, 0.874479
-0.112143, 0.44071, 0.890617
0.147691, 0.533895, 0.832552
0.443634, 0.570597, 0.691092
0.590718, 0.556024, 0.584714
0.711741, 0.550427, 0.436411
0.802463, 0.534798, 0.264657
0.859842, 0.476767, 0.182661
0.836271, 0.506443, 0.210157
0.0891958, 0.988056, 0.12566
-0.507639, 0.695784, 0.508122
-0.358376, 0.731571, 0.579974
-0.420269, 0.796515, 0.434669
-0.220717, 0.847029, 0.483555
0.0813563, 0.738436, 0.669398
0.344634, 0.420016, 0.839532
0.500281, 0.113825, 0.858349
0.477931, -0.335613, 0.811754
0.355035, -0.56249, 0.746696
0.0881051, -0.615325, 0.783334
-0.235783, 0.0115894, 0.971737
0.0489239, 0.675433, 0.735797
0.352471, 0.773462, 0.526802
0.435833, 0.812602, 0.386946
0.566774, 0.77202, 0.287666
0.573116, 0.729997, 0.372347
0.538926, 0.773868, 0.332697
-0.4163, 0.466514, 0.780423
-0.479327, 0.455348, 0.750269
-0.411139, 0.35951, 0.837685
-0.444338, 0.263077, 0.856361
-0.454964, 0.226663, 0.861181
-0.261409, 0.00267286, 0.965224
-0.0915788, -0.197467, 0.976023
-0.0144964, -0.489294, 0.871998
0.186904, -0.700524, 0.688718
0.413732, -0.784724, 0.461557
0.67743, -0.673854, 0.294974
0.608332, -0.680486, 0.408499
0.176816, -0.613869, 0.769351
-0.847099, 0.113514, 0.519171
-0.665507, 0.132554, 0.734527
-0.755054, 0.0656267, 0.65237
-0.764323, 0.0999834, 0.637035
-0.439342, 0.371117, 0.818077
-0.00689685, 0.491371, 0.870923
0.0707353, 0.496076, 0.865393
0.0495363, 0.485147, 0.873028
-0.0435187, 0.448167, 0.89289
-0.156702, 0.387299, 0.908539
-0.0202411, 0.443823, 0.895886
0.302222, 0.571474, 0.762941
0.483442, 0.593068, 0.643859
0.632, 0.586328, 0.50675
0.758738, 0.576592, 0.303081
0.821836, 0.52859, 0.21255
0.812979, 0.525718, 0.250371
0.808624, 0.50766, 0.297337
-0.322302, 0.826409, 0.461703
-0.239328, 0.824026, 0.51352
-0.373294, 0.830151, 0.414126
-0.139458, 0.906707, 0.398038
0.0737276, 0.847409, 0.525797
0.177861, 0.811329, 0.556876
0.279509, 0.651834, 0.704973
0.301136, 0.638088, 0.708633
0.275508, 0.804549, 0.526114
0.291637, 0.851167, 0.43642
0.482649, 0.80732, 0.339535
0.593417, 0.747785, 0.297782
0.544128, 0.768203, 0.337328
0.570586, 0.751853, 0.330378
-0.50125, 0.421251, 0.755842
-0.522333, 0.386447, 0.760149
-0.5519, 0.343738, 0.75977
-0.526593, 0.24094, 0.815259
-0.518635, 0.137203, 0.843916
-0.489483, 0.0400812, 0.871091
-0.344666, -0.13388, 0.92913
-0.299269, -0.235344, 0.92469
-0.114889, -0.313384, 0.942651
0.238657, -0.418982, 0.876069
0.387237, -0.594878, 0.704392
0.681931, -0.64534, 0.344247
0.625479, -0.739356, 0.249256
0.00974452, -0.360759, 0.932608
-0.744591, 0.0765286, 0.66312
-0.743638, -0.124779, 0.656835
-0.676559, 0.0839947, 0.731582
-0.25141, 0.412649, 0.875508
0.0134186, 0.478878, 0.877779
0.0539024, 0.463263, 0.88458
0.00069772, 0.425576, 0.904923
-0.120906, 0.348309, 0.92955
-0.114007, 0.368577, 0.92258
0.174205, 0.534653, 0.826921
0.429903, 0.610456, 0.665227
0.566314, 0.634744, 0.525727
0.680703, 0.659414, 0.319086
0.729734, 0.643278, 0.231692
0.754023, 0.613772, 0.233951
0.733325, 0.508112, 0.451726
0.777754, 0.519992, 0.353138
-0.258347, 0.875105, 0.409204
-0.149175, 0.878103, 0.454623
0.00610199, 0.87712, 0.480233
-0.0879949, 0.903826, 0.418756
-0.0582765, 0.897334, 0.437487
0.361147, 0.852345, 0.378261
0.383856, 0.840713, 0.381911
0.353683, 0.842513, 0.4063
0.415528, 0.819134, 0.395419
0.499187, 0.79458, 0.345623
-0.543516, 0.364226, 0.756261
-0.555858, 0.362187, 0.748227
-0.628287, 0.256521, 0.734474
-0.624547, 0.0390145, 0.780012
-0.54124, -0.0290549, 0.840366
-0.436518, -0.0271599, 0.899285
-0.253427, -0.0126947, 0.967271
0.0211565, 0.0895091, 0.995761
0.26078, 0.0751662, 0.962468
0.424926, 0.0394486, 0.904368
0.515458, -0.0536785, 0.855232
0.761577, -0.472276, 0.443797
0.67832, -0.563049, 0.472077
-0.596407, 0.0407525, 0.801647
-0.747723, -0.0956353, 0.657088
-0.44041, 0.216628, 0.87127
-0.0538198, 0.428746, 0.901821
0.0172765, 0.444369, 0.895677
-0.0127468, 0.404031, 0.914656
-0.106667, 0.327225, 0.938907
-0.11707, 0.317996, 0.940836
0.112049, 0.514466, 0.850158
0.376035, 0.646337, 0.663963
0.528969, 0.682274, 0.504671
0.667245, 0.676481, 0.311701
0.71212, 0.666622, 0.220227
0.713265, 0.6632, 0.226759
0.62987, 0.652201, 0.42178
0.711436, 0.596135, 0.372132
-0.0731474, 0.900724, 0.42819
0.0732239, 0.904246, 0.420687
0.233953, 0.88249, 0.408016
0.366292, 0.845336, 0.388891
0.384519, 0.834475, 0.394711
0.384821, 0.83129, 0.401085
-0.661123, 0.288092, 0.692762
-0.718791, 0.255944, 0.6464
-0.71278, 0.169638, 0.680565
-0.549588, 0.0969451, 0.829792
-0.328144, 0.085271, 0.940771
-0.180857, 0.164054, 0.96973
-0.0117154, 0.202462, 0.97922
0.208448, 0.179809, 0.961363
0.362285, 0.125068, 0.923638
0.432485, 0.0641215, 0.899358
0.686035, 0.0185286, 0.727333
0.796435, -0.311455, 0.51835
-0.240492, -0.147519, 0.959376
-0.697739, 0.0600619, 0.71383
-0.20959, 0.367841, 0.905961
-0.0134582, 0.407845, 0.912952
-0.0304327, 0.373858, 0.926986
-0.109041, 0.302163, 0.946999
-0.114405, 0.312212, 0.943099
0.14669, 0.524099, 0.838929
0.390976, 0.685934, 0.613703
0.488623, 0.754189, 0.438688
0.595838, 0.74905, 0.289657
0.661468, 0.716617, 0.221181
0.693194, 0.682827, 0.230715
0.616339, 0.65624, 0.435287
0.656759, 0.660837, 0.363267
-0.723802, 0.264049, 0.637486
-0.72869, 0.27211, 0.628464
-0.718318, 0.31419, 0.620728
-0.625991, 0.324129, 0.709279
-0.40453, 0.141287, 0.903545
-0.128463, 0.179102, 0.975407
0.0266945, 0.21475, 0.976304
0.152552, 0.23644, 0.959596
0.283383, 0.206922, 0.936417
0.402471, 0.177706, 0.898019
0.60338, 0.164255, 0.780354
0.77258, 0.106994, 0.625838
-0.0644231, -0.231196, 0.970772
-0.520061, 0.223442, 0.824385
-0.096534, 0.379117, 0.9203
-0.0766089, 0.330201, 0.940797
-0.128274, 0.258511, 0.957454
-0.0937438, 0.298043, 0.949938
0.20842, 0.546723, 0.810959
0.453075, 0.713982, 0.53381
0.546109, 0.759254, 0.353974
0.619823, 0.73925, 0.263303
0.6168, 0.75003, 0.238773
0.632995, 0.723705, 0.274898
0.653944, 0.69799, 0.291834
0.658769, 0.673627, 0.335037
-0.727815, 0.145385, 0.670185
-0.717117, 0.133689, 0.68401
-0.712943, 0.282879, 0.641632
-0.580526, 0.11816, 0.805623
-0.124153, 0.195881, 0.972737
0.0537103, 0.246128, 0.967748
0.192791, 0.28087, 0.940183
0.285806, 0.297202, 0.911036
0.394446, 0.291144, 0.871578
0.634627, 0.311068, 0.70745
0.605715, 0.239549, 0.758766
-0.0509817, -0.144463, 0.988196
-0.276598, 0.259018, 0.925421
-0.160072, 0.264517, 0.951004
-0.183256, 0.226205, 0.956686
-0.0749967, 0.320724, 0.944199
0.289322, 0.596721, 0.748477
0.518292, 0.734634, 0.437821
0.603906, 0.742109, 0.290813
0.606308, 0.748546, 0.268458
0.580326, 0.764773, 0.279901
0.612977, 0.710307, 0.346011
0.621649, 0.728864, 0.286895
-0.752313, 0.169799, 0.636548
-0.697087, -0.148447, 0.701451
-0.661872, -0.147063, 0.73505
-0.616946, 0.152493, 0.77209
-0.0269603, 0.288343, 0.957147
0.12849, 0.346401, 0.929245
0.218317, 0.35953, 0.907235
0.296986, 0.371626, 0.879599
0.45371, 0.390988, 0.800796
0.546014, 0.391146, 0.74086
0.311405, 0.109291, 0.943972
-0.0422486, -0.0212916, 0.99888
-0.118004, 0.134122, 0.983914
-0.160677, 0.193659, 0.967822
-0.00680427, 0.400677, 0.916194
0.366209, 0.677145, 0.638252
0.565329, 0.748955, 0.345644
0.620987, 0.740542, 0.256852
0.570688, 0.773533, 0.275612
0.569552, 0.760177, 0.312634
0.584428, 0.689602, 0.427659
0.594024, 0.723323, 0.352049
-0.76963, 0.188749, 0.609954
-0.744172, 0.501911, 0.440788
-0.516426, 0.178774, 0.837463
-0.0906352, 0.46021, 0.883172
0.0350022, 0.438208, 0.898192
0.14244, 0.440906, 0.886179
0.221576, 0.457104, 0.861371
0.336678, 0.469822, 0.816037
0.441264, 0.441334, 0.781351
0.317608, 0.286272, 0.903976
0.0558819, 0.099621, 0.993455
-0.013354, 0.138538, 0.990267
-0.00901918, 0.27857, 0.960374
0.184419, 0.575183, 0.796966
0.448936, 0.754822, 0.478226
0.587151, 0.760733, 0.276656
0.585558, 0.776185, 0.233792
0.555347, 0.782944, 0.280337
0.602806, 0.709549, 0.364918
0.583228, 0.734929, 0.346013
0.578324, 0.726566, 0.371003
-0.678433, 0.500553, 0.537749
-0.710335, 0.590261, 0.383428
-0.378296, 0.680202, 0.627867
-0.073897, 0.574458, 0.815191
0.143963, 0.51899, 0.84257
0.263044, 0.495483, 0.827831
0.294136, 0.442995, 0.8469
0.193073, 0.37949, 0.904826
0.100109, 0.325653, 0.940175
0.0990263, 0.467842, 0.878247
0.164296, 0.674946, 0.719343
0.348833, 0.801165, 0.486261
0.486216, 0.821329, 0.298351
0.535873, 0.815252, 0.219553
0.555144, 0.801591, 0.221962
0.570567, 0.756754, 0.319026
0.579576, 0.757673, 0.300039
0.58015, 0.74763, 0.323226
-0.675043, 0.622902, 0.395362
-0.638094, 0.654015, 0.406325
-0.66105, 0.613248, 0.432365
-0.508953, 0.28092, 0.813665
-0.032451, 0.250011, 0.967699
0.097979, 0.499707, 0.860635
0.139059, 0.643788, 0.752463
0.218339, 0.750098, 0.624245
0.273045, 0.842053, 0.465181
0.343919, 0.876833, 0.335983
0.420873, 0.871456, 0.251853
0.461906, 0.862892, 0.205087
0.510028, 0.82932, 0.228252
0.481897, 0.824401, 0.296882
0.53688, 0.801007, 0.264854
0.563678, 0.780311, 0.27089
-0.854507, 0.221537, 0.469829
-0.837843, -0.244706, 0.487994
-0.821475, -0.088217, 0.563379
0.37093, 0.248553, 0.894781
0.390873, 0.884156, 0.255904
0.38222, 0.888538, 0.253789
0.415463, 0.878733, 0.234984
0.450281, 0.865374, 0.219944
0.406698, 0.885117, 0.226197
0.409236, 0.875974, 0.255334
0.464739, 0.855422, 0.228629
0.485145, 0.839796, 0.243676
0.496306, 0.827432, 0.262749
-0.875739, -0.239633, 0.419115
-0.9082, -0.233072, 0.347634
-0.688209, -0.0994572, 0.718663
-0.0297154, 0.520135, 0.853567
0.421499, 0.744699, 0.517458
0.396246, 0.883943, 0.248263
0.416208, 0.878011, 0.236364
0.424245, 0.87661, 0.227094
0.428614, 0.8755, 0.223135
-0.9082, -0.233072, 0.347634
-0.9082, -0.233072, 0.347634
