-0.0531414, -0.714023, 0.698103
-0.0531414, -0.714023, 0.698103
-0.443312, -0.362927, 0.819609
-0.333849, -0.419906, 0.843934
-0.13532, -0.52271, 0.841702
0.0567924, -0.636219, 0.769415
0.203902, -0.699748, 0.684672
0.277835, -0.692613, 0.665653
0.337706, -0.713478, 0.613925
-0.334342, -0.451104, 0.827479
-0.160813, -0.445253, 0.880846
0.109315, -0.466972, 0.877489
-0.0531414, -0.714023, 0.698103
0.147992, -0.467357, 0.871594
-0.358303, 0.0253212, 0.933262
-0.533266, -0.41302, 0.73827
-0.345726, -0.306584, 0.886837
-0.101064, -0.513083, 0.852369
0.0529447, -0.701662, 0.71054
0.216104, -0.667111, 0.712925
0.337706, -0.713478, 0.613925
0.337706, -0.713478, 0.613925
-0.62531, -0.0553939, 0.778408
-0.596643, -0.329773, 0.73162
-0.0410448, -0.530612, 0.846621
0.185093, -0.392743, 0.900829
0.32968, -0.159281, 0.930559
0.263601, -0.139192, 0.954537
0.176092, -0.208877, 0.961957
0.194802, 0.0129678, 0.980757
-0.326932, -0.14227, 0.934278
-0.0810045, 0.621804, 0.778972
-0.0902743, 0.99353, 0.068909
-0.459861, 0.387429, 0.799016
-0.350246, 0.224338, 0.909395
-0.03311, 0.993083, 0.112647
0.329752, -0.245402, 0.911615
-0.508122, -0.0886705, 0.856708
-0.738511, -0.152211, 0.656835
-0.449128, 0.323921, 0.832682
-0.0321868, 0.654753, 0.755157
0.331583, 0.497689, 0.801473
0.383108, 0.524982, 0.760015
0.38101, 0.19548, 0.90367
-0.28264, -0.507865, 0.813749
-0.156495, -0.551207, 0.819561
0.0078162, -0.630504, 0.776147
0.127038, -0.705614, 0.697115
0.138285, -0.749645, 0.647233
0.170526, -0.746647, 0.642993
-0.269884, -0.23875, 0.932824
-0.00226401, -0.133898, 0.990992
-0.0954247, -0.416381, 0.904169
0.426457, 0.0237182, 0.904197
0.640993, 0.577876, 0.50516
0.637424, 0.76381, -0.101414
-0.0817522, 0.99642, -0.0215392
-0.655466, 0.749388, 0.0937141
0.509687, 0.855493, -0.091387
0.0555114, 0.91087, 0.408944
-0.177838, -0.371676, 0.91117
-0.469235, -0.425052, 0.774047
-0.188743, 0.333567, 0.923639
0.309589, 0.750742, 0.583559
0.0817939, 0.896577, 0.435269
0.198786, 0.669472, 0.715745
0.357574, 0.511663, 0.781244
0.383108, 0.524982, 0.760015
-0.362181, -0.225581, 0.904399
-0.140748, -0.182294, 0.973118
0.176961, -0.0986266, 0.979264
0.270878, 0.0243137, 0.962306
0.107132, 0.16899, 0.979778
-0.247122, 0.0637898, 0.966882
-0.376568, -0.513303, 0.771179
-0.185697, -0.497011, 0.847642
0.102819, -0.607948, 0.787291
0.105896, -0.751843, 0.650782
0.170526, -0.746647, 0.642993
0.196016, -0.397471, 0.896434
-0.303256, -0.137411, 0.94295
-0.535718, -0.407533, 0.739542
0.0327936, -0.0373736, 0.998763
0.590725, 0.410383, 0.694716
0.715068, 0.530834, 0.454855
0.765077, 0.631698, -0.124959
0.772949, 0.61953, -0.136865
-0.0361612, 0.996557, 0.0746136
-0.230235, 0.973134, -0.00164159
-0.0327154, 0.998903, 0.0334923
-0.382237, -0.173424, 0.907645
-0.345683, -0.449499, 0.823683
0.320816, -0.158107, 0.933852
0.661494, 0.418712, 0.622178
0.692331, 0.53553, 0.483617
0.378528, 0.762442, 0.524785
-0.558985, -0.00956886, 0.829122
-0.546995, -0.189124, 0.815493
-0.161653, -0.25225, 0.954064
0.315818, -0.0674087, 0.946422
0.357893, 0.0342709, 0.933134
0.132774, 0.105527, 0.985513
-0.180351, 0.349692, 0.919342
-0.472557, 0.289551, 0.832376
-0.40925, 0.308568, 0.858662
-0.033814, 0.232171, 0.972087
0.125272, 0.0272159, 0.991749
0.184889, 0.0259538, 0.982417
0.229925, -0.00292947, 0.973204
0.0137079, 0.0638589, 0.997865
-0.398189, -0.35603, 0.845392
0.132602, 0.400476, 0.906662
0.521288, 0.664018, 0.53604
0.659833, 0.603732, 0.447357
0.74651, 0.601456, 0.284558
0.759262, 0.635182, -0.141651
0.590955, 0.804314, 0.062061
0.209672, 0.753351, 0.623297
0.260194, 0.958333, 0.117885
0.231522, 0.94559, 0.228596
-0.691376, -0.0420044, 0.721273
-0.691376, -0.0420044, 0.721273
-0.0344451, 0.00535395, 0.999392
0.688565, -0.0101538, 0.725104
0.791355, -0.0474816, 0.60951
0.765742, 0.123406, 0.631197
-0.538455, -0.0530928, 0.84098
-0.689532, -0.0856822, 0.719169
-0.394774, 0.246881, 0.884988
0.26131, 0.619778, 0.739995
0.502541, 0.648759, 0.571458
0.349312, 0.192437, 0.917033
0.107132, 0.16899, 0.979778
-0.18035, 0.258239, 0.949098
-0.347794, 0.430881, 0.832695
-0.288831, 0.725925, 0.624187
-0.180735, 0.856493, 0.483481
-0.0651752, 0.755102, 0.652359
0.187995, 0.713769, 0.674679
0.201274, 0.399285, 0.894461
0.170041, 0.0442042, 0.984445
0.243856, 0.184474, 0.952105
-0.112557, -0.0166255, 0.993506
0.544913, 0.531822, 0.648255
0.645313, 0.608653, 0.461641
0.513539, 0.596858, 0.616472
0.592839, 0.636321, 0.493596
0.406963, 0.896639, 0.174412
-0.338917, 0.788647, 0.513002
0.127008, 0.783489, 0.608288
0.596306, 0.626345, 0.502107
0.517484, 0.686424, 0.510913
-0.38331, 0.194927, 0.902816
-0.324843, 0.570952, 0.753983
0.238815, 0.306565, 0.921404
0.63217, -0.155911, 0.758981
0.843518, -0.167312, 0.510376
0.86222, -0.0147735, 0.506319
-0.368442, -0.0849238, 0.925764
-0.519755, -0.273531, 0.809343
-0.353686, 0.2051, 0.912601
0.28626, 0.684638, 0.670318
0.449965, 0.660233, 0.601351
0.407966, 0.648264, 0.642898
-0.23622, 0.796053, 0.557225
-0.179775, 0.785853, 0.591706
-0.0196479, 0.788887, 0.614224
0.061925, 0.740599, 0.669088
-0.105555, -0.216375, 0.970587
0.0920126, -0.0556404, 0.994202
-0.154094, -0.270515, 0.950304
0.459271, 0.349849, 0.816502
0.644648, 0.570672, 0.508687
0.513136, 0.675741, 0.529211
0.571393, 0.609251, 0.549839
-0.267488, 0.644329, 0.716443
-0.272923, 0.581164, 0.766656
0.558167, 0.29183, 0.776714
0.478376, 0.183789, 0.858707
-0.324843, 0.570952, 0.753983
-0.123323, 0.564527, 0.81615
-0.263615, 0.723022, 0.63855
0.300012, 0.541597, 0.785281
0.797592, 0.175239, 0.577182
0.910306, -0.0516436, 0.410702
0.874299, -0.0188423, 0.485021
-0.254001, 0.00155728, 0.967203
-0.424163, -0.177101, 0.8881
-0.118257, 0.205807, 0.971421
0.396327, 0.616964, 0.679912
0.312889, 0.615847, 0.723072
0.35119, 0.656348, 0.667737
-0.407807, -0.527154, 0.745521
-0.290407, -0.539663, 0.790208
-0.0507753, -0.405442, 0.912709
-0.347776, -0.468448, 0.812163
0.152216, 0.0675714, 0.986035
0.657378, 0.485309, 0.57648
0.639114, 0.564065, 0.522841
0.574765, 0.550349, 0.605608
0.580984, 0.625459, 0.520825
-0.496244, 0.424224, 0.75748
-0.521916, 0.271771, 0.808544
0.0469209, 0.0528055, 0.997502
0.512326, -0.312579, 0.799886
0.41011, -0.264169, 0.87294
0.485932, -0.39652, 0.778872
-0.0484023, 0.723946, 0.688156
-0.175418, 0.814708, 0.552701
0.369797, 0.672649, 0.640932
0.826209, 0.141148, 0.545395
0.862059, -0.145507, 0.485471
0.802979, -0.144327, 0.578269
-0.125223, 0.010156, 0.992077
-0.423479, -0.120722, 0.897826
0.13066, 0.302219, 0.944241
0.44708, 0.544409, 0.709745
0.272397, 0.520376, 0.809326
0.355, 0.617087, 0.702267
-0.581755, -0.401128, 0.707572
-0.431183, -0.52448, 0.734168
-0.384153, -0.529468, 0.756366
-0.0416967, -0.538673, 0.841482
0.595293, 0.112608, 0.795579
0.698211, 0.564728, 0.439982
0.577625, 0.452452, 0.679439
0.64901, 0.525306, 0.550309
-0.594795, 0.333231, 0.731557
-0.658743, 0.389688, 0.643585
-0.312085, 0.355259, 0.881132
0.0921706, 0.0882874, 0.991821
0.434617, -0.27658, 0.857095
0.526003, -0.507286, 0.682628
0.551897, -0.159443, 0.818527
-0.00439668, 0.772511, 0.634987
-0.207063, 0.741381, 0.63834
0.222972, 0.600726, 0.767732
0.783258, -0.0476396, 0.619868
0.748856, -0.237182, 0.618837
0.757788, -0.182382, 0.626494
-0.150853, -0.454983, 0.87763
0.0172882, -0.280413, 0.959724
-0.260878, -0.243364, 0.934193
0.345466, 0.391571, 0.852834
0.423111, 0.588264, 0.689146
0.342266, 0.490697, 0.801293
-0.629727, -0.292477, 0.719654
-0.709874, -0.262295, 0.653667
-0.241025, -0.335152, 0.910813
0.741712, 0.00845549, 0.670665
0.858834, 0.390265, 0.33181
0.750304, 0.372165, 0.546385
-0.477588, 0.511392, 0.714414
-0.410298, 0.733939, 0.541285
-0.262171, 0.636682, 0.725192
0.0183261, 0.56268, 0.826472
0.453943, 0.171245, 0.87442
0.602051, -0.120998, 0.789237
0.43674, 0.0393931, 0.898725
0.422668, -0.0601153, 0.904288
-0.0624564, 0.685675, 0.725224
-0.198872, 0.666551, 0.718443
0.109156, 0.467295, 0.877337
0.760408, -0.160107, 0.629401
0.762291, -0.149422, 0.62975
0.794268, -0.16091, 0.585872
-0.450427, -0.209875, 0.867795
-0.346538, -0.467947, 0.81298
0.0512639, -0.422618, 0.904857
0.617886, 0.132615, 0.775003
0.614288, 0.504723, 0.606552
0.467964, 0.502377, 0.727067
-0.697461, -0.0919904, 0.710694
-0.697573, -0.0671766, 0.713357
0.0973028, 0.184713, 0.977964
0.861429, 0.314493, 0.39879
0.853684, 0.269821, 0.445443
-0.33901, 0.690967, 0.638465
-0.223765, 0.66133, 0.715941
0.00143945, 0.534525, 0.845152
-0.204698, 0.634944, 0.744946
0.245474, 0.393894, 0.885771
0.421577, -0.0436343, 0.905742
0.423644, -0.0765798, 0.902586
0.364675, -0.0378998, 0.930363
-0.124428, 0.58807, 0.799181
-0.276191, 0.595502, 0.754385
0.155931, 0.398522, 0.903806
0.770441, -0.197765, 0.60606
0.844797, -0.134475, 0.517913
0.797961, -0.224615, 0.559291
-0.646124, 0.186437, 0.740111
-0.624311, -0.00170428, 0.781174
-0.339338, -0.140826, 0.930063
0.517095, -0.225706, 0.825633
0.817774, -0.170589, 0.549677
0.63794, -0.0569117, 0.76798
-0.714985, -0.136856, 0.685614
-0.770123, -0.103588, 0.629428
-0.578967, 0.0694902, 0.812384
0.522764, 0.37302, 0.766533
0.87595, 0.341791, 0.340428
0.89697, 0.282041, 0.340438
0.0211432, 0.53347, 0.845555
0.0881397, 0.396072, 0.913979
-0.13457, 0.487752, 0.862548
0.318818, 0.103281, 0.942172
0.34451, -0.139667, 0.928335
0.255435, -0.0228592, 0.966556
0.263257, -0.122164, 0.95696
-0.120055, 0.5831, 0.803481
-0.228566, 0.700204, 0.676366
0.234687, 0.324614, 0.916269
0.77902, -0.225014, 0.585232
0.761245, -0.311872, 0.568544
0.742195, -0.333462, 0.581334
-0.646124, 0.186437, 0.740111
-0.64367, 0.367575, 0.671251
-0.555182, 0.437222, 0.707538
-0.0540345, 0.2611, 0.963798
0.470775, -0.195735, 0.860267
0.412134, -0.53266, 0.739202
0.365811, -0.339451, 0.866577
0.440263, -0.417318, 0.794993
-0.618706, -0.231778, 0.750654
-0.654625, -0.169124, 0.736793
-0.317682, 0.0556699, 0.946562
0.689453, 0.215497, 0.691531
0.942377, 0.18633, 0.277861
0.912879, 0.26514, 0.310408
-0.068426, 0.373951, 0.924921
-0.377107, 0.462946, 0.802167
0.130611, 0.292718, 0.947237
0.362167, -0.0435254, 0.931097
0.159968, -0.19877, 0.966903
0.238054, -0.0591284, 0.96945
0.218685, -0.04271, 0.97486
-0.145314, 0.57404, 0.80583
-0.416828, 0.597616, 0.684916
0.284019, 0.200181, 0.937689
0.729468, -0.331261, 0.59845
0.735102, -0.356906, 0.576405
0.728324, -0.335998, 0.597202
0.764268, -0.256973, 0.591489
-0.573272, 0.478868, 0.664864
-0.506666, 0.619861, 0.599218
-0.382487, 0.667554, 0.638807
-0.0870516, 0.556035, 0.826588
0.116348, 0.0592074, 0.991442
0.3338, -0.210649, 0.918806
0.516183, -0.595035, 0.616026
0.418683, -0.446417, 0.790833
-0.505681, -0.371212, 0.778773
-0.535486, -0.394053, 0.746978
-0.476938, -0.246244, 0.843738
-0.0799824, -0.0437025, 0.995838
0.784641, 0.0607229, 0.61697
0.833197, 0.140064, 0.534944
-0.128282, 0.393266, 0.910432
-0.0266314, 0.294265, 0.955353
-0.215357, 0.389349, 0.89556
0.348577, 0.0493063, 0.935982
0.290708, -0.0384807, 0.956038
0.145445, -0.0467018, 0.988263
0.161748, -0.172145, 0.971701
0.130098, -0.219627, 0.96687
-0.215997, 0.463523, 0.859356
-0.462459, 0.479634, 0.745709
0.18447, -0.121414, 0.97531
0.635125, -0.464801, 0.616909
0.755506, -0.375396, 0.536925
0.759977, -0.13416, 0.635953
0.824552, -0.0989612, 0.557065
-0.445651, 0.645263, 0.620509
-0.371193, 0.624134, 0.687512
-0.480642, 0.606129, 0.633711
-0.440433, 0.443033, 0.780859
-0.116476, 0.119086, 0.986028
0.259613, -0.212208, 0.942109
0.444654, -0.494051, 0.747125
0.354049, -0.441777, 0.824307
0.402557, -0.514368, 0.757214
-0.424706, -0.389141, 0.817432
-0.474652, -0.347472, 0.808683
-0.233794, -0.291808, 0.927464
0.203766, -0.0671079, 0.976717
0.853787, 0.0871955, 0.513269
0.853808, 0.0831753, 0.5139
-0.079687, 0.35047, 0.933178
-0.354987, 0.536696, 0.765468
0.0436804, 0.0709702, 0.996522
0.238855, -0.200144, 0.950206
0.0935328, -0.248482, 0.96411
0.166379, -0.190295, 0.967526
0.288777, -0.145777, 0.946233
0.370591, -0.115342, 0.921607
-0.403666, 0.039929, 0.914035
-0.542202, 0.00841759, 0.840206
0.447661, -0.14735, 0.881979
0.861926, -0.134793, 0.488789
0.879535, -0.0626107, 0.471697
0.835362, -0.037537, 0.548417
-0.509733, 0.518061, 0.686866
-0.597418, 0.49414, 0.631599
-0.523684, 0.357272, 0.773377
-0.198127, 0.0941728, 0.975642
0.139762, -0.211471, 0.96734
0.257845, -0.449584, 0.855213
0.533283, -0.561281, 0.632908
0.34434, -0.571236, 0.745063
0.346962, -0.652081, 0.674098
-0.492176, -0.415502, 0.764932
-0.514949, -0.470315, 0.71668
-0.142791, -0.316371, 0.937828
-0.0585797, -0.261111, 0.96353
0.516373, -0.0278586, 0.855911
0.90953, 0.100296, 0.403357
0.90205, 0.104572, 0.418772
-0.323604, 0.355882, 0.876715
-0.597373, 0.391652, 0.699825
-0.276765, 0.0382897, 0.960174
0.151869, -0.279854, 0.947954
0.243082, -0.159211, 0.956851
0.284187, -0.148786, 0.947154
0.453571, -0.0808312, 0.887547
0.390528, 0.0801228, 0.917098
-0.384696, -0.463649, 0.798147
-0.627968, -0.269131, 0.730222
-0.407043, 0.0860023, 0.909351
0.565002, 0.40771, 0.717318
0.83419, 0.287707, 0.47048
0.846997, 0.0850399, 0.524751
0.821938, 0.143027, 0.551327
-0.591648, 0.422037, 0.686904
-0.645166, 0.40851, 0.645662
-0.511404, 0.295765, 0.806839
-0.242216, 0.0633082, 0.968155
-0.012207, -0.185013, 0.98266
0.115982, -0.363805, 0.924226
0.246859, -0.641183, 0.726598
0.442591, -0.654569, 0.612905
-0.107945, -0.709621, 0.696266
-0.70473, -0.521084, 0.481484
-0.867811, -0.291628, 0.402314
-0.622484, -0.445696, 0.643326
-0.314836, -0.310016, 0.897089
0.0275984, -0.254118, 0.966779
0.166251, -0.140384, 0.976039
0.689179, 0.031229, 0.723918
0.933705, 0.125167, 0.335453
0.929482, 0.124503, 0.347219
-0.513926, 0.271043, 0.813889
-0.617044, 0.356503, 0.701543
-0.168863, 0.031191, 0.985146
0.362588, 0.0701849, 0.929303
0.321865, 0.198679, 0.925705
0.315475, 0.238613, 0.918444
0.41689, 0.241565, 0.87627
-0.272231, -0.62036, 0.735557
-0.336268, -0.616479, 0.711953
-0.152427, -0.46023, 0.874617
0.49255, 0.211604, 0.844167
0.674034, 0.506357, 0.537848
0.673841, 0.532821, 0.511897
0.679518, 0.396252, 0.617446
0.776322, 0.244765, 0.580874
-0.593282, 0.40053, 0.698278
-0.609001, 0.487676, 0.625531
-0.484021, 0.348219, 0.802787
-0.295153, 0.152527, 0.943197
-0.159997, -0.0859259, 0.983371
-0.0979731, -0.305158, 0.947249
-0.0251268, -0.5463, 0.837212
0.0112465, -0.735123, 0.677841
-0.802842, -0.523516, 0.285263
-0.969724, -0.0436984, 0.240262
-0.923529, -0.1023, 0.369632
-0.0272794, -0.178981, 0.983474
0.158395, -0.144166, 0.976794
0.343076, -0.0451748, 0.938221
0.79537, 0.0614663, 0.602999
0.941932, 0.147607, 0.301623
0.937165, 0.137653, 0.320582
-0.382017, 0.302052, 0.8734
-0.38464, 0.395871, 0.833869
0.430252, 0.426474, 0.795615
0.448151, 0.505532, 0.737291
0.43366, 0.539121, 0.722003
0.52508, 0.420333, 0.740008
-0.394539, -0.67342, 0.625176
-0.323377, -0.634632, 0.701904
-0.463697, -0.598264, 0.653502
0.00050524, -0.607065, 0.794652
0.549361, -0.292737, 0.782628
0.840021, 0.0641253, 0.538752
0.832832, 0.349981, 0.42884
0.743652, 0.386781, 0.545328
0.701602, 0.440249, 0.560299
-0.599406, 0.518668, 0.609669
-0.577577, 0.627149, 0.522579
-0.512931, 0.463509, 0.722538
-0.44842, 0.215697, 0.867407
-0.388021, -0.156727, 0.908227
-0.349265, -0.420194, 0.837526
-0.936257, -0.132167, 0.325507
-0.833774, -0.483509, 0.266532
-0.878294, -0.365175, 0.308621
-0.50551, -0.144285, 0.850671
0.10254, -0.0488888, 0.993527
0.218963, -0.0572084, 0.974055
0.457596, -0.00273258, 0.889156
0.856407, 0.0781589, 0.510352
0.93544, 0.140123, 0.324526
0.945935, 0.141193, 0.292012
-0.432738, 0.230688, 0.871505
-0.311329, 0.388118, 0.867432
0.457018, 0.435516, 0.775538
0.474991, 0.460821, 0.749685
0.760168, 0.430482, 0.486651
-0.226232, -0.081458, 0.970662
-0.426866, -0.621403, 0.656996
-0.486736, -0.635154, 0.599723
-0.298155, -0.704539, 0.643994
-0.0135178, -0.538942, 0.842234
0.425908, -0.315563, 0.847952
0.769046, -0.0862433, 0.633349
0.903033, 0.245922, 0.352213
0.850901, 0.364337, 0.378451
0.812103, 0.368382, 0.45253
-0.633165, 0.60297, 0.485313
-0.685547, 0.575739, 0.445589
-0.696011, 0.534666, 0.479271
-0.731146, 0.158953, 0.663445
-0.649184, -0.338731, 0.681044
-0.496395, -0.56624, 0.658
-0.907018, -0.304987, 0.290348
-0.896444, -0.353461, 0.267307
-0.923038, -0.0588326, 0.380183
-0.330381, -0.0298897, 0.943374
0.156058, 0.0264134, 0.987395
0.224364, -0.00717534, 0.974479
0.54195, 0.0354307, 0.839664
0.887259, 0.0827986, 0.45378
0.958857, 0.135615, 0.249402
0.985617, 0.105917, 0.131685
-0.773239, -0.0609375, 0.63118
-0.78673, -0.0501906, 0.615254
-0.153395, 0.138386, 0.978427
0.533768, 0.245025, 0.809354
0.299702, -0.838836, 0.454459
-0.833042, -0.496857, 0.243259
-0.753689, -0.614216, 0.23386
-0.593228, -0.561874, 0.576523
-0.494499, -0.627477, 0.601451
-0.289907, -0.587816, 0.755266
0.0780602, -0.386487, 0.918985
0.411241, -0.0864249, 0.90742
0.641335, 0.275515, 0.716088
0.871993, 0.368399, 0.322351
0.847821, 0.494784, 0.190758
0.899697, 0.157545, 0.407092
-0.777618, 0.375515, 0.50428
-0.85155, -0.0320287, 0.523294
-0.808959, -0.378763, 0.449583
-0.456726, -0.808363, 0.371418
-0.459161, -0.836693, 0.298525
-0.777874, -0.567413, 0.270099
-0.926194, -0.243427, 0.287937
-0.65406, 0.0419082, 0.755281
-0.255955, 0.137783, 0.956819
0.140426, 0.0653449, 0.987932
0.237135, 0.0178984, 0.971312
0.601121, 0.0819455, 0.794946
0.918417, 0.0725991, 0.388896
0.9989, 0.046857, 0.0015518
0.993881, 0.095122, -0.056142
0.666656, -0.714901, 0.210918
0.136605, -0.940833, 0.310117
0.0420156, -0.939419, 0.340186
0.0529496, -0.93157, 0.359686
0.056869, -0.923916, 0.378346
0.0615645, -0.917774, 0.392302
0.0729194, -0.914949, 0.396927
0.092237, -0.915939, 0.390573
0.115609, -0.918137, 0.379023
0.164042, -0.912219, 0.375428
0.22346, -0.905599, 0.360493
0.292835, -0.89571, 0.334592
0.320282, -0.895338, 0.309497
-0.745327, -0.0440545, 0.665241
-0.759322, -0.0716507, 0.646758
0.136935, 0.0816304, 0.987211
-0.674213, -0.597711, 0.433795
-0.666417, -0.70349, 0.24696
-0.678494, -0.693872, 0.241221
-0.875176, -0.322666, 0.360492
-0.416767, -0.616286, 0.668204
-0.251877, -0.4638, 0.849381
0.170177, -0.156619, 0.972888
0.483623, 0.246758, 0.839773
0.709699, 0.42787, 0.559691
0.840522, 0.409661, 0.354544
0.930772, 0.289342, 0.223482
0.943769, 0.0300546, 0.329236
0.648636, -0.400662, 0.647102
0.506409, -0.655361, 0.560403
0.528081, -0.693334, 0.490325
-0.804937, -0.432384, 0.406351
-0.665817, -0.684028, 0.297981
-0.740088, -0.608121, 0.287157
-0.638975, -0.712627, 0.28961
-0.454402, -0.834091, 0.312746
-0.764502, -0.0534385, 0.642402
-0.578508, 0.102825, 0.809169
-0.333892, 0.166351, 0.927816
-0.0207915, 0.108525, 0.993876
0.260505, 0.0462917, 0.964362
0.64322, 0.0863316, 0.760799
0.920709, 0.0108076, 0.390101
0.98738, -0.0341159, 0.154653
0.809824, -0.564784, 0.158756
0.335692, -0.905658, 0.259025
0.0252555, -0.945988, 0.323218
0.044404, -0.940107, 0.337975
0.056361, -0.931576, 0.359151
0.0580514, -0.922457, 0.381712
0.0561737, -0.917377, 0.394037
0.0704574, -0.913326, 0.401088
0.0921019, -0.913828, 0.39552
0.114089, -0.92004, 0.374846
0.14054, -0.919786, 0.36639
0.23676, -0.892736, 0.383363
0.291557, -0.898097, 0.329267
0.348615, -0.891485, 0.289348
0.296726, -0.896188, 0.32985
0.348406, -0.885777, 0.306615
0.422608, -0.867001, 0.26403
0.469004, -0.847057, 0.250058
-0.808658, -0.0546271, 0.585737
-0.684543, -0.0100038, 0.728904
-0.730293, -0.543011, 0.414501
-0.768058, -0.594769, 0.237355
-0.762054, -0.597933, 0.248495
-0.231914, -0.892986, 0.385736
-0.366808, -0.535835, 0.760482
-0.157965, -0.400126, 0.902744
0.232011, -0.124351, 0.964732
0.623971, 0.0868516, 0.776606
0.794842, 0.115951, 0.595635
0.803261, 0.130242, 0.581214
0.74547, -0.0133059, 0.666406
0.624598, -0.341216, 0.702459
0.305323, -0.739424, 0.600025
0.277026, -0.777504, 0.564575
0.448555, -0.738341, 0.503638
0.603104, -0.642414, 0.472832
0.644121, -0.556088, 0.525238
-0.760538, -0.551097, 0.343326
-0.769427, -0.568109, 0.29195
-0.567992, -0.741462, 0.357238
-0.713892, -0.522218, 0.466526
-0.750819, -0.258525, 0.607812
-0.631447, -0.168388, 0.756915
-0.478318, -0.125303, 0.869201
-0.287305, -0.0862901, 0.953944
-0.0497998, -0.0431208, 0.997828
0.222997, -0.0121695, 0.974743
0.576346, 0.0196674, 0.816969
0.870398, -0.0649989, 0.488039
0.945888, -0.192048, 0.261562
0.881665, -0.403445, 0.244743
0.536777, -0.709076, 0.457254
0.0613494, -0.800877, 0.595678
0.0871569, -0.807571, 0.583295
0.0796677, -0.817006, 0.5711
0.0511071, -0.82905, 0.556835
0.0483107, -0.838985, 0.542006
0.072229, -0.843318, 0.532539
0.0812824, -0.849006, 0.522094
0.0836435, -0.85729, 0.507994
0.117353, -0.867811, 0.482838
0.178749, -0.869105, 0.461199
0.216219, -0.877033, 0.429025
0.236302, -0.888215, 0.394
0.273275, -0.898426, 0.343733
0.326422, -0.899711, 0.289774
0.442263, -0.85091, 0.28347
0.494879, -0.841641, 0.216183
0.475613, -0.839974, 0.261221
0.504344, -0.826957, 0.248556
-0.0282331, -0.896062, 0.44303
-0.817034, -0.1432, 0.558524
-0.927009, 0.00950251, 0.374918
-0.911505, -0.33629, 0.236787
-0.778263, -0.576385, 0.249172
-0.572988, -0.416847, 0.705637
-0.381293, -0.420483, 0.823292
-0.137285, -0.361879, 0.922061
0.145394, -0.347137, 0.926475
0.376061, -0.378337, 0.845836
0.452435, -0.402892, 0.7956
0.460453, -0.509157, 0.727147
0.481401, -0.604477, 0.634713
0.457597, -0.650968, 0.605677
0.406102, -0.676937, 0.613871
0.398001, -0.656621, 0.640659
0.457455, -0.545404, 0.702332
0.522748, -0.483591, 0.70205
0.590099, -0.50746, 0.627907
0.726104, -0.507121, 0.464328
0.733507, -0.425815, 0.529763
0.788068, -0.410057, 0.459132
-0.83455, -0.380344, 0.398579
-0.819354, -0.381578, 0.427852
-0.794426, -0.377695, 0.47564
-0.74257, -0.348138, 0.57218
-0.662844, -0.313005, 0.680195
-0.591667, -0.292889, 0.751097
-0.434826, -0.253936, 0.863969
-0.195742, -0.203611, 0.959285
0.0898931, -0.16446, 0.982279
0.334373, -0.140835, 0.931858
0.550757, -0.122138, 0.825681
0.745285, -0.204287, 0.634679
0.857022, -0.327018, 0.398212
0.848267, -0.437381, 0.298566
0.579406, -0.639899, 0.504794
0.0122317, -0.698931, 0.715084
0.0267287, -0.737804, 0.674486
-0.00144896, -0.76334, 0.645995
-0.0218485, -0.779391, 0.626157
0.0144338, -0.790761, 0.611955
0.0569532, -0.797813, 0.600209
0.0575263, -0.804997, 0.590483
0.0519714, -0.812538, 0.580586
0.108822, -0.822428, 0.558364
0.184904, -0.826343, 0.531947
0.200806, -0.835569, 0.511372
0.188249, -0.849252, 0.493288
0.236993, -0.856977, 0.457629
0.34866, -0.84631, 0.402735
0.390715, -0.846345, 0.361996
0.395218, -0.857492, 0.32941
0.437294, -0.859449, 0.264804
0.568461, -0.789655, 0.230862
0.501977, -0.816406, 0.285482
0.458194, -0.840858, 0.288124
0.461314, -0.860064, 0.217897
0.668191, -0.738656, 0.0889292
0.090797, -0.960406, 0.263395
-0.805025, -0.518978, 0.287396
-0.924475, -0.301663, 0.233122
-0.963394, -0.0213496, 0.267236
-0.589309, -0.100261, 0.801662
-0.439551, -0.0893999, 0.893758
-0.273558, -0.098938, 0.956754
-0.196662, -0.256827, 0.946237
0.0724932, -0.413313, 0.907699
0.293158, -0.524359, 0.799441
0.358884, -0.55774, 0.748417
0.400353, -0.610382, 0.683484
0.447986, -0.632084, 0.632281
0.540181, -0.58521, 0.604759
0.612736, -0.547673, 0.569745
0.633218, -0.518462, 0.574658
0.612514, -0.477678, 0.629802
0.593434, -0.40168, 0.697488
0.601882, -0.358188, 0.71375
0.722375, -0.456841, 0.519106
0.8458, -0.359131, 0.394521
0.859239, -0.309238, 0.407529
-0.847547, -0.300204, 0.437655
-0.860741, -0.279211, 0.425637
-0.857045, -0.278062, 0.433768
-0.797554, -0.315254, 0.514317
-0.74281, -0.253323, 0.619727
-0.653434, -0.268743, 0.707673
-0.485563, -0.227367, 0.844116
-0.254815, -0.148413, 0.955533
-0.0963951, -0.0605449, 0.9935
0.0575648, -0.0231417, 0.998074
0.2641, -0.0732561, 0.961709
0.427863, -0.148014, 0.891642
0.593892, -0.228152, 0.771517
0.787934, -0.308047, 0.533167
0.827353, -0.423858, 0.368552
0.622624, -0.611581, 0.488168
0.0595658, -0.62515, 0.778228
-0.123793, -0.646851, 0.752502
-0.0841277, -0.675897, 0.732178
-0.0518736, -0.691772, 0.72025
0.000558993, -0.710031, 0.70417
0.035993, -0.730838, 0.681601
0.0319881, -0.74366, 0.667792
0.0198567, -0.751729, 0.659173
0.0647456, -0.761901, 0.644449
0.134161, -0.776927, 0.61513
0.156151, -0.792794, 0.589147
0.164821, -0.805389, 0.56937
0.236414, -0.808966, 0.538221
0.354826, -0.800242, 0.483437
0.398988, -0.802497, 0.44363
0.425754, -0.804058, 0.415
0.494846, -0.789309, 0.363481
0.513593, -0.794762, 0.323381
0.473312, -0.827833, 0.301111
0.448741, -0.847196, 0.284413
0.452329, -0.84718, 0.278721
0.244187, -0.94792, 0.2045
0.25577, -0.944849, 0.204552
-0.289393, -0.909729, 0.297732
-0.91235, -0.291793, 0.287184
-0.947068, 0.0564312, 0.316034
-0.633939, 0.127499, 0.762801
-0.415218, 0.173192, 0.893084
-0.356243, 0.128366, 0.925534
-0.30137, 0.123012, 0.945539
-0.0723131, 0.155139, 0.985243
0.17789, 0.0140089, 0.983951
0.295937, -0.164017, 0.941021
0.379449, -0.269025, 0.885237
0.574415, -0.296331, 0.763043
0.604324, -0.360658, 0.710435
0.564403, -0.425641, 0.707304
0.609311, -0.476837, 0.633535
0.685893, -0.465851, 0.559047
0.74251, -0.392531, 0.542769
0.744771, -0.269517, 0.610473
0.746932, -0.150798, 0.647575
0.848517, -0.252977, 0.464781
0.878262, -0.313758, 0.36085
0.897415, -0.253731, 0.360926
-0.829435, -0.334609, 0.447296
-0.822091, -0.33394, 0.46114
-0.85831, -0.286928, 0.425413
-0.860447, -0.232325, 0.453493
-0.788283, -0.241607, 0.565894
-0.696503, -0.152943, 0.701065
-0.621302, -0.0653442, 0.780842
-0.448957, 0.051578, 0.892064
-0.228143, 0.0895047, 0.969505
-0.0265064, 0.124934, 0.991811
0.078462, 0.154826, 0.984821
0.169497, 0.148048, 0.974347
0.347472, 0.0800178, 0.93427
0.528234, -0.0559458, 0.847254
0.678954, -0.129309, 0.722704
0.790836, -0.311187, 0.527012
0.673689, -0.522898, 0.522228
0.216507, -0.539102, 0.813937
-0.152153, -0.499435, 0.852886
-0.116813, -0.50773, 0.85356
-0.118956, -0.522106, 0.844544
-0.0970595, -0.548401, 0.830564
-0.04222, -0.586234, 0.809041
-0.00840298, -0.608922, 0.793186
0.00109962, -0.625018, 0.78061
0.051008, -0.635913, 0.770073
0.115005, -0.648451, 0.752519
0.141271, -0.662581, 0.735547
0.15121, -0.679686, 0.717748
0.219444, -0.694832, 0.684875
0.36158, -0.703636, 0.611684
0.4393, -0.715824, 0.542781
0.455605, -0.732846, 0.505332
0.533279, -0.725603, 0.434872
0.598158, -0.71039, 0.370882
0.569079, -0.735414, 0.367852
0.50067, -0.770595, 0.394351
0.457682, -0.793821, 0.400469
0.581229, -0.747876, 0.320709
0.658999, -0.699479, 0.276496
-0.24616, -0.838116, 0.486792
-0.949113, 0.0550041, 0.310094
-0.929839, 0.127072, 0.345329
-0.634082, 0.288184, 0.717558
-0.47195, 0.285247, 0.834204
-0.345399, 0.28304, 0.894756
-0.189977, 0.362576, 0.912386
-0.0727435, 0.399393, 0.913889
-0.0567571, 0.352207, 0.9342
0.0761913, 0.225498, 0.97126
0.335259, 0.0927176, 0.937552
0.453677, -0.0246053, 0.890827
0.532939, -0.164592, 0.829992
0.595879, -0.218578, 0.772756
0.630862, -0.226569, 0.742078
0.723075, -0.249853, 0.644001
0.793323, -0.299783, 0.529876
0.807244, -0.304968, 0.505324
0.787347, -0.215579, 0.577591
0.790825, -0.12885, 0.598326
0.882868, -0.209249, 0.420426
0.924566, -0.236335, 0.298869
0.931819, -0.201901, 0.301579
-0.850801, -0.296541, 0.433822
-0.836576, -0.335196, 0.433342
-0.8454, -0.280004, 0.45486
-0.847484, -0.196417, 0.493145
-0.768952, -0.112423, 0.629344
-0.625061, -0.0351288, 0.779785
-0.537193, 0.162717, 0.827615
-0.349693, 0.27501, 0.895592
-0.188687, 0.318673, 0.928894
-0.0227554, 0.289523, 0.9569
0.0844548, 0.29183, 0.952734
0.168387, 0.290012, 0.942093
0.179193, 0.271999, 0.945466
0.381976, 0.203405, 0.90151
0.601945, 0.0609454, 0.796208
0.673486, -0.0842728, 0.73438
0.69228, -0.314017, 0.649725
0.374222, -0.385836, 0.843261
-0.132299, -0.282528, 0.950092
-0.15716, -0.28143, 0.946625
-0.160911, -0.29323, 0.942403
-0.135781, -0.300497, 0.944068
-0.0826929, -0.319247, 0.944057
-0.0511795, -0.337009, 0.940109
-0.0384029, -0.361229, 0.931686
0.0417104, -0.391528, 0.91922
0.131128, -0.429415, 0.893537
0.147915, -0.459399, 0.875827
0.14474, -0.486008, 0.861886
0.207929, -0.50958, 0.834922
0.334155, -0.536584, 0.774866
0.404617, -0.580191, 0.706869
0.428492, -0.631255, 0.646461
0.520216, -0.64399, 0.560939
0.59864, -0.651263, 0.466355
0.631829, -0.664665, 0.398763
0.637396, -0.67418, 0.373105
0.59259, -0.692834, 0.410875
0.650834, -0.633342, 0.418681
0.706726, -0.622425, 0.336341
0.633635, -0.685438, 0.358722
-0.913866, -0.0504585, 0.402869
-0.936352, 0.170748, 0.306742
-0.692272, 0.321928, 0.645849
-0.491874, 0.336405, 0.803052
-0.307311, 0.386999, 0.869363
-0.180382, 0.397559, 0.899672
-0.102944, 0.362767, 0.926176
-0.0837284, 0.297389, 0.951078
-0.0524867, 0.279695, 0.958653
0.0871313, 0.216591, 0.972366
0.33753, 0.0822045, 0.937719
0.465313, 0.0539806, 0.883499
0.572738, -0.0141557, 0.819616
0.665259, -0.0679042, 0.743518
0.688877, -0.0930545, 0.71888
0.738238, -0.169164, 0.652984
0.804232, -0.26658, 0.531174
0.837639, -0.250205, 0.48555
0.856876, -0.136888, 0.497016
0.867484, -0.0631651, 0.493439
0.928234, -0.151474, 0.339762
0.939448, -0.2172, 0.265068
0.942417, -0.200258, 0.267856
-0.889558, -0.221426, 0.399572
-0.887631, -0.24565, 0.389572
-0.852006, -0.269669, 0.448737
-0.831375, -0.246488, 0.498056
-0.816336, -0.15888, 0.555294
-0.710241, -0.00145356, 0.703957
-0.50126, 0.113524, 0.857818
-0.369047, 0.342813, 0.863877
-0.323104, 0.389084, 0.86268
-0.241643, 0.418288, 0.875582
-0.0871721, 0.419323, 0.903642
0.0681831, 0.426178, 0.902066
0.132959, 0.418868, 0.89826
0.230361, 0.378605, 0.896433
0.287137, 0.396136, 0.87214
0.40655, 0.259208, 0.876087
0.559678, 0.14298, 0.816283
0.62714, 0.000134931, 0.778907
0.406361, -0.165784, 0.898547
-0.0215009, -0.0717139, 0.997193
-0.164779, -0.0450735, 0.9853
-0.174913, -0.054952, 0.983049
-0.154587, -0.0635635, 0.985932
-0.105228, -0.0817481, 0.991082
-0.0776258, -0.104633, 0.991477
-0.0845352, -0.126324, 0.98838
-0.0433147, -0.153538, 0.987193
0.0326413, -0.203964, 0.978434
0.0827556, -0.255032, 0.963385
0.103872, -0.297996, 0.948899
0.174269, -0.324847, 0.929572
0.317814, -0.33986, 0.885149
0.387962, -0.374947, 0.841962
0.418169, -0.429868, 0.800218
0.540094, -0.475223, 0.694594
0.612438, -0.517484, 0.597603
0.603137, -0.576186, 0.551576
0.614455, -0.629063, 0.476156
0.672341, -0.628256, 0.391474
0.696148, -0.619478, 0.362801
0.654874, -0.663857, 0.361158
0.520637, -0.752106, 0.404072
-0.552493, -0.662476, 0.505843
-0.884434, 0.266749, 0.382912
-0.753879, 0.35326, 0.553962
-0.526464, 0.398878, 0.750821
-0.341564, 0.359845, 0.868243
-0.264505, 0.304991, 0.914887
-0.230941, 0.222302, 0.947232
-0.179761, 0.194713, 0.964247
-0.0451584, 0.168945, 0.98459
0.0695539, 0.228198, 0.971127
0.267701, 0.215893, 0.939003
0.451997, 0.152836, 0.878829
0.501195, 0.138036, 0.854254
0.584641, 0.0508875, 0.809694
0.673162, -0.0442872, 0.738168
0.707676, -0.0466766, 0.704994
0.786657, -0.0973089, 0.609673
0.853972, -0.181677, 0.487571
0.874321, -0.172703, 0.453582
0.878873, -0.133836, 0.457897
0.903408, -0.0797794, 0.421294
0.9451, -0.183255, 0.270564
0.950527, -0.154753, 0.269352
-0.907426, -0.141449, 0.395689
-0.89087, -0.197048, 0.409296
-0.860409, -0.171515, 0.479873
-0.822085, -0.210823, 0.528894
-0.777072, -0.0802556, 0.624275
-0.602583, 0.0534144, 0.796267
-0.342391, 0.2055, 0.916809
-0.268892, 0.284878, 0.920077
-0.272076, 0.430649, 0.860532
-0.186773, 0.500283, 0.845478
-0.0583537, 0.533965, 0.84349
0.0585668, 0.52707, 0.847801
0.085469, 0.525643, 0.846401
0.138617, 0.498522, 0.855722
0.215011, 0.443931, 0.869882
0.311504, 0.394475, 0.864497
0.431086, 0.287634, 0.855238
0.487757, 0.168899, 0.856485
0.338002, 0.0907012, 0.936764
0.023128, 0.0890621, 0.995758
-0.152134, 0.106246, 0.982633
-0.198345, 0.0908418, 0.975914
-0.180973, 0.0808602, 0.980158
-0.143583, 0.0654833, 0.987469
-0.116933, 0.0359882, 0.992488
-0.109281, 0.0143952, 0.993907
-0.0598211, 0.00335056, 0.998204
0.00521765, -0.0098574, 0.999938
0.0311907, -0.0396356, 0.998727
0.0621418, -0.0851554, 0.994428
0.175122, -0.132976, 0.975525
0.313502, -0.167139, 0.934763
0.356159, -0.211325, 0.910216
0.346691, -0.257188, 0.902031
0.457548, -0.31238, 0.832508
0.6031, -0.351806, 0.715894
0.648467, -0.390371, 0.653529
0.649472, -0.434349, 0.624121
0.626352, -0.514408, 0.585721
0.615319, -0.599469, 0.511878
0.658992, -0.623797, 0.420246
0.615733, -0.685998, 0.387659
0.176509, -0.825287, 0.536419
-0.745899, -0.036486, 0.665059
-0.782803, 0.305247, 0.542259
-0.647717, 0.361906, 0.670438
-0.503406, 0.266065, 0.822066
-0.381941, 0.202868, 0.901646
-0.264804, 0.138301, 0.954333
-0.168957, 0.201695, 0.964765
-0.0206261, 0.235654, 0.971618
0.149489, 0.254123, 0.955549
0.248374, 0.295302, 0.922555
0.386172, 0.226051, 0.8943
0.476178, 0.167341, 0.86328
0.504015, 0.153909, 0.849871
0.617743, 0.0762826, 0.782672
0.713093, 0.000679127, 0.701069
0.750675, 0.0156277, 0.660487
0.824571, -0.0620722, 0.562344
0.873821, -0.132189, 0.467934
0.896451, -0.0950839, 0.432822
0.911336, -0.0626243, 0.406871
0.950424, -0.0506403, 0.306804
0.958254, -0.16647, 0.232457
0.970139, -0.0987728, 0.221526
-0.928524, -0.00914213, 0.37116
-0.929091, -0.0598046, 0.364983
-0.908656, -0.0611954, 0.413037
-0.873414, -0.100949, 0.476401
-0.820656, -0.121351, 0.558389
-0.70115, -0.0095799, 0.712949
-0.526584, 0.143043, 0.838002
-0.292082, 0.214654, 0.931993
-0.0830887, 0.253007, 0.96389
-0.0301737, 0.421576, 0.906291
-0.125825, 0.527641, 0.840097
-0.0822882, 0.554207, 0.828301
0.0321496, 0.552652, 0.832792
0.0737628, 0.552655, 0.830139
0.0837225, 0.552998, 0.828965
0.123402, 0.522144, 0.843882
0.186919, 0.473038, 0.860986
0.283614, 0.379108, 0.880818
0.410932, 0.331539, 0.849245
0.305597, 0.317912, 0.89752
0.0035778, 0.276974, 0.960871
-0.156373, 0.254908, 0.954238
-0.205467, 0.239078, 0.949013
-0.189084, 0.228749, 0.954946
-0.165271, 0.21526, 0.96247
-0.145634, 0.195528, 0.969824
-0.129214, 0.169075, 0.977096
-0.0769447, 0.149837, 0.985712
-0.0234745, 0.128291, 0.991459
-0.0137491, 0.096729, 0.995216
-0.0151918, 0.062624, 0.997922
0.0731155, 0.0201546, 0.99712
0.236006, -0.021401, 0.971516
0.308686, -0.0686515, 0.948683
0.324039, -0.107779, 0.939884
0.469898, -0.132733, 0.872684
0.607191, -0.162854, 0.777687
0.639646, -0.227378, 0.734269
0.661319, -0.284053, 0.694241
0.694573, -0.313252, 0.647643
0.700507, -0.333956, 0.630685
0.642844, -0.410212, 0.646899
0.539765, -0.568459, 0.620893
0.396627, -0.666172, 0.631587
0.115491, -0.571747, 0.812261
-0.529049, 0.100483, 0.842621
-0.688163, 0.294188, 0.663238
-0.60464, 0.25166, 0.755697
-0.449155, 0.254244, 0.856516
-0.256492, 0.246003, 0.934716
-0.0671408, 0.271572, 0.960073
0.0134201, 0.318173, 0.947938
0.151505, 0.290121, 0.944921
0.238745, 0.293224, 0.925754
0.305747, 0.271737, 0.912512
0.427965, 0.186746, 0.884292
0.500047, 0.177545, 0.847603
0.546775, 0.179748, 0.817758
0.670707, 0.0885596, 0.736417
0.75498, 0.0759225, 0.651338
0.802644, 0.082219, 0.590765
0.878455, -0.00463626, 0.477802
0.911405, -0.0100448, 0.411389
0.917238, -0.014233, 0.398084
0.941494, 0.0133289, 0.336765
0.977325, -0.030597, 0.209522
0.984383, 0.00236867, 0.176023
-0.928041, 0.0302642, 0.371245
-0.925537, 0.0415442, 0.376371
-0.918087, 0.0488693, 0.393354
-0.883864, -0.0136953, 0.467544
-0.816297, 0.0564174, 0.574871
-0.639906, 0.0995258, 0.761981
-0.432998, 0.226542, 0.872463
-0.267284, 0.273542, 0.923977
-0.0197692, 0.330406, 0.943632
0.140672, 0.339483, 0.930034
0.0342981, 0.45854, 0.888012
-0.0426465, 0.563137, 0.825263
0.0311194, 0.572003, 0.819661
0.0798648, 0.563805, 0.822038
0.0782721, 0.570593, 0.817494
0.0690439, 0.565462, 0.821879
0.0815846, 0.553358, 0.828939
0.225297, 0.516237, 0.826281
0.377335, 0.495829, 0.782159
0.229861, 0.482009, 0.845477
-0.0502843, 0.421471, 0.905447
-0.175434, 0.384834, 0.90616
-0.219636, 0.368069, 0.903485
-0.20858, 0.356522, 0.910707
-0.18511, 0.346877, 0.919462
-0.174932, 0.339376, 0.924242
-0.168266, 0.325295, 0.930521
-0.115844, 0.312391, 0.942864
-0.0663683, 0.293149, 0.95376
-0.0552156, 0.269918, 0.961299
-0.0389807, 0.249054, 0.967705
0.0659621, 0.233984, 0.97
0.207909, 0.209423, 0.955466
0.262173, 0.151005, 0.953133
0.27861, 0.104526, 0.954699
0.410253, 0.0582233, 0.910111
0.550209, 0.00223881, 0.835024
0.597179, -0.0453378, 0.800826
0.640374, -0.10779, 0.760462
0.687155, -0.158846, 0.708933
0.709198, -0.220367, 0.669684
0.684064, -0.285763, 0.671116
0.659584, -0.309772, 0.684829
0.47869, -0.348613, 0.805807
0.236219, -0.438051, 0.867359
-0.0242427, -0.348334, 0.937057
-0.557642, 0.0923905, 0.824924
-0.614152, 0.237509, 0.7526
-0.458784, 0.262861, 0.848776
-0.28986, 0.350945, 0.890404
-0.0941228, 0.3382, 0.936356
-0.00170442, 0.349431, 0.93696
0.112709, 0.302279, 0.946533
0.231614, 0.253191, 0.939281
0.260492, 0.255023, 0.931186
0.37921, 0.216054, 0.899734
0.505259, 0.202807, 0.838799
0.540342, 0.227898, 0.809996
0.64649, 0.206913, 0.734328
0.755604, 0.134155, 0.641143
0.78823, 0.148139, 0.597284
0.855823, 0.112538, 0.504878
0.901846, 0.0742251, 0.425635
0.921215, 0.102929, 0.375193
0.943389, 0.139912, 0.300734
0.975954, 0.125932, 0.17792
0.993663, 0.0805323, 0.0784099
0.986646, 0.140347, 0.0826571
-0.743266, -0.285239, 0.60514
-0.743266, -0.285239, 0.60514
-0.908431, 0.0739807, 0.411437
-0.92276, 0.108833, 0.369688
-0.91034, 0.189181, 0.368091
-0.885773, 0.122356, 0.4477
-0.8011, 0.185567, 0.569037
-0.638521, 0.255739, 0.725871
-0.404574, 0.303845, 0.862554
-0.217557, 0.360013, 0.907226
-0.0292428, 0.401023, 0.915601
0.161254, 0.382983, 0.909572
0.242844, 0.436439, 0.866342
0.107904, 0.534497, 0.838254
0.0174157, 0.582057, 0.812961
0.0660675, 0.570625, 0.818549
0.0866431, 0.568192, 0.818322
0.0880001, 0.575443, 0.813094
0.0915217, 0.587266, 0.804203
0.184515, 0.597895, 0.780048
0.315651, 0.595475, 0.738765
0.153146, 0.564201, 0.81131
-0.111146, 0.516636, 0.84896
-0.190342, 0.495582, 0.847448
-0.221592, 0.48566, 0.845595
-0.209472, 0.480463, 0.851632
-0.181614, 0.480979, 0.857715
-0.165437, 0.486752, 0.857731
-0.161505, 0.489797, 0.856747
-0.124258, 0.488963, 0.863409
-0.0831387, 0.485922, 0.870039
-0.0720646, 0.475577, 0.876717
-0.0659431, 0.459959, 0.885488
0.012305, 0.446711, 0.894593
0.119102, 0.425776, 0.896956
0.169536, 0.386246, 0.906682
0.207815, 0.348462, 0.913995
0.359109, 0.306528, 0.881522
0.521446, 0.246356, 0.816947
0.564539, 0.181261, 0.805258
0.598912, 0.103962, 0.794038
0.645051, 0.0233573, 0.763783
0.643165, -0.0720325, 0.762332
0.631777, -0.176548, 0.754777
0.644329, -0.230058, 0.729324
0.449131, -0.301425, 0.841085
0.173457, -0.326376, 0.929188
0.147586, -0.415528, 0.897527
-0.154784, -0.26654, 0.951314
-0.484471, 0.101169, 0.868938
-0.408643, 0.167528, 0.897187
-0.221849, 0.2714, 0.93655
-0.110906, 0.353116, 0.928983
-0.0487874, 0.349782, 0.93556
0.0123387, 0.310135, 0.950612
0.179513, 0.222415, 0.958283
0.267924, 0.226409, 0.936459
0.382623, 0.238123, 0.892691
0.526839, 0.214025, 0.822577
0.565244, 0.255562, 0.784339
0.602239, 0.295831, 0.74148
0.721288, 0.261399, 0.641416
0.783355, 0.282167, 0.553838
0.841467, 0.272456, 0.466584
0.897801, 0.240802, 0.368737
0.91847, 0.2474, 0.308555
0.934226, 0.246017, 0.258259
0.960697, 0.219242, 0.170276
0.976033, 0.19965, 0.0866031
0.97687, 0.199241, 0.0776363
-0.117421, -0.505282, 0.854928
-0.743266, -0.285239, 0.60514
-0.0171489, -0.260124, 0.965423
-0.858154, 0.0141151, 0.513198
-0.877997, -0.0250759, 0.478008
-0.893681, 0.169502, 0.415456
-0.89332, 0.280895, 0.350825
-0.888151, 0.239772, 0.392041
-0.782649, 0.343114, 0.519359
-0.629145, 0.375057, 0.680815
-0.408646, 0.451572, 0.793153
-0.194587, 0.501636, 0.84291
-0.02546, 0.465657, 0.884599
0.177892, 0.493631, 0.851283
0.267917, 0.524146, 0.808388
0.209956, 0.500669, 0.839791
0.0989392, 0.551272, 0.828439
0.0471339, 0.568293, 0.821475
0.0860568, 0.566408, 0.81962
0.103558, 0.582663, 0.806089
0.120612, 0.612343, 0.781338
0.240901, 0.635681, 0.7334
0.28359, 0.65498, 0.700413
0.078856, 0.646485, 0.758841
-0.107791, 0.634969, 0.764981
-0.173053, 0.626302, 0.76013
-0.20903, 0.618492, 0.757479
-0.198795, 0.618442, 0.76027
-0.162305, 0.624137, 0.764271
-0.143406, 0.625109, 0.767251
-0.151203, 0.619085, 0.77063
-0.121264, 0.616103, 0.778275
-0.0867286, 0.611203, 0.786708
-0.088961, 0.603305, 0.792533
-0.0853294, 0.595372, 0.798906
-0.00581965, 0.592325, 0.805678
0.0915211, 0.587985, 0.803677
0.125686, 0.57619, 0.807594
0.152684, 0.553972, 0.818415
0.274061, 0.52311, 0.806998
0.399652, 0.460826, 0.792412
0.433613, 0.396105, 0.809371
0.485169, 0.329688, 0.809887
0.544022, 0.243069, 0.803092
0.56856, 0.144219, 0.809901
0.587705, 0.0745265, 0.805635
0.619408, 0.00176027, 0.785067
0.455662, -0.0886743, 0.885725
0.103538, -0.072101, 0.992009
0.0509683, -0.178467, 0.982625
0.0617522, -0.211513, 0.975422
-0.21882, 0.0271552, 0.975387
-0.310213, 0.211227, 0.926904
-0.089622, 0.208729, 0.973858
-0.00211718, 0.28973, 0.957106
-0.0744907, 0.30966, 0.947925
-0.072376, 0.296131, 0.952401
0.115981, 0.264539, 0.957375
0.28857, 0.310791, 0.905614
0.37364, 0.377208, 0.847412
0.524908, 0.377539, 0.762847
0.60533, 0.400418, 0.687925
0.642717, 0.428457, 0.63509
0.735785, 0.413142, 0.536595
0.776762, 0.40855, 0.4793
0.819347, 0.390778, 0.419479
0.866035, 0.367352, 0.33917
0.89174, 0.344933, 0.292953
0.911392, 0.338884, 0.233499
0.944976, 0.303218, 0.122799
0.946848, 0.314673, 0.066778
0.95615, 0.276765, 0.0958019
-0.311992, -0.385432, 0.868391
-0.236659, -0.768266, 0.594777
0.720247, -0.0639307, 0.690766
0.397088, -0.123912, 0.909377
-0.847873, 0.0328556, 0.52918
-0.835593, 0.0532614, 0.546761
-0.855702, 0.201857, 0.476475
-0.878376, 0.306418, 0.366828
-0.839296, 0.421098, 0.343888
-0.776195, 0.449256, 0.44237
-0.646057, 0.528031, 0.551174
-0.377326, 0.597398, 0.707631
-0.274271, 0.590101, 0.759313
-0.0836319, 0.639994, 0.763815
0.231989, 0.587726, 0.775086
0.238418, 0.568825, 0.787143
0.145438, 0.577108, 0.803613
0.13914, 0.541593, 0.829046
0.0924264, 0.594962, 0.798422
0.105463, 0.622829, 0.775217
0.169981, 0.613895, 0.770869
0.195215, 0.652475, 0.732235
0.26851, 0.684048, 0.678219
0.294665, 0.710882, 0.638607
0.104948, 0.751207, 0.65167
-0.0753163, 0.75744, 0.648546
-0.149047, 0.749488, 0.645022
-0.183314, 0.741115, 0.645867
-0.173459, 0.748365, 0.640205
-0.149686, 0.757694, 0.635212
-0.143889, 0.750722, 0.644758
-0.152533, 0.737118, 0.658324
-0.131658, 0.733325, 0.667008
-0.0989362, 0.7236, 0.683092
-0.0881056, 0.70952, 0.699155
-0.0888218, 0.698917, 0.709666
-0.0243304, 0.699689, 0.714033
0.0635393, 0.689937, 0.721075
0.0848324, 0.672771, 0.734972
0.0984384, 0.653389, 0.750595
0.195797, 0.636437, 0.746064
0.314874, 0.594809, 0.739633
0.360433, 0.556597, 0.748524
0.391414, 0.523066, 0.757098
0.42496, 0.474364, 0.770965
0.456918, 0.424609, 0.781622
0.49615, 0.372379, 0.784328
0.517075, 0.311088, 0.797407
0.401473, 0.239033, 0.884128
0.0695653, 0.246871, 0.966548
-0.0279835, 0.206942, 0.977953
0.112656, 0.199575, 0.973385
0.00817075, 0.260145, 0.965535
-0.211163, 0.365935, 0.906367
-0.14777, 0.33521, 0.930483
0.0255615, 0.317919, 0.947773
-0.0353082, 0.340671, 0.93952
-0.0577158, 0.371391, 0.926681
0.186335, 0.456405, 0.870042
0.397808, 0.494868, 0.772563
0.455685, 0.529686, 0.715391
0.542213, 0.534042, 0.648694
0.59169, 0.540851, 0.597816
0.610174, 0.55091, 0.569374
0.689538, 0.525984, 0.497875
0.741992, 0.500903, 0.445582
0.794885, 0.481263, 0.369518
0.839719, 0.458641, 0.290725
0.864524, 0.444061, 0.23539
0.893429, 0.417123, 0.166711
0.923527, 0.373373, 0.0876889
0.942795, 0.327957, 0.0598571
0.95008, 0.262219, 0.169083
0.897664, 0.0204077, 0.440209
-0.697938, -0.13306, 0.703689
-0.730254, -0.271998, 0.626694
0.175042, 0.0619938, 0.982607
0.829206, 0.0975974, 0.550357
0.832793, 0.102257, 0.544058
-0.823446, 0.088141, 0.560507
-0.825535, 0.0702072, 0.559966
-0.786191, 0.262815, 0.559313
-0.823049, 0.356749, 0.441951
-0.797654, 0.509201, 0.323206
-0.761005, 0.546349, 0.349821
-0.624405, 0.650795, 0.431953
-0.489506, 0.690189, 0.532939
-0.205371, 0.76162, 0.61462
-0.101841, 0.788265, 0.60685
-0.000904441, 0.762254, 0.647277
0.214317, 0.683657, 0.697625
0.135321, 0.676751, 0.723669
0.123775, 0.660293, 0.740738
0.185205, 0.673412, 0.715692
0.112369, 0.685094, 0.719735
0.161554, 0.65333, 0.739636
0.275275, 0.663718, 0.695487
0.365605, 0.695823, 0.618194
0.3737, 0.743478, 0.554607
0.174934, 0.811253, 0.557913
-0.0279349, 0.82182, 0.569062
-0.12596, 0.823557, 0.553071
-0.149245, 0.829905, 0.537572
-0.126036, 0.838911, 0.529474
-0.128563, 0.841237, 0.52516
-0.152297, 0.835627, 0.527762
-0.155648, 0.833149, 0.530694
-0.138484, 0.832769, 0.53602
-0.129375, 0.82539, 0.549539
-0.121292, 0.814702, 0.567053
-0.10107, 0.804921, 0.584711
-0.0489313, 0.798683, 0.599759
0.00684211, 0.780452, 0.625178
0.029819, 0.759303, 0.650053
0.0613936, 0.739559, 0.670286
0.149072, 0.722636, 0.674962
0.232871, 0.70279, 0.672204
0.272105, 0.673331, 0.687447
0.312451, 0.63804, 0.703761
0.357355, 0.600897, 0.714997
0.387216, 0.578588, 0.717844
0.403403, 0.554406, 0.727942
0.415012, 0.521549, 0.745487
0.31982, 0.492375, 0.809495
0.0470029, 0.486589, 0.872366
-0.0115922, 0.474137, 0.880375
0.126099, 0.497567, 0.858211
0.0356552, 0.494838, 0.868254
-0.193581, 0.461055, 0.865999
-0.172167, 0.469086, 0.866208
-0.00629612, 0.454647, 0.890649
0.0090913, 0.449024, 0.893474
0.0940107, 0.536179, 0.838853
0.297315, 0.599476, 0.743124
0.398603, 0.615276, 0.680111
0.433351, 0.629918, 0.644523
0.521715, 0.632289, 0.572734
0.578894, 0.623806, 0.525117
0.608229, 0.618082, 0.498029
0.679795, 0.595188, 0.42852
0.735735, 0.562377, 0.377394
0.779123, 0.549063, 0.302484
0.819095, 0.521167, 0.239725
0.830477, 0.523225, 0.191165
0.860991, 0.490285, 0.135333
0.907815, 0.411336, 0.0816974
0.91545, 0.386086, 0.113529
0.906039, 0.0895961, 0.4136
0.687053, -0.293998, 0.664472
0.556249, -0.0880648, 0.826336
-0.771894, -0.0453121, 0.634134
-0.747185, -0.168786, 0.642827
-0.584839, 0.0476169, 0.809751
0.379556, 0.327435, 0.865288
0.841363, 0.159772, 0.516315
0.896452, 0.210201, 0.390113
0.888309, 0.22842, 0.398411
-0.78334, 0.168428, 0.59834
-0.807119, 0.14073, 0.573371
-0.704206, 0.293526, 0.646479
-0.721359, 0.403598, 0.562806
-0.756059, 0.505852, 0.415318
-0.720263, 0.618413, 0.314302
-0.620457, 0.718113, 0.315194
-0.42392, 0.841496, 0.334928
-0.244078, 0.890262, 0.384525
-0.129131, 0.881371, 0.454434
-0.0941771, 0.874686, 0.475452
-0.0159508, 0.869315, 0.494002
0.0576946, 0.845667, 0.530584
0.0948675, 0.835218, 0.541674
0.123895, 0.779259, 0.614334
0.0519794, 0.72559, 0.686161
0.122358, 0.736422, 0.665366
0.320095, 0.711782, 0.625224
0.468047, 0.69686, 0.543432
0.495674, 0.714913, 0.493159
0.257212, 0.81364, 0.521375
0.0369082, 0.846798, 0.530633
-0.0314125, 0.863408, 0.503528
-0.0909154, 0.873543, 0.478181
-0.107001, 0.882245, 0.458469
-0.107641, 0.88555, 0.4519
-0.116787, 0.887654, 0.445456
-0.128699, 0.889981, 0.437459
-0.135525, 0.888875, 0.437647
-0.13654, 0.884471, 0.446169
-0.137798, 0.877505, 0.459343
-0.138355, 0.868789, 0.475462
-0.114788, 0.863143, 0.491739
-0.0695205, 0.855932, 0.512393
-0.0394981, 0.843652, 0.535435
-0.0094955, 0.830854, 0.556409
0.087372, 0.81453, 0.573505
0.171744, 0.79378, 0.583453
0.185613, 0.771778, 0.6082
0.213596, 0.748013, 0.628374
0.274297, 0.716404, 0.641503
0.326054, 0.681175, 0.655507
0.34539, 0.656619, 0.670491
0.337276, 0.640523, 0.68991
0.255461, 0.617944, 0.743562
0.0216908, 0.622909, 0.781993
-0.00897369, 0.618991, 0.785346
0.12149, 0.635483, 0.762497
-0.0127571, 0.592953, 0.805136
-0.20983, 0.496905, 0.842055
-0.175177, 0.515505, 0.838789
-0.0355936, 0.519154, 0.853939
0.0912041, 0.601136, 0.793925
0.202739, 0.671513, 0.712718
0.337149, 0.679561, 0.651558
0.433462, 0.679611, 0.59181
0.482258, 0.687366, 0.543098
0.537501, 0.687826, 0.48784
0.556035, 0.682788, 0.473948
0.586653, 0.67436, 0.448416
0.643045, 0.663306, 0.382777
0.720371, 0.608186, 0.33343
0.767601, 0.58825, 0.254462
0.798995, 0.570536, 0.189987
0.803274, 0.579383, 0.138078
0.812531, 0.574005, 0.101545
0.849546, 0.521229, 0.0811902
0.855602, 0.477932, 0.198811
0.464089, 0.534771, 0.706146
0.315417, 0.306917, 0.89795
0.572303, -0.262235, 0.776983
0.398096, -0.000532922, 0.917344
0.650104, -0.17665, 0.739026
-0.789418, 0.0260637, 0.613302
-0.784306, 0.0788841, 0.615339
-0.42698, 0.258825, 0.866428
0.397396, 0.404196, 0.823834
0.837201, 0.231039, 0.495696
0.879751, 0.246532, 0.406522
0.880043, 0.244797, 0.406939
-0.748615, 0.25354, 0.612612
-0.702024, 0.291048, 0.649964
-0.648179, 0.305696, 0.697434
-0.658891, 0.389088, 0.643796
-0.668846, 0.421031, 0.612681
-0.588522, 0.667623, 0.455984
-0.545816, 0.763521, 0.345139
-0.500106, 0.808056, 0.311351
-0.408785, 0.862608, 0.297997
-0.270959, 0.912278, 0.307133
-0.101121, 0.94235, 0.318986
-0.0260997, 0.945404, 0.324855
-0.0436748, 0.938924, 0.34134
-0.0881023, 0.925169, 0.36919
-0.119574, 0.902981, 0.412707
-0.0136101, 0.885188, 0.465034
0.121764, 0.853393, 0.506848
0.263061, 0.794353, 0.547542
0.460098, 0.725063, 0.512439
0.553757, 0.68588, 0.472147
0.388504, 0.771833, 0.503328
0.153733, 0.837457, 0.524434
0.0550697, 0.86323, 0.501799
0.00155939, 0.875212, 0.483736
-0.0382638, 0.885409, 0.463234
-0.0740965, 0.896981, 0.435816
-0.0840763, 0.90583, 0.415215
-0.102915, 0.906582, 0.409288
-0.130107, 0.908149, 0.397916
-0.15075, 0.908848, 0.388935
-0.16118, 0.903008, 0.398243
-0.154748, 0.899886, 0.407747
-0.130569, 0.90109, 0.413507
-0.104794, 0.899381, 0.42442
-0.0853549, 0.893897, 0.440071
-0.066943, 0.886192, 0.458456
-0.00250889, 0.878025, 0.478608
0.0695854, 0.865994, 0.495189
0.0989639, 0.854498, 0.509941
0.130749, 0.841714, 0.523853
0.162316, 0.82754, 0.53743
0.20719, 0.804812, 0.556192
0.253423, 0.774074, 0.580161
0.254789, 0.741391, 0.620823
0.206453, 0.713951, 0.669067
0.0366776, 0.703494, 0.709754
0.00985385, 0.708655, 0.705487
0.0604958, 0.70498, 0.706642
-0.166764, 0.572004, 0.80312
-0.289224, 0.458834, 0.840131
-0.167842, 0.509758, 0.843786
0.111969, 0.559977, 0.820907
0.281182, 0.658985, 0.697621
0.272468, 0.718792, 0.639608
0.354745, 0.7341, 0.579011
0.43789, 0.733951, 0.5192
0.473308, 0.737079, 0.482384
0.507082, 0.736973, 0.446922
0.527885, 0.734613, 0.426241
0.590733, 0.715237, 0.373458
0.624971, 0.712568, 0.31884
0.659631, 0.709845, 0.246997
0.694646, 0.702634, 0.154186
0.70812, 0.699317, 0.0975782
0.778229, 0.621682, 0.0887213
0.754107, 0.652753, 0.0723668
0.82141, 0.558837, 0.113959
0.765458, 0.541279, 0.347981
0.405579, 0.59947, 0.69003
-0.222578, 0.768185, 0.600293
-0.182391, 0.437493, 0.88053
0.650104, -0.17665, 0.739026
0.446976, -0.10768, 0.888041
-0.805556, 0.14791, 0.573762
-0.810511, 0.167227, 0.561344
-0.318775, 0.357255, 0.877924
0.4537, 0.416789, 0.787683
0.829965, 0.289432, 0.476852
0.862433, 0.277243, 0.423492
0.869849, 0.285414, 0.40237
-0.714386, 0.308289, 0.62818
-0.726088, 0.325246, 0.605815
-0.64496, 0.332651, 0.688019
-0.670154, 0.301648, 0.678161
-0.648815, 0.325269, 0.687924
-0.553598, 0.380571, 0.740739
-0.500607, 0.579345, 0.643236
-0.360397, 0.778136, 0.514411
-0.286224, 0.86748, 0.406885
-0.297527, 0.884757, 0.358723
-0.235198, 0.909395, 0.34305
-0.116061, 0.930527, 0.347345
-0.0776251, 0.936946, 0.340745
-0.117401, 0.933448, 0.338957
-0.174621, 0.928519, 0.327659
-0.219352, 0.91765, 0.331366
-0.167962, 0.919514, 0.355362
0.0148854, 0.917503, 0.39745
0.320099, 0.832199, 0.45275
0.563586, 0.682837, 0.46487
0.466846, 0.726279, 0.504554
0.257633, 0.801713, 0.539334
0.14214, 0.839123, 0.525042
0.0424762, 0.863276, 0.502941
0.0478417, 0.882186, 0.468464
0.0435395, 0.905361, 0.422405
-0.0257495, 0.924438, 0.380463
-0.0537282, 0.930685, 0.361855
-0.0479187, 0.936615, 0.347067
-0.104533, 0.936066, 0.335937
-0.155799, 0.928614, 0.336754
-0.152015, 0.926247, 0.344904
-0.140187, 0.924356, 0.354844
-0.129943, 0.920154, 0.369367
-0.121411, 0.918047, 0.377424
-0.117459, 0.913232, 0.390143
-0.0577147, 0.913979, 0.401636
0.0246089, 0.911419, 0.410742
0.0512354, 0.906761, 0.41852
0.0721892, 0.900071, 0.429722
0.100537, 0.890479, 0.443778
0.111705, 0.876864, 0.46758
0.108742, 0.858704, 0.500801
0.107767, 0.835219, 0.539255
0.0982243, 0.807278, 0.581939
0.00233998, 0.779363, 0.626568
-0.00596321, 0.775462, 0.631367
-0.118272, 0.721852, 0.681866
-0.374555, 0.524213, 0.764793
-0.301404, 0.527679, 0.794173
-0.0737347, 0.599668, 0.796845
0.219691, 0.688479, 0.691181
0.386037, 0.718102, 0.579056
0.365601, 0.761098, 0.535785
0.40281, 0.782203, 0.475293
0.451643, 0.781048, 0.431257
0.477259, 0.782501, 0.399896
0.493891, 0.793551, 0.355455
0.484143, 0.817039, 0.313134
0.50353, 0.828802, 0.244019
0.54909, 0.819198, 0.165573
0.5818, 0.809114, 0.0827235
0.684745, 0.726367, 0.059282
0.7179, 0.688906, 0.100146
0.747556, 0.658567, 0.0863073
0.766342, 0.637362, 0.0805623
-0.352592, 0.621102, 0.699937
-0.610694, 0.583445, 0.535391
-0.244884, 0.18321, 0.952085
0.747883, -0.28435, 0.599846
0.675151, -0.215113, 0.705619
-0.841187, 0.150649, 0.519336
-0.81739, 0.196802, 0.541427
-0.270246, 0.407527, 0.87229
0.477766, 0.452714, 0.752855
0.829591, 0.319472, 0.457948
0.865164, 0.331746, 0.376079
0.863408, 0.331425, 0.380375
-0.308537, -0.266582, 0.913093
-0.132198, -0.285855, 0.94911
0.263254, -0.345082, 0.900897
0.457508, -0.370825, 0.808192
0.653549, -0.418865, 0.630418
-0.715089, 0.295235, 0.633627
-0.690452, 0.308158, 0.654457
-0.686371, 0.26473, 0.677357
-0.69673, 0.187411, 0.692419
-0.600127, 0.149929, 0.785729
-0.384872, 0.312762, 0.868362
-0.244538, 0.511164, 0.823962
-0.220454, 0.606985, 0.763524
-0.208074, 0.706753, 0.676169
-0.183009, 0.78875, 0.586841
-0.110679, 0.8299, 0.546823
-0.0208328, 0.847429, 0.5305
0.00311912, 0.866719, 0.498787
-0.0510698, 0.89073, 0.451656
-0.11817, 0.921622, 0.36966
-0.177751, 0.936134, 0.303409
-0.232977, 0.923721, 0.304075
-0.138941, 0.931288, 0.336745
0.239634, 0.892729, 0.381589
0.468297, 0.753459, 0.461517
0.327085, 0.813394, 0.481047
0.23966, 0.852462, 0.464619
0.168519, 0.89388, 0.415427
0.153913, 0.919277, 0.362272
0.177753, 0.930109, 0.321404
0.116988, 0.948878, 0.293164
0.0155668, 0.962801, 0.269761
-0.0128355, 0.962977, 0.269277
-0.0576844, 0.958476, 0.279277
-0.135496, 0.950567, 0.279398
-0.168613, 0.944972, 0.280353
-0.169543, 0.941592, 0.290962
-0.144933, 0.942507, 0.301123
-0.123405, 0.941448, 0.313763
-0.127915, 0.93815, 0.321734
-0.0912421, 0.941364, 0.32482
-0.02513, 0.940946, 0.337623
0.00917832, 0.937131, 0.348857
0.0167979, 0.93142, 0.363558
0.016138, 0.924236, 0.381481
0.0204901, 0.916005, 0.400643
0.0320679, 0.907536, 0.418748
0.019552, 0.897492, 0.440597
-0.00219585, 0.886733, 0.462276
-0.0482626, 0.869627, 0.491345
-0.0897769, 0.862645, 0.497779
-0.275195, 0.793215, 0.54321
-0.367001, 0.743865, 0.558548
-0.193816, 0.794825, 0.575055
0.0632636, 0.830609, 0.553251
0.316578, 0.831624, 0.456267
0.393475, 0.823296, 0.409099
0.379349, 0.837378, 0.393565
0.391682, 0.849778, 0.352793
0.394764, 0.865197, 0.309186
0.424697, 0.866634, 0.261874
0.468016, 0.85824, 0.210681
0.47569, 0.867562, 0.145105
0.527954, 0.844475, 0.0901542
0.643895, 0.763247, 0.0534169
0.616792, 0.781903, 0.0905292
0.634702, 0.769474, 0.071163
-0.568208, 0.476703, 0.670742
-0.680857, 0.448453, 0.579072
0.380474, 0.0106883, 0.92473
0.801057, -0.341077, 0.491908
0.642487, -0.370409, 0.670826
0.633414, -0.522626, 0.570656
-0.758683, -0.0888384, 0.645374
-0.888426, 0.0866225, 0.450772
-0.166246, 0.43954, 0.882704
0.525165, 0.492444, 0.694047
0.845879, 0.338608, 0.412107
0.858643, 0.383756, 0.339798
0.861538, 0.366419, 0.351411
-0.448431, -0.0396026, 0.892939
-0.461394, -0.276947, 0.842862
-0.146915, -0.248645, 0.957388
0.228371, -0.295959, 0.927499
0.653549, -0.418865, 0.630418
0.686719, -0.273371, 0.673562
-0.760661, 0.229705, 0.60715
-0.788837, 0.210749, 0.57734
-0.748693, 0.198826, 0.632398
-0.746424, 0.0645777, 0.66233
-0.546799, 0.163163, 0.821212
-0.256505, 0.330651, 0.908227
-0.139724, 0.421801, 0.895858
-0.121966, 0.506105, 0.853805
-0.105718, 0.560285, 0.821526
-0.0927815, 0.607886, 0.788585
-0.0706385, 0.648822, 0.757654
-0.0191347, 0.657267, 0.753415
0.0834913, 0.67477, 0.733291
0.277069, 0.722871, 0.633001
0.370336, 0.804413, 0.464511
0.134235, 0.913393, 0.38431
-0.123689, 0.941207, 0.314374
-0.18884, 0.945754, 0.264366
-0.169121, 0.951752, 0.256059
0.0514903, 0.961385, 0.270348
0.277961, 0.921398, 0.271594
0.299395, 0.910031, 0.286714
0.284518, 0.920318, 0.268449
0.245964, 0.937051, 0.247865
0.230272, 0.945406, 0.230614
0.216473, 0.952532, 0.21406
0.0967416, 0.973287, 0.208216
-0.0303053, 0.97915, 0.200863
-0.0560456, 0.979059, 0.19571
-0.0737579, 0.977452, 0.197858
-0.127768, 0.970547, 0.204241
-0.163626, 0.962752, 0.215255
-0.164271, 0.961277, 0.221273
-0.143139, 0.963658, 0.225553
-0.117223, 0.965989, 0.230486
-0.10781, 0.966106, 0.234557
-0.0777289, 0.965638, 0.247996
-0.0455116, 0.963299, 0.264545
-0.0343333, 0.959366, 0.280067
-0.0217902, 0.955972, 0.292647
-0.0158933, 0.952826, 0.3031
-0.0175247, 0.948501, 0.316289
-0.0166876, 0.943033, 0.33228
-0.031223, 0.93872, 0.343262
-0.0573753, 0.934989, 0.350006
-0.0975081, 0.932463, 0.347856
-0.195571, 0.915274, 0.352173
-0.230012, 0.919355, 0.319189
-0.131231, 0.94685, 0.293691
0.0486578, 0.963279, 0.264058
0.213393, 0.945216, 0.247045
0.275748, 0.932013, 0.235189
0.298143, 0.928743, 0.220334
0.368894, 0.909857, 0.189941
0.398617, 0.903627, 0.156727
0.381598, 0.917352, 0.113348
0.535908, 0.837603, 0.105943
0.522609, 0.85065, 0.057212
0.544394, 0.83433, 0.086768
0.587497, 0.806019, 0.0719782
-0.658131, 0.52761, 0.537114
-0.629783, 0.60226, 0.490567
-0.520007, 0.531319, 0.668799
0.381674, -0.0267283, 0.92391
0.615618, -0.47894, 0.625805
0.647875, -0.56356, 0.512502
0.645577, -0.386422, 0.658717
0.67103, -0.440403, 0.59646
-0.214904, -0.787178, 0.578071
-0.181817, -0.72326, 0.666211
-0.196403, -0.576144, 0.7934
-0.50208, -0.653876, 0.566005
-0.580068, 0.043994, 0.813379
0.192438, 0.573715, 0.796127
0.584932, 0.501214, 0.637682
0.779859, 0.538309, 0.319443
0.859626, 0.383253, 0.337876
0.859135, 0.383505, 0.338837
-0.366154, 0.137514, 0.920337
-0.471729, -0.00906862, 0.881697
-0.387933, 0.169348, 0.905996
-0.19538, 0.262961, 0.944816
0.00276557, 0.143998, 0.989574
0.515586, -0.0720532, 0.853803
0.826812, -0.303634, 0.473486
0.727987, -0.349204, 0.589992
-0.780303, 0.185949, 0.597118
-0.794734, 0.167804, 0.583301
-0.783583, 0.140194, 0.605263
-0.747843, 0.111828, 0.654389
-0.431157, 0.279341, 0.857946
-0.128612, 0.425723, 0.895667
-0.0195322, 0.488078, 0.872581
-0.0233751, 0.53461, 0.844775
-0.0726999, 0.561332, 0.824391
-0.0776211, 0.571825, 0.816695
-0.0682495, 0.580653, 0.811285
0.00201617, 0.584084, 0.811691
0.180031, 0.635391, 0.750911
0.432143, 0.654092, 0.620819
0.596311, 0.631671, 0.495383
0.583958, 0.697437, 0.415421
0.361111, 0.87563, 0.320734
0.131903, 0.958809, 0.251569
0.00878305, 0.980842, 0.194609
-0.0451961, 0.98472, 0.168178
-0.0129954, 0.986792, 0.16147
0.11049, 0.982643, 0.149014
0.199884, 0.969872, 0.139265
0.207261, 0.968879, 0.135341
0.225241, 0.952016, 0.207198
0.18151, 0.958911, 0.218047
0.094793, 0.973355, 0.208792
0.00347136, 0.979369, 0.202051
-0.0533782, 0.978712, 0.198176
-0.0858981, 0.976153, 0.199365
-0.121806, 0.970955, 0.205934
-0.151915, 0.965031, 0.213628
-0.157021, 0.962618, 0.220707
-0.135059, 0.969195, 0.205962
-0.11515, 0.982584, 0.145839
-0.121284, 0.980533, 0.154421
-0.130337, 0.97644, 0.171983
-0.108371, 0.975782, 0.190016
-0.0810647, 0.975967, 0.20228
-0.0643877, 0.973041, 0.221463
-0.058268, 0.968035, 0.243951
-0.0642747, 0.962323, 0.264203
-0.042461, 0.98569, 0.163135
-0.0303495, 0.980465, 0.194336
-0.0198121, 0.980259, 0.196722
-0.026336, 0.979383, 0.200286
-0.0407381, 0.980151, 0.194024
-0.0377806, 0.983377, 0.1776
-0.0077722, 0.98713, 0.159732
0.0236184, 0.98902, 0.145885
0.105071, 0.986309, 0.127103
0.203983, 0.970954, 0.125056
0.272575, 0.951274, 0.144156
0.318646, 0.941723, 0.107809
0.367347, 0.919162, 0.142114
0.440137, 0.889082, 0.125748
0.481658, 0.871466, 0.0924785
0.529439, 0.844414, 0.081605
-0.584724, 0.605478, 0.539902
-0.591727, 0.669752, 0.448655
-0.366468, 0.721594, 0.587369
0.165422, 0.461442, 0.871612
0.518852, -0.057988, 0.852895
0.624276, -0.362601, 0.691954
0.706136, -0.510561, 0.490612
0.655489, -0.261533, 0.708474
0.600332, -0.444999, 0.664513
0.533471, -0.594356, 0.601789
0.416431, -0.6919, 0.589797
0.286066, -0.736315, 0.613194
0.199067, -0.737108, 0.64579
0.176315, -0.709789, 0.681992
0.178973, -0.692474, 0.698891
0.161025, -0.65683, 0.736645
0.154241, -0.565846, 0.809956
0.0892958, -0.48065, 0.872354
-0.257282, -0.76777, 0.5868
-0.172043, -0.804816, 0.568042
-0.108621, -0.567337, 0.816291
0.0542924, -0.110869, 0.992351
0.380338, 0.468815, 0.797218
0.468507, 0.625481, 0.623919
0.714607, 0.583528, 0.385787
0.736875, 0.618324, 0.273295
0.766062, 0.54305, 0.343868
-0.366154, 0.137514, 0.920337
-0.248083, 0.279404, 0.927571
-0.219613, 0.34479, 0.912628
-0.214035, 0.360318, 0.907943
-0.216143, 0.294332, 0.930941
0.0506762, 0.0842846, 0.995152
0.578214, -0.225483, 0.784108
0.729478, -0.494769, 0.472299
0.624957, -0.533305, 0.570101
0.634568, -0.600697, 0.486298
-0.778414, 0.157804, 0.607593
-0.755971, 0.178967, 0.629666
-0.784857, 0.156338, 0.599631
-0.724929, 0.206098, 0.657268
-0.333625, 0.387084, 0.85957
-0.0335214, 0.505803, 0.861997
0.0223254, 0.539852, 0.841464
0.0143689, 0.54228, 0.840075
-0.029634, 0.557246, 0.829819
-0.0617616, 0.556697, 0.828416
-0.0691385, 0.541254, 0.838012
0.0673098, 0.58173, 0.810592
0.29266, 0.644322, 0.70654
0.470204, 0.661222, 0.584545
0.661842, 0.59641, 0.454158
0.756833, 0.568542, 0.322435
0.691693, 0.674701, 0.257564
0.530229, 0.822526, 0.205689
0.407731, 0.888873, 0.20895
0.289036, 0.932132, 0.218146
0.0861306, 0.980646, 0.175829
0.0995125, 0.983589, 0.150501
0.172718, 0.974776, 0.141349
0.203574, 0.969384, 0.137305
-0.118219, 0.981573, 0.150132
-0.122267, 0.979932, 0.157427
-0.120015, 0.97773, 0.172166
-0.106621, 0.976337, 0.188146
-0.0846288, 0.975172, 0.204638
-0.0679202, 0.972539, 0.222609
-0.0623205, 0.96796, 0.243246
-0.0550588, 0.973033, 0.223997
-0.0457428, 0.977177, 0.207441
-0.0308792, 0.982298, 0.184761
-0.0254995, 0.980048, 0.197117
-0.0289633, 0.979972, 0.197019
-0.0349539, 0.981036, 0.190649
-0.0287698, 0.983762, 0.177156
-0.00731439, 0.986905, 0.161137
0.040355, 0.988694, 0.144416
0.111202, 0.984851, 0.133054
0.194364, 0.971948, 0.132437
0.265412, 0.955888, 0.125837
0.295741, 0.946917, 0.126038
-0.461499, 0.743003, 0.484732
-0.412951, 0.81617, 0.404152
-0.329545, 0.841764, 0.427591
-0.0642366, 0.829568, 0.554698
0.26036, 0.56311, 0.784296
0.535792, 0.22565, 0.813639
0.6267, -0.248254, 0.738659
0.615243, -0.457873, 0.641738
0.533899, -0.610227, 0.585299
0.43814, -0.700341, 0.563521
0.267372, -0.748717, 0.606576
0.145696, -0.741892, 0.654498
0.18307, -0.716775, 0.672844
0.199618, -0.668449, 0.71647
0.153937, -0.691062, 0.706213
0.128728, -0.607747, 0.783628
0.174248, -0.377407, 0.909506
0.285728, -0.0310074, 0.957809
0.384565, 0.34907, 0.854552
0.45684, 0.502235, 0.734205
0.45419, 0.627116, 0.6328
0.330439, 0.795863, 0.507358
0.50253, 0.785798, 0.360535
0.69653, 0.660094, 0.281284
0.660881, 0.613168, 0.432736
0.701622, 0.618163, 0.354402
-0.30767, 0.396921, 0.86475
-0.279369, 0.458921, 0.843413
-0.25803, 0.338565, 0.904873
-0.353908, 0.310458, 0.88225
-0.212621, 0.189571, 0.95857
0.0932207, -0.0702203, 0.993166
0.457, -0.399687, 0.794608
0.577496, -0.614072, 0.537971
0.687765, -0.583654, 0.431656
0.587527, -0.658641, 0.470111
-0.822515, 0.0791581, 0.563208
-0.828062, 0.0790513, 0.555035
-0.726736, 0.203741, 0.656007
-0.777251, 0.157631, 0.609125
-0.700492, 0.241137, 0.671687
-0.248781, 0.445457, 0.860044
0.0411197, 0.525713, 0.849668
0.0373094, 0.537363, 0.842525
0.0158306, 0.548694, 0.835874
-0.0354026, 0.538524, 0.841866
-0.101467, 0.509367, 0.854547
-0.0440694, 0.486104, 0.872789
0.202429, 0.581768, 0.787762
0.427167, 0.622018, 0.656218
0.555861, 0.629039, 0.543441
0.692979, 0.597251, 0.403821
0.79754, 0.543897, 0.260972
0.818085, 0.546355, 0.179532
0.70682, 0.656402, 0.263709
0.492256, 0.840004, 0.228204
0.349084, 0.912334, 0.213977
-0.371627, 0.829814, 0.416296
-0.310548, 0.834158, 0.455785
-0.419997, 0.807591, 0.414004
-0.263173, 0.874567, 0.407275
0.0406213, 0.866244, 0.497967
0.23807, 0.772465, 0.588745
0.434953, 0.546624, 0.715554
0.497362, 0.362696, 0.788088
0.500176, 0.247571, 0.829779
0.484873, 0.187269, 0.8543
0.453472, 0.329061, 0.8283
0.440332, 0.420358, 0.793352
0.425961, 0.494601, 0.75758
0.414935, 0.547017, 0.727049
0.418736, 0.619774, 0.663732
0.406287, 0.676483, 0.614249
0.331179, 0.79712, 0.504896
0.291856, 0.822401, 0.48834
0.269904, 0.853872, 0.445034
0.47229, 0.801837, 0.366059
0.636124, 0.708122, 0.306447
0.512713, 0.781494, 0.355518
0.597979, 0.715904, 0.360421
0.680958, 0.638744, 0.358195
-0.376862, 0.475709, 0.794781
-0.469775, 0.486717, 0.73649
-0.387767, 0.367598, 0.845286
-0.391723, 0.286751, 0.874258
-0.431546, 0.245335, 0.868089
-0.223482, 0.0261554, 0.974357
-0.00127854, -0.197429, 0.980316
0.226303, -0.494807, 0.839019
0.453369, -0.665181, 0.593288
0.603003, -0.706413, 0.370631
0.559945, -0.691912, 0.455763
0.696392, -0.641904, 0.320932
-0.836814, -0.0265106, 0.546845
-0.816888, 0.0792572, 0.571325
-0.723189, 0.169743, 0.669466
-0.778383, 0.106509, 0.618689
-0.658762, 0.240214, 0.712973
-0.167819, 0.469956, 0.86659
0.0614637, 0.50206, 0.862646
0.0674336, 0.507021, 0.859292
0.0272252, 0.50817, 0.860826
-0.0799611, 0.471527, 0.878219
-0.153873, 0.419936, 0.894414
0.0350459, 0.493422, 0.869084
0.354792, 0.580645, 0.732785
0.518233, 0.587078, 0.621912
0.64171, 0.585577, 0.495286
0.742234, 0.589004, 0.31963
0.824887, 0.527074, 0.204339
0.802014, 0.551454, 0.229505
0.778047, 0.586552, 0.224945
-0.342835, 0.844158, 0.412143
-0.211595, 0.877763, 0.429837
-0.190635, 0.907914, 0.373298
-0.135952, 0.903761, 0.405874
-0.0111297, 0.929036, 0.369822
0.179288, 0.91109, 0.371176
0.28249, 0.855278, 0.434395
0.324795, 0.838018, 0.438445
0.332509, 0.836896, 0.43479
0.318646, 0.842754, 0.433856
0.268089, 0.88399, 0.383001
0.266573, 0.882074, 0.388437
0.269387, 0.880372, 0.390353
0.408106, 0.837686, 0.362949
0.434601, 0.818524, 0.375685
0.394025, 0.82007, 0.415006
0.448254, 0.810856, 0.376273
0.461773, 0.802588, 0.377648
0.542318, 0.766563, 0.343906
0.576079, 0.74696, 0.331939
-0.48926, 0.403772, 0.773041
-0.530423, 0.378968, 0.758311
-0.478938, 0.272957, 0.834334
-0.500662, 0.185127, 0.845616
-0.466867, 0.133064, 0.874259
-0.257398, -0.0918686, 0.961929
-0.164627, -0.25178, 0.95368
-0.0799858, -0.50383, 0.860092
0.166957, -0.664742, 0.728178
0.47501, -0.750412, 0.459617
0.86205, -0.482033, 0.156567
0.430563, -0.729541, 0.531399
-0.726427, -0.293063, 0.621626
-0.915914, 0.030612, 0.400204
-0.72458, 0.0354905, 0.688276
-0.762215, -0.00895992, 0.647262
-0.567543, 0.273339, 0.776647
-0.0737258, 0.484227, 0.871831
0.064582, 0.488135, 0.870375
0.0523163, 0.479982, 0.875717
-0.0243537, 0.439, 0.898157
-0.151811, 0.380198, 0.912361
-0.0864984, 0.402808, 0.911188
0.220271, 0.558495, 0.799728
0.431152, 0.605576, 0.66887
0.570165, 0.613582, 0.546286
0.708099, 0.613569, 0.349469
0.768724, 0.592521, 0.240795
0.797876, 0.562954, 0.215583
0.789146, 0.562859, 0.245843
-0.163376, 0.906298, 0.389784
-0.112913, 0.916337, 0.384158
0.0108292, 0.922594, 0.38562
0.151485, 0.906058, 0.395108
0.254777, 0.876214, 0.409068
0.230151, 0.892274, 0.388431
0.255601, 0.891478, 0.374078
0.294069, 0.864832, 0.406926
0.284645, 0.870245, 0.40206
0.268018, 0.882151, 0.387266
0.315469, 0.868861, 0.381524
0.371823, 0.848094, 0.377471
0.412419, 0.825777, 0.38471
0.425815, 0.816845, 0.38916
0.421378, 0.815925, 0.395864
-0.54555, 0.376909, 0.748542
-0.560499, 0.374727, 0.738526
-0.593054, 0.263771, 0.760731
-0.565356, 0.110753, 0.817378
-0.523015, -0.0186033, 0.85212
-0.46935, -0.0605206, 0.880936
-0.363895, -0.142704, 0.920443
-0.15015, -0.131765, 0.979843
0.196425, -0.140605, 0.970385
0.409323, -0.183072, 0.893834
0.504475, -0.465586, 0.727141
0.654792, -0.708466, 0.263295
0.374773, -0.879912, 0.292061
-0.638424, 0.0549245, 0.767723
-0.754264, -0.106161, 0.647932
-0.690909, -0.0215006, 0.722622
-0.285648, 0.364998, 0.886105
-0.00825462, 0.472669, 0.881201
0.0380923, 0.459026, 0.887606
-0.00231857, 0.42239, 0.906411
-0.102813, 0.345365, 0.932819
-0.130592, 0.343543, 0.930013
0.108127, 0.510214, 0.853223
0.384196, 0.615412, 0.68823
0.524445, 0.649522, 0.550526
0.639134, 0.683644, 0.352334
0.702844, 0.668692, 0.242613
0.730131, 0.645556, 0.223979
0.724255, 0.604568, 0.331592
0.763034, 0.585271, 0.274295
0.242902, 0.891971, 0.381295
0.242902, 0.891971, 0.381295
-0.637787, 0.297795, 0.710314
-0.680372, 0.247464, 0.689823
-0.699978, 0.142926, 0.699716
-0.606409, -0.00973174, 0.795094
-0.401137, -0.00845812, 0.915979
-0.24716, 0.0515594, 0.967602
-0.060816, 0.156256, 0.985843
0.172613, 0.149262, 0.973615
0.378381, 0.11055, 0.919025
0.46112, 0.0483765, 0.886018
0.718566, -0.0544779, 0.693322
0.736311, -0.536925, 0.411773
-0.0403873, -0.0632391, 0.997181
-0.746217, -0.10333, 0.657635
-0.50365, 0.180773, 0.844783
-0.0741177, 0.414399, 0.907072
0.0109141, 0.434281, 0.900711
-0.0162817, 0.399359, 0.91665
-0.105483, 0.327239, 0.939036
-0.127294, 0.314118, 0.940811
0.082733, 0.495492, 0.864664
0.34298, 0.652697, 0.675537
0.493909, 0.700745, 0.514791
0.634652, 0.699464, 0.328584
0.690046, 0.68624, 0.230024
0.688315, 0.691096, 0.220473
0.653755, 0.676737, 0.338572
0.704416, 0.643843, 0.29877
-0.694084, 0.274103, 0.665669
-0.706767, 0.300337, 0.64053
-0.725412, 0.234605, 0.647099
-0.646984, 0.233518, 0.725865
-0.41845, 0.11326, 0.90115
-0.197495, 0.161023, 0.966989
-0.038254, 0.203256, 0.978378
0.135286, 0.225046, 0.964911
0.302005, 0.181266, 0.935914
0.406942, 0.127167, 0.904559
0.512235, 0.10042, 0.852954
0.864291, -0.0571998, 0.49973
0.181504, -0.232636, 0.955477
-0.677824, 0.0207123, 0.734932
-0.261544, 0.349925, 0.899526
-0.0254441, 0.403722, 0.914528
-0.039915, 0.36544, 0.929979
-0.109998, 0.294831, 0.949197
-0.115071, 0.30732, 0.944623
0.134616, 0.522269, 0.842089
0.381949, 0.691805, 0.612798
0.476396, 0.763271, 0.436423
0.573959, 0.763629, 0.295704
0.637913, 0.734821, 0.230448
0.678211, 0.697952, 0.229983
0.657144, 0.651144, 0.3797
0.668101, 0.674705, 0.313711
-0.727143, 0.150762, 0.669726
-0.745759, 0.203206, 0.634469
-0.690777, 0.351199, 0.632049
-0.550214, 0.106407, 0.828216
-0.166683, 0.166172, 0.971907
0.00804414, 0.213069, 0.977004
0.135596, 0.256398, 0.957013
0.252905, 0.256406, 0.932896
0.368001, 0.236649, 0.899207
0.544322, 0.226258, 0.807788
0.759782, 0.27336, 0.58992
0.116001, -0.250176, 0.961226
-0.476264, 0.195791, 0.857227
-0.1208, 0.363532, 0.923716
-0.0934564, 0.314335, 0.944701
-0.139939, 0.250918, 0.95784
-0.0926865, 0.30367, 0.948258
0.214403, 0.559518, 0.800607
0.45198, 0.723912, 0.521216
0.540705, 0.765785, 0.348153
0.60864, 0.747213, 0.266889
0.59687, 0.763156, 0.247666
0.608006, 0.742324, 0.281573
0.503254, 0.740748, 0.445003
0.617682, 0.702085, 0.354323
-0.744623, 0.0334545, 0.666647
-0.684609, -0.144644, 0.714415
-0.736525, -0.0183924, 0.67616
-0.687196, 0.13255, 0.714277
-0.113904, 0.220526, 0.968708
0.0692318, 0.276976, 0.958379
0.188639, 0.314385, 0.930364
0.273427, 0.332616, 0.902554
0.378972, 0.335982, 0.862262
0.597547, 0.368313, 0.712238
0.578065, 0.300623, 0.758595
0.0341002, -0.131091, 0.990784
-0.220996, 0.217323, 0.950753
-0.177981, 0.241362, 0.953974
-0.184936, 0.217825, 0.958306
-0.0554076, 0.349602, 0.935259
0.309351, 0.627488, 0.714536
0.519262, 0.747804, 0.41371
0.597327, 0.749379, 0.285714
0.588267, 0.761841, 0.271183
0.563378, 0.774622, 0.287345
0.598073, 0.721226, 0.349486
0.578787, 0.744741, 0.332215
0.558266, 0.745054, 0.365011
-0.73566, -0.0523388, 0.675326
-0.777403, 0.0406284, 0.62769
-0.499554, -0.151122, 0.852999
-0.341969, 0.2858, 0.895196
-0.0948995, 0.349144, 0.932251
0.122101, 0.388743, 0.91322
0.208088, 0.398293, 0.893343
0.282143, 0.41249, 0.866168
0.44536, 0.441843, 0.778736
0.5077, 0.400531, 0.762768
0.260652, 0.135288, 0.955907
-0.0178159, 0.00231222, 0.999839
-0.0847868, 0.108518, 0.990472
-0.128606, 0.216345, 0.96781
0.0455778, 0.458256, 0.887651
0.400252, 0.709099, 0.580497
0.568417, 0.757018, 0.32222
0.606059, 0.753415, 0.255065
0.552429, 0.784824, 0.280844
0.567848, 0.754204, 0.329736
0.563764, 0.699776, 0.43873
0.576548, 0.733754, 0.359441
-0.691698, 0.293224, 0.65998
-0.54542, 0.607499, 0.577461
-0.309765, 0.499306, 0.80916
-0.0263438, 0.487156, 0.872917
0.116848, 0.488608, 0.864644
0.212624, 0.506721, 0.835479
0.346235, 0.497313, 0.795488
0.38393, 0.438269, 0.812723
0.221378, 0.274734, 0.935689
0.0526363, 0.155507, 0.986431
0.00385688, 0.215861, 0.976417
0.056135, 0.402145, 0.913854
0.253406, 0.672489, 0.695373
0.466228, 0.783387, 0.411019
0.580346, 0.772309, 0.258335
0.566538, 0.789517, 0.236004
0.536222, 0.793501, 0.287787
0.543348, 0.743787, 0.3893
0.558127, 0.747361, 0.360479
0.56686, 0.728344, 0.384949
-0.646352, 0.534253, 0.544796
-0.723468, 0.582227, 0.370954
-0.527512, 0.706856, 0.47126
-0.189476, 0.596869, 0.779645
0.138718, 0.458644, 0.877726
0.233499, 0.456035, 0.858784
0.181221, 0.474895, 0.861182
0.118976, 0.450327, 0.884901
0.128625, 0.511027, 0.849886
0.145859, 0.663098, 0.734184
0.22154, 0.802912, 0.5534
0.385783, 0.842249, 0.376547
0.479547, 0.839973, 0.25393
0.507639, 0.833252, 0.219075
0.528725, 0.813838, 0.241078
0.560618, 0.753271, 0.343933
0.552777, 0.771549, 0.314881
0.540652, 0.769879, 0.339088
-0.693536, 0.493627, 0.524728
-0.641139, 0.389037, 0.661506
-0.830558, 0.185407, 0.525165
-0.771589, -0.0433409, 0.634644
-0.215221, 0.235292, 0.947796
0.189084, 0.751675, 0.631848
0.223716, 0.841585, 0.491615
0.249697, 0.881196, 0.401429
0.305613, 0.893313, 0.329534
0.375739, 0.888385, 0.263805
0.416068, 0.879205, 0.232135
0.448538, 0.863497, 0.230624
0.438519, 0.860851, 0.25814
0.489012, 0.837671, 0.243257
0.533555, 0.801965, 0.268647
0.545713, 0.785054, 0.293065
-0.794221, 0.0464425, 0.605852
-0.741734, -0.445013, 0.501791
-0.431423, -0.191669, 0.881554
-0.359953, 0.220209, 0.90661
0.0713292, 0.660133, 0.747754
0.22223, 0.83004, 0.511515
0.260465, 0.874682, 0.408765
0.31126, 0.890236, 0.332562
0.366497, 0.888641, 0.275677
0.413702, 0.877567, 0.242337
0.434464, 0.868029, 0.240349
0.443576, 0.862267, 0.244408
-0.741734, -0.445013, 0.501791
-0.610283, -0.331205, 0.719624
-0.610283, -0.331205, 0.719624
