-0.314885, 0.00645912, 0.0833874
-0.304458, 0.00644351, 0.0952697
-0.294783, 0.00644329, 0.0954356
-0.285382, 0.00644926, 0.0908923
-0.276094, 0.00645829, 0.0840211
-0.324103, 0.0193494, 0.0905142
-0.313942, 0.0193195, 0.0981064
-0.304264, 0.0193183, 0.0984025
-0.294769, 0.0193291, 0.0956683
-0.285389, 0.0193483, 0.0907841
-0.276055, 0.0193723, 0.0847096
0.06478, 0.0199323, -0.0573754
0.0746634, 0.0199102, -0.0517712
-0.324919, 0.0323302, 0.0781593
-0.314542, 0.0322607, 0.0887356
-0.304522, 0.0322245, 0.0942483
-0.294868, 0.032226, 0.0940161
-0.285459, 0.0322553, 0.0895662
-0.276366, 0.0323235, 0.0791755
0.0448866, 0.0332493, -0.0617614
0.0548171, 0.0332225, -0.0576763
0.0646656, 0.0331618, -0.0484414
0.0745409, 0.0331292, -0.0434823
0.512361, 0.0325309, 0.0476098
0.5202, 0.0324112, 0.0658283
0.529188, 0.0323662, 0.0726714
-0.315189, 0.0452579, 0.07864
-0.304996, 0.0451846, 0.0866046
-0.295127, 0.045156, 0.089716
-0.285554, 0.0451724, 0.0879326
-0.276098, 0.045209, 0.0839572
-0.266712, 0.0452602, 0.0783844
-0.257286, 0.0453082, 0.0731707
-0.247632, 0.0453182, 0.0720806
0.0349238, 0.0465651, -0.0635052
0.0448329, 0.0464933, -0.0557075
0.0547258, 0.046434, -0.0492549
0.0646292, 0.0464004, -0.0455999
0.0745385, 0.0463795, -0.0433264
0.0848319, 0.0465744, -0.0645156
0.500817, 0.0453815, 0.0651956
0.510022, 0.0453353, 0.0702224
0.51892, 0.045264, 0.0779734
0.52829, 0.0452358, 0.0810347
0.537975, 0.0452351, 0.0811181
-0.305728, 0.0582339, 0.0748134
-0.295621, 0.0581549, 0.0814943
-0.28592, 0.0581533, 0.0816374
-0.276043, 0.0581143, 0.0849338
-0.266372, 0.0581175, 0.0846581
-0.256827, 0.0581495, 0.081955
-0.247284, 0.0581844, 0.0789995
-0.237835, 0.0582453, 0.0738544
-0.228343, 0.0583003, 0.0691986
0.0249639, 0.0599135, -0.0672388
0.0348953, 0.0598204, -0.0593638
0.0448189, 0.0597585, -0.0541277
0.0547328, 0.0597085, -0.0498981
0.0646572, 0.0596835, -0.0477858
0.0745774, 0.0596619, -0.0459561
0.0846502, 0.0597531, -0.053668
0.463842, 0.0598505, -0.0619102
0.491234, 0.0583644, 0.0637808
0.499752, 0.0582235, 0.0756941
0.508961, 0.0581669, 0.0804825
0.51843, 0.0581416, 0.0826197
0.528105, 0.0581399, 0.0827641
0.537941, 0.0581557, 0.0814285
-0.276438, 0.0711303, 0.0778947
-0.266504, 0.0710677, 0.0822258
-0.256613, 0.0710123, 0.086061
-0.247045, 0.0710457, 0.083746
-0.23759, 0.0711154, 0.0789256
-0.228289, 0.071239, 0.0703702
0.00499142, 0.0732073, -0.0658283
0.0149685, 0.0731791, -0.063879
0.0249236, 0.0731093, -0.0590482
0.0348806, 0.0730831, -0.0572371
0.0448494, 0.0730877, -0.0575581
0.054811, 0.0730813, -0.0571151
0.0646985, 0.0729932, -0.0510135
0.0746447, 0.0729859, -0.0505114
0.084601, 0.0729891, -0.0507345
0.434409, 0.0732337, -0.0676579
0.443919, 0.0731552, -0.0622234
0.453302, 0.0730597, -0.0556202
0.462869, 0.0729972, -0.0512919
0.47275, 0.072986, -0.0505195
0.482641, 0.0729766, -0.0498657
0.489962, 0.0725869, -0.0228982
0.490329, 0.0712028, 0.0728745
0.499401, 0.0711122, 0.0791497
0.508748, 0.0710633, 0.0825324
0.518422, 0.071061, 0.0826926
0.528229, 0.0710766, 0.0816073
0.538157, 0.0711078, 0.0794492
-0.266864, 0.0841025, 0.0755892
-0.25672, 0.0839587, 0.0840092
-0.246944, 0.0839286, 0.0857716
-0.237452, 0.0839965, 0.0817924
-0.228148, 0.0841398, 0.0734029
-0.00499237, 0.0865341, -0.0667892
0.00498492, 0.086405, -0.0592299
0.0149479, 0.0863653, -0.0569053
0.0249174, 0.0863805, -0.0577965
0.034902, 0.0864239, -0.0603356
0.0449188, 0.0865101, -0.0653858
0.404476, 0.0865546, -0.0679884
0.414115, 0.0864818, -0.0637288
0.424322, 0.0865285, -0.0664616
0.433741, 0.0864159, -0.0598664
0.443298, 0.0863352, -0.0551414
0.452819, 0.0862512, -0.0502238
0.46236, 0.0861746, -0.0457373
0.472094, 0.0861365, -0.0435061
0.479307, 0.0856493, -0.0149817
0.480705, 0.0841638, 0.0719953
0.489818, 0.0840612, 0.0780067
0.499389, 0.0840396, 0.0792718
0.509259, 0.0840682, 0.0775971
0.518904, 0.0840593, 0.0781164
0.528731, 0.0840796, 0.07693
0.538828, 0.0841414, 0.0733123
-0.25711, 0.0970225, 0.0765433
-0.247062, 0.096887, 0.0834217
-0.237337, 0.0968724, 0.0841613
-0.227994, 0.0970188, 0.0767312
-0.218492, 0.0971076, 0.0722275
-0.00498902, 0.09978, -0.0633845
0.004983, 0.0996596, -0.0572758
0.0149487, 0.0996575, -0.0571709
0.0249235, 0.0996942, -0.0590315
0.0349178, 0.0997652, -0.0626335
0.394032, 0.099755, -0.0621171
0.403714, 0.0996825, -0.0584416
0.413624, 0.0996684, -0.0577264
0.423644, 0.0996808, -0.0583549
0.433585, 0.0996748, -0.0580463
0.443464, 0.0996548, -0.0570354
0.452929, 0.0995449, -0.051456
0.462187, 0.099395, -0.0438509
0.463797, 0.0976416, 0.0451298
0.470325, 0.0969743, 0.0789881
0.479867, 0.0969429, 0.0805821
0.489702, 0.0969707, 0.079175
0.499865, 0.0970613, 0.0745764
0.510164, 0.0971742, 0.0688486
0.520042, 0.0972041, 0.0673299
0.529431, 0.0971434, 0.0704103
-0.247232, 0.109881, 0.0800261
-0.237332, 0.109786, 0.0842729
-0.2278, 0.109861, 0.0809202
-0.218429, 0.110023, 0.0736475
-0.0149782, 0.113168, -0.0671492
-0.00498616, 0.113019, -0.0604901
0.00498435, 0.112978, -0.0586534
0.0149596, 0.113027, -0.060853
0.0249401, 0.113062, -0.0623965
0.384898, 0.113303, -0.0732088
0.393815, 0.112993, -0.0593257
0.403492, 0.112911, -0.055655
0.413364, 0.112886, -0.0545464
0.423695, 0.112985, -0.0589666
0.433865, 0.113038, -0.0613108
0.444, 0.113079, -0.0631471
0.453747, 0.113021, -0.0605769
0.454169, 0.110693, 0.0436511
0.460173, 0.109796, 0.0838461
0.469663, 0.109749, 0.0859179
0.479522, 0.109789, 0.084125
0.489919, 0.109949, 0.0769939
0.500256, 0.110089, 0.0707321
-0.247439, 0.122911, 0.0759149
-0.237439, 0.122757, 0.0820589
-0.227672, 0.122717, 0.0836782
-0.218283, 0.122885, 0.076931
-0.208815, 0.123023, 0.0714216
-0.024969, 0.12651, -0.0682602
-0.0149671, 0.126388, -0.0633955
-0.00498573, 0.126305, -0.0600538
0.00498792, 0.12636, -0.0622683
0.0149667, 0.126385, -0.0632639
0.38456, 0.126522, -0.0687485
0.393865, 0.126302, -0.0599651
0.403462, 0.126186, -0.0552855
0.413284, 0.126143, -0.0535693
0.423515, 0.126224, -0.0568218
0.433948, 0.12636, -0.062273
0.450949, 0.122839, 0.0787892
0.459984, 0.122662, 0.0858707
0.469581, 0.12264, 0.0867801
0.479536, 0.122709, 0.0839801
0.490032, 0.122912, 0.0758567
-0.237602, 0.135772, 0.0786824
-0.227667, 0.135631, 0.0838022
-0.218076, 0.135692, 0.0816121
-0.208678, 0.135883, 0.0746684
-0.199157, 0.136009, 0.0700951
-0.0349763, 0.139905, -0.0711198
-0.0249552, 0.139749, -0.0654659
-0.0149599, 0.139626, -0.0609822
-0.00498819, 0.139669, -0.0625486
0.00499009, 0.139722, -0.0644755
0.394187, 0.139712, -0.0641007
0.403536, 0.139494, -0.0562072
0.41332, 0.139433, -0.0540133
0.423544, 0.13952, -0.0571651
0.433873, 0.139637, -0.0614038
0.441906, 0.135971, 0.0714793
0.450751, 0.13571, 0.0809455
0.459962, 0.135568, 0.0861039
0.469653, 0.13557, 0.0860267
0.479807, 0.135703, 0.0812035
0.490342, 0.135936, 0.0727444
-0.237721, 0.148778, 0.07622
-0.227775, 0.148619, 0.0814681
-0.217954, 0.148531, 0.084363
-0.20846, 0.148669, 0.0798173
-0.198986, 0.148835, 0.0743241
-0.044965, 0.153214, -0.0705962
-0.0349442, 0.153089, -0.0664597
-0.0249346, 0.152933, -0.0612912
-0.0149636, 0.152961, -0.062232
-0.00498984, 0.153021, -0.064219
0.00499118, 0.153062, -0.0655856
0.394303, 0.153063, -0.0655951
0.403623, 0.152812, -0.0573006
0.413417, 0.152748, -0.0551891
0.423668, 0.152853, -0.0586514
0.433874, 0.152936, -0.0614161
0.441556, 0.148803, 0.0753846
0.450699, 0.148618, 0.081512
0.460145, 0.148538, 0.0841527
0.47001, 0.148594, 0.0822864
0.480336, 0.148791, 0.0757756
-0.227933, 0.161655, 0.0780435
-0.217975, 0.161463, 0.0838814
-0.208236, 0.161423, 0.0850973
-0.198745, 0.161582, 0.080276
-0.189349, 0.161836, 0.0725183
-0.0549249, 0.166439, -0.0676298
-0.0449176, 0.166361, -0.0652523
-0.0349044, 0.166211, -0.0606904
-0.0249338, 0.166225, -0.06112
-0.0149689, 0.16632, -0.0640044
-0.00498953, 0.166317, -0.0639067
0.394231, 0.166342, -0.0646772
0.403684, 0.166125, -0.058063
0.413487, 0.166059, -0.0560555
0.423752, 0.166177, -0.0596499
0.433866, 0.166232, -0.0613241
0.441613, 0.161763, 0.0747514
0.450781, 0.16157, 0.0806146
0.460427, 0.161553, 0.0811377
0.470745, 0.161768, 0.0745983
0.480849, 0.161902, 0.0705223
-0.227931, 0.174585, 0.0780969
-0.218009, 0.174407, 0.0831294
-0.208117, 0.174238, 0.0878954
-0.19844, 0.17424, 0.0878458
-0.189002, 0.174464, 0.0815263
-0.179612, 0.174758, 0.0732346
-0.0648622, 0.179618, -0.0637903
-0.0548631, 0.179552, -0.0619221
-0.0448591, 0.179436, -0.0586553
-0.034889, 0.179429, -0.0584559
-0.0249417, 0.17958, -0.0627227
-0.0149692, 0.179629, -0.0641031
0.39431, 0.179686, -0.0656905
0.403687, 0.179416, -0.0581002
0.413494, 0.179347, -0.0561333
0.423772, 0.17948, -0.0598865
0.433817, 0.17951, -0.0607491
0.432118, 0.174789, 0.0723481
0.441323, 0.174589, 0.0779839
0.450785, 0.174497, 0.080574
0.460827, 0.174629, 0.076858
0.471187, 0.174874, 0.069972
-0.228026, 0.187596, 0.0760455
-0.218073, 0.187381, 0.0816841
-0.208107, 0.187135, 0.0881343
-0.198334, 0.187046, 0.0904713
-0.188789, 0.187176, 0.0870676
-0.179483, 0.187568, 0.0767846
-0.0748917, 0.193054, -0.0672207
-0.0648204, 0.192799, -0.0605292
-0.0547871, 0.192585, -0.0549111
-0.0448129, 0.192529, -0.0534477
-0.0348788, 0.192664, -0.0569735
-0.0249408, 0.192876, -0.0625391
0.394336, 0.193008, -0.0660214
0.403652, 0.19269, -0.0576601
0.413449, 0.192611, -0.0555849
0.423741, 0.19276, -0.059514
0.433754, 0.192779, -0.0600104
0.431835, 0.187614, 0.0755734
0.44113, 0.18744, 0.0801344
0.450795, 0.187427, 0.0804625
0.461256, 0.187739, 0.0722828
0.471375, 0.187902, 0.068006
-0.218215, 0.200435, 0.0784712
-0.208216, 0.200146, 0.0855565
-0.198338, 0.199951, 0.0903563
-0.188733, 0.200024, 0.0885429
-0.179375, 0.200383, 0.0797415
-0.170035, 0.200803, 0.0694313
-0.0748232, 0.206179, -0.0625839
-0.0647626, 0.205912, -0.0560164
-0.0547549, 0.205746, -0.0519376
-0.0447973, 0.205735, -0.0516844
-0.0348692, 0.205894, -0.0555835
-0.0249376, 0.206151, -0.0618877
0.394293, 0.206297, -0.0654707
0.403603, 0.205954, -0.0570459
0.413403, 0.205871, -0.0550275
0.423708, 0.206038, -0.0591259
0.429883, 0.204236, -0.0148568
0.431544, 0.200417, 0.0788922
0.441003, 0.200309, 0.0815525
0.451095, 0.200487, 0.0771909
0.461469, 0.20078, 0.0699997
-0.218275, 0.213424, 0.077126
-0.208376, 0.213222, 0.0817876
-0.198459, 0.21298, 0.0873752
-0.188745, 0.212943, 0.0882206
-0.179207, 0.213111, 0.0843573
-0.169847, 0.213522, 0.0748711
-0.0848777, 0.219683, -0.0672503
-0.074796, 0.219402, -0.0607471
-0.06474, 0.21912, -0.0542531
-0.0547578, 0.219031, -0.0522127
-0.0448149, 0.219095, -0.0536695
-0.0348733, 0.219204, -0.05618
0.394171, 0.219538, -0.0639
0.403535, 0.219204, -0.0561986
0.413354, 0.219127, -0.0544267
0.423676, 0.219314, -0.0587363
0.424882, 0.214883, 0.0434794
0.43132, 0.213237, 0.0814505
0.441002, 0.213232, 0.081563
0.451496, 0.213611, 0.0728216
0.461519, 0.213756, 0.0694742
-0.208552, 0.226335, 0.0776443
-0.198558, 0.226001, 0.0849085
-0.18872, 0.225818, 0.0888824
-0.179058, 0.225839, 0.0884414
-0.169559, 0.226079, 0.0832248
-0.160188, 0.226528, 0.073441
-0.0949306, 0.233163, -0.0708447
-0.0848291, 0.232864, -0.0643497
-0.0747489, 0.232552, -0.05756
-0.0647378, 0.232392, -0.0540781
-0.0547801, 0.232401, -0.0542655
-0.0448394, 0.2325, -0.0564365
-0.0349059, 0.232706, -0.0609026
0.394028, 0.232759, -0.0620656
0.403458, 0.232445, -0.055234
0.4133, 0.232378, -0.0537643
0.41804, 0.229512, 0.00855303
0.421692, 0.226195, 0.0806918
0.431189, 0.226091, 0.0829477
0.441295, 0.226305, 0.0782938
0.45172, 0.226669, 0.0703773
-0.208457, 0.23916, 0.0798783
-0.198559, 0.238917, 0.084888
-0.188719, 0.238721, 0.0889068
-0.178984, 0.238645, 0.0904794
-0.169377, 0.238741, 0.0884929
-0.159947, 0.239112, 0.080864
-0.150534, 0.23956, 0.0716548
-0.104936, 0.246516, -0.0714474
-0.094826, 0.246215, -0.0652575
-0.0847361, 0.245901, -0.0587983
-0.0747011, 0.245684, -0.0543265
-0.0647233, 0.245617, -0.0529523
-0.0547859, 0.245707, -0.0548
-0.0448669, 0.245937, -0.0595341
0.393863, 0.245957, -0.0599427
0.403326, 0.245647, -0.0535803
0.410608, 0.244056, -0.0208449
0.412046, 0.239148, 0.0801258
0.421353, 0.238928, 0.0846491
0.431124, 0.238975, 0.0836868
0.441608, 0.239406, 0.0748105
0.451674, 0.239598, 0.0708718
-0.208517, 0.25216, 0.0784602
-0.198473, 0.251722, 0.0870166
-0.1887, 0.2516, 0.0894008
-0.178907, 0.251436, 0.0925879
-0.169256, 0.251466, 0.0920019
-0.159726, 0.25169, 0.0876408
-0.150364, 0.252223, 0.0772376
-0.114934, 0.259851, -0.0716467
-0.104795, 0.259492, -0.0646338
-0.0946822, 0.25913, -0.0575762
-0.0846509, 0.258932, -0.0537157
-0.074667, 0.258846, -0.0520196
-0.0647239, 0.258896, -0.0529976
-0.0547984, 0.259047, -0.0559516
-0.0448888, 0.259357, -0.0620012
0.393783, 0.259199, -0.0589218
0.400491, 0.257105, -0.018055
0.402295, 0.25204, 0.0808086
0.411441, 0.251705, 0.0873504
0.420938, 0.251595, 0.0894856
0.431085, 0.25187, 0.084126
0.441696, 0.252398, 0.0738306
0.451871, 0.252659, 0.0687218
-0.2086, 0.265197, 0.0765076
-0.1984, 0.264533, 0.088829
-0.188595, 0.264355, 0.0921316
-0.178853, 0.264251, 0.0940638
-0.169165, 0.26422, 0.0946379
-0.159579, 0.264353, 0.0921774
-0.150104, 0.264699, 0.0857501
-0.14071, 0.265247, 0.0755692
-0.124964, 0.273255, -0.0730896
-0.114792, 0.272839, -0.0653811
-0.104623, 0.272352, -0.0563378
-0.0945845, 0.272138, -0.0523591
-0.0845991, 0.272044, -0.0506182
-0.0746521, 0.272065, -0.051012
-0.0647335, 0.272213, -0.0537453
-0.0548382, 0.272529, -0.0596237
0.383674, 0.272392, -0.0570731
0.388226, 0.268646, 0.0124774
0.392375, 0.264813, 0.083632
0.401626, 0.264525, 0.0889859
0.411087, 0.264385, 0.0915723
0.420922, 0.264488, 0.0896726
0.431285, 0.264909, 0.0818462
0.441721, 0.265356, 0.0735412
-0.198411, 0.277452, 0.0885601
-0.188472, 0.277069, 0.0953412
-0.178798, 0.277056, 0.0955796
-0.16908, 0.276969, 0.0971141
-0.159467, 0.277054, 0.095612
-0.149939, 0.277307, 0.0911326
-0.140498, 0.277766, 0.0830135
-0.131028, 0.278232, 0.0747523
-0.124823, 0.286262, -0.0673838
-0.114587, 0.285637, -0.0563326
-0.104521, 0.285358, -0.051384
-0.0945208, 0.285221, -0.048954
-0.0845669, 0.285206, -0.0486989
-0.0746436, 0.285304, -0.0504375
-0.0647323, 0.285486, -0.0536537
-0.0548449, 0.285858, -0.0602455
0.353954, 0.285822, -0.0596027
0.363663, 0.285617, -0.0559683
0.368476, 0.28168, 0.0137272
0.373, 0.277732, 0.0836148
0.382365, 0.277497, 0.0877676
0.391885, 0.277383, 0.0897818
0.401492, 0.277336, 0.0906162
0.411309, 0.277432, 0.0889263
0.421379, 0.27769, 0.0843482
0.431719, 0.278111, 0.0769043
0.441849, 0.278381, 0.0721178
-0.198501, 0.290489, 0.0863328
-0.188416, 0.289871, 0.096776
-0.178695, 0.289775, 0.0983987
-0.169042, 0.289786, 0.0982146
-0.159367, 0.289758, 0.0986981
-0.149793, 0.289922, 0.0959229
-0.140301, 0.290278, 0.0898962
-0.130916, 0.290925, 0.078948
-0.123808, 0.297139, -0.0261626
-0.11447, 0.298618, -0.0511684
-0.104449, 0.298425, -0.047905
-0.0944725, 0.298334, -0.0463762
-0.0845369, 0.298366, -0.0469089
-0.0746268, 0.298507, -0.0493007
-0.0647543, 0.298866, -0.055367
-0.0549212, 0.29957, -0.0672855
0.314619, 0.299637, -0.0684123
0.324058, 0.29913, -0.0598369
0.333966, 0.299073, -0.0588799
0.341262, 0.296749, -0.0195665
0.34622, 0.29258, 0.0509586
0.353172, 0.290278, 0.089891
0.362573, 0.290058, 0.0936122
0.372106, 0.289953, 0.0953946
0.381774, 0.289954, 0.0953689
0.391635, 0.2901, 0.092906
0.401682, 0.290372, 0.0883026
0.411907, 0.290758, 0.081778
0.421971, 0.291015, 0.0774364
0.43199, 0.291229, 0.0738053
0.442017, 0.29144, 0.07024
-0.198553, 0.303479, 0.0850382
-0.188433, 0.302782, 0.0963316
-0.178634, 0.302551, 0.10007
-0.168984, 0.302563, 0.0998845
-0.159315, 0.302537, 0.100298
-0.14968, 0.30258, 0.0996037
-0.140131, 0.302813, 0.0958357
-0.130689, 0.303327, 0.0875101
-0.121297, 0.304051, 0.0757761
-0.112502, 0.306527, 0.0356717
-0.104363, 0.311431, -0.0437441
-0.0944172, 0.311411, -0.0434203
-0.0845017, 0.311496, -0.0448036
-0.0746111, 0.311708, -0.0482354
-0.0647697, 0.312223, -0.0565758
0.2846, 0.312894, -0.0674334
0.294093, 0.31237, -0.0589509
0.304021, 0.312327, -0.0582609
0.31364, 0.311981, -0.0526433
0.31901, 0.307558, 0.0189743
0.324194, 0.303226, 0.0891438
0.333421, 0.302817, 0.0957594
0.342827, 0.302589, 0.099462
0.35233, 0.302456, 0.101605
0.361931, 0.302414, 0.102297
0.371654, 0.302471, 0.101363
0.381507, 0.30263, 0.098794
0.391542, 0.302921, 0.0940733
0.401909, 0.303449, 0.0855279
0.412354, 0.30401, 0.0764461
0.422382, 0.304244, 0.07265
-0.198516, 0.316334, 0.0859661
-0.188488, 0.315757, 0.0949154
-0.178624, 0.315408, 0.100345
-0.168921, 0.315319, 0.101729
-0.159287, 0.315357, 0.101143
-0.149612, 0.315312, 0.10184
-0.140025, 0.315459, 0.0995493
-0.130519, 0.315824, 0.0938745
-0.121093, 0.316455, 0.0840783
-0.111648, 0.317146, 0.0733395
-0.102216, 0.318006, 0.059988
-0.0935375, 0.321638, 0.00357056
-0.0844784, 0.324662, -0.0434146
-0.0746392, 0.325095, -0.0501366
-0.0648087, 0.325705, -0.0596132
-0.0246422, 0.321992, -0.00193167
-0.014758, 0.321396, 0.00733089
-0.00491551, 0.321145, 0.0112185
0.00491691, 0.321237, 0.00979662
0.0147689, 0.321632, 0.00365353
0.0246476, 0.322063, -0.00303411
0.264568, 0.326133, -0.0662694
0.274254, 0.325781, -0.060792
0.283739, 0.325221, -0.0520978
0.291473, 0.322761, -0.013875
0.29707, 0.318173, 0.0573835
0.304415, 0.31569, 0.0959702
0.313838, 0.315448, 0.0997295
0.323267, 0.315225, 0.103182
0.332739, 0.315057, 0.1058
0.3423, 0.31498, 0.106991
0.351974, 0.315009, 0.106542
0.361739, 0.315115, 0.104902
0.371551, 0.315255, 0.102722
0.381488, 0.315492, 0.0990362
0.391702, 0.315941, 0.0920668
0.402279, 0.316653, 0.0810027
0.412587, 0.317126, 0.0736585
-0.198596, 0.329378, 0.0839777
-0.188562, 0.328774, 0.0929928
-0.178661, 0.32835, 0.0993257
-0.168909, 0.328166, 0.102074
-0.159227, 0.328104, 0.103004
-0.149571, 0.328091, 0.103198
-0.139941, 0.328138, 0.10249
-0.130384, 0.328373, 0.098978
-0.120878, 0.328789, 0.0927773
-0.111413, 0.329395, 0.0837245
-0.101966, 0.330176, 0.0720763
-0.092487, 0.331006, 0.0596848
-0.0828601, 0.331441, 0.0531983
-0.0731834, 0.331765, 0.0483618
-0.0634816, 0.332058, 0.0439897
-0.0537397, 0.332209, 0.0417223
-0.043975, 0.332255, 0.0410376
-0.0342037, 0.332265, 0.0408959
-0.0244317, 0.332272, 0.0407915
-0.0146594, 0.332278, 0.0407009
-0.0048872, 0.332329, 0.0399451
0.00488796, 0.33238, 0.039175
0.014667, 0.332452, 0.0381069
0.0244496, 0.332514, 0.0371723
0.0342573, 0.332785, 0.0331359
0.0440878, 0.333108, 0.0283165
0.0539374, 0.333431, 0.0234866
0.0637816, 0.333627, 0.0205717
0.0735989, 0.333648, 0.0202475
0.0835951, 0.334381, 0.0093174
0.254532, 0.339377, -0.0652466
0.263849, 0.338524, -0.0525174
0.273291, 0.337887, -0.0430155
0.277483, 0.331033, 0.0592837
0.284939, 0.328405, 0.0985107
0.294342, 0.328119, 0.102776
0.303804, 0.327916, 0.10581
0.313307, 0.327768, 0.108018
0.322858, 0.327677, 0.109369
0.332482, 0.327663, 0.109579
0.342191, 0.327732, 0.108547
0.351978, 0.327869, 0.106498
0.361828, 0.328057, 0.103692
0.371751, 0.3283, 0.100074
0.381978, 0.328792, 0.0927358
0.392545, 0.329544, 0.081512
-0.198992, 0.342978, 0.0741644
-0.188633, 0.341797, 0.0911388
-0.178727, 0.341353, 0.0975113
-0.168936, 0.34109, 0.101281
-0.159211, 0.340936, 0.103499
-0.149534, 0.340873, 0.104396
-0.139892, 0.340887, 0.104202
-0.130285, 0.340993, 0.102683
-0.120711, 0.341209, 0.0995722
-0.111195, 0.341642, 0.0933537
-0.101704, 0.342242, 0.0847402
-0.0922001, 0.34292, 0.0750074
-0.0825728, 0.343244, 0.0703526
-0.0728849, 0.343369, 0.0685616
-0.0631874, 0.34348, 0.0669551
-0.0534811, 0.343576, 0.065589
-0.0437707, 0.343681, 0.064074
-0.0340554, 0.343797, 0.0624089
-0.0243337, 0.343916, 0.0606933
-0.0146025, 0.343969, 0.0599318
-0.00486757, 0.343974, 0.0598679
0.00486775, 0.343986, 0.059691
0.0146042, 0.344008, 0.0593758
0.0243431, 0.34405, 0.0587807
0.0340882, 0.344129, 0.0576439
0.0438407, 0.34423, 0.056191
0.0536052, 0.344373, 0.0541344
0.0633896, 0.344579, 0.0511746
0.0732178, 0.344937, 0.0460339
0.0830839, 0.345369, 0.0398378
0.0930374, 0.346034, 0.0302835
0.103021, 0.346672, 0.0211105
0.112954, 0.347047, 0.0157342
0.24421, 0.352194, -0.0581865
0.253861, 0.351755, -0.0518904
0.263198, 0.350931, -0.0400462
0.267579, 0.343798, 0.0623918
0.27508, 0.341035, 0.102076
0.284471, 0.340723, 0.106562
0.293924, 0.340502, 0.109726
0.303455, 0.340383, 0.111443
0.313051, 0.340343, 0.112015
0.322741, 0.340404, 0.111142
0.33249, 0.340521, 0.10946
0.342354, 0.340747, 0.106215
0.352268, 0.341008, 0.102459
0.362301, 0.341368, 0.0972915
0.37242, 0.341788, 0.0912652
0.382599, 0.34224, 0.0847626
-0.20926, 0.356877, 0.0609365
-0.198848, 0.355663, 0.0777421
-0.188645, 0.354716, 0.090837
-0.178729, 0.354237, 0.0974646
-0.168907, 0.3539, 0.102131
-0.159149, 0.353665, 0.105388
-0.149448, 0.353533, 0.107214
-0.139792, 0.353498, 0.107698
-0.130175, 0.353561, 0.106831
-0.120573, 0.35368, 0.105177
-0.110986, 0.353868, 0.102579
-0.101459, 0.3543, 0.0965981
-0.0919412, 0.354861, 0.0888371
-0.0824136, 0.35551, 0.0798554
-0.0727257, 0.355547, 0.0793343
-0.0630377, 0.355597, 0.0786433
-0.0533522, 0.355682, 0.077477
-0.0436623, 0.355767, 0.0762997
-0.0339673, 0.355848, 0.075171
-0.0242673, 0.355921, 0.0741591
-0.0145611, 0.355935, 0.0739641
-0.00485361, 0.35593, 0.0740418
0.0048534, 0.355914, 0.0742569
0.0145594, 0.355894, 0.0745378
0.0242673, 0.355921, 0.0741715
0.0339789, 0.35597, 0.0734906
0.043693, 0.356017, 0.0728407
0.0534095, 0.356064, 0.0721884
0.0631468, 0.356213, 0.0701284
0.0729148, 0.356472, 0.0665369
0.082699, 0.356741, 0.0628147
0.092505, 0.357037, 0.0587234
0.102389, 0.35755, 0.0516253
0.112357, 0.358238, 0.0420947
0.122454, 0.359198, 0.0288095
0.132304, 0.359344, 0.0267954
0.142675, 0.360787, 0.0068202
0.233942, 0.365016, -0.0517097
0.243544, 0.364487, -0.0443883
0.251568, 0.361731, -0.006248
0.256412, 0.354784, 0.0899014
0.265407, 0.353877, 0.102458
0.27477, 0.353506, 0.107592
0.284212, 0.353258, 0.111019
0.293709, 0.353092, 0.113311
0.303286, 0.353031, 0.11416
0.312914, 0.353031, 0.11416
0.322635, 0.353133, 0.112749
0.332497, 0.353378, 0.109355
0.342424, 0.353678, 0.105213
0.352431, 0.35404, 0.100195
0.362487, 0.354432, 0.0947714
0.372542, 0.354802, 0.0896468
0.382775, 0.355319, 0.0824966
-0.22056, 0.372501, 0.0255914
-0.209481, 0.370245, 0.0557184
-0.198689, 0.368302, 0.0816665
-0.188595, 0.367519, 0.0921187
-0.178646, 0.366948, 0.0997415
-0.168792, 0.366519, 0.105478
-0.159052, 0.366302, 0.108366
-0.149373, 0.366206, 0.109659
-0.13972, 0.366164, 0.110216
-0.13009, 0.366179, 0.110012
-0.120481, 0.366261, 0.108916
-0.110884, 0.3664, 0.107065
-0.101297, 0.366597, 0.10443
-0.0917422, 0.366969, 0.0994697
-0.0822132, 0.367541, 0.0918207
-0.0726114, 0.367898, 0.0870652
-0.0629231, 0.367858, 0.0875959
-0.0532414, 0.36785, 0.0877013
-0.043564, 0.367873, 0.0873928
-0.033888, 0.367927, 0.0866756
-0.0242094, 0.367984, 0.0859132
-0.0145252, 0.36797, 0.086092
-0.00484131, 0.367938, 0.0865221
0.00484085, 0.367903, 0.0869861
0.0145209, 0.367861, 0.0875506
0.0242021, 0.367872, 0.0874062
0.0338852, 0.367897, 0.0870767
0.0435698, 0.367922, 0.0867362
0.0532555, 0.367948, 0.0863976
0.0629577, 0.36806, 0.0848908
0.0726803, 0.368247, 0.0824013
0.0824174, 0.368454, 0.0796294
0.0921716, 0.368686, 0.0765305
0.101987, 0.369095, 0.0710773
0.11184, 0.36956, 0.0648689
0.121723, 0.370039, 0.0584631
0.131641, 0.370545, 0.051713
0.141636, 0.371184, 0.0431757
0.151782, 0.372111, 0.0307961
0.161832, 0.372705, 0.0228677
0.171903, 0.373274, 0.0152612
0.182217, 0.374284, 0.00177526
0.223284, 0.377101, -0.0358396
0.23193, 0.375035, -0.00825548
0.239142, 0.370914, 0.0467892
0.246837, 0.367835, 0.0878963
0.255866, 0.366902, 0.100361
0.265204, 0.366463, 0.106221
0.274605, 0.36614, 0.110534
0.284085, 0.36594, 0.113212
0.293615, 0.365815, 0.114871
0.303128, 0.365679, 0.116698
0.312704, 0.365623, 0.117441
0.322456, 0.365771, 0.115458
0.332306, 0.366018, 0.112162
0.34227, 0.366373, 0.10742
0.352325, 0.366804, 0.101669
0.362441, 0.367273, 0.0954037
0.372459, 0.367621, 0.0907516
0.382981, 0.368437, 0.0798621
-0.220043, 0.384668, 0.0372367
-0.209344, 0.382985, 0.0589547
-0.198616, 0.381084, 0.0834827
-0.188494, 0.380211, 0.0947456
-0.178528, 0.379573, 0.102972
-0.168723, 0.379225, 0.10747
-0.159011, 0.379056, 0.109647
-0.149328, 0.37894, 0.111137
-0.139681, 0.378906, 0.111585
-0.130048, 0.378906, 0.111582
-0.120423, 0.37893, 0.111274
-0.110807, 0.378991, 0.11048
-0.101224, 0.37919, 0.107918
-0.0916387, 0.379416, 0.104995
-0.0820508, 0.379686, 0.101516
-0.0725054, 0.38025, 0.0942388
-0.0628355, 0.380235, 0.0944352
-0.0531638, 0.380202, 0.0948601
-0.0434948, 0.380177, 0.0951891
-0.033827, 0.380151, 0.0955195
-0.0241618, 0.380146, 0.0955772
-0.0144958, 0.380112, 0.0960231
-0.0048312, 0.380053, 0.096787
0.00483038, 0.379988, 0.0976195
0.0144887, 0.379925, 0.0984287
0.0241472, 0.379917, 0.0985413
0.0338068, 0.379923, 0.0984559
0.0434671, 0.379934, 0.0983143
0.0531289, 0.379952, 0.098083
0.062806, 0.380057, 0.096736
0.0725011, 0.380228, 0.0945282
0.0822049, 0.380399, 0.0923166
0.09192, 0.380581, 0.0899682
0.101692, 0.380942, 0.0853176
0.111514, 0.38141, 0.079277
0.121347, 0.381837, 0.073761
0.131132, 0.382064, 0.0708385
0.140923, 0.382275, 0.0681171
0.150759, 0.382571, 0.0642943
0.160642, 0.382944, 0.0594893
0.170375, 0.382937, 0.0595765
0.180102, 0.382919, 0.0598049
0.189975, 0.383198, 0.0562043
0.199764, 0.383288, 0.0550513
0.209604, 0.383462, 0.0527992
0.218956, 0.382768, 0.0617547
0.228219, 0.381984, 0.0718675
0.237219, 0.380841, 0.0866189
0.246369, 0.38002, 0.0972085
0.255656, 0.379464, 0.104378
0.265042, 0.37909, 0.109205
0.274513, 0.37886, 0.112175
0.283999, 0.378665, 0.114689
0.293494, 0.378495, 0.116885
0.303007, 0.378357, 0.118659
0.312559, 0.378277, 0.119697
0.322276, 0.378394, 0.118192
0.332096, 0.378621, 0.115254
0.34206, 0.378996, 0.110425
0.352154, 0.37949, 0.104041
0.362324, 0.380038, 0.0969763
0.372358, 0.380417, 0.0920839
0.382577, 0.380963, 0.085042
0.393295, 0.381965, 0.0721135
-0.230222, 0.398398, 0.0286222
-0.219776, 0.397224, 0.0432777
-0.209165, 0.395629, 0.0631766
-0.198569, 0.39391, 0.0846329
-0.188443, 0.392992, 0.0960822
-0.178513, 0.392408, 0.103378
-0.168707, 0.392044, 0.107917
-0.158979, 0.391826, 0.110631
-0.149316, 0.391755, 0.111525
-0.139673, 0.391726, 0.111883
-0.130038, 0.391721, 0.111949
-0.120418, 0.391761, 0.111453
-0.110797, 0.391805, 0.110895
-0.101178, 0.391865, 0.110145
-0.0915876, 0.392059, 0.107726
-0.0819867, 0.39225, 0.105344
-0.0724048, 0.392595, 0.101047
-0.0627765, 0.392756, 0.0990357
-0.0531105, 0.392696, 0.099782
-0.0434477, 0.392638, 0.100504
-0.0337882, 0.392586, 0.10115
-0.0241312, 0.392534, 0.101798
-0.0144763, 0.392467, 0.102642
-0.00482441, 0.392384, 0.103672
0.00482349, 0.392309, 0.104611
0.014468, 0.392242, 0.105443
0.0241121, 0.392224, 0.105666
0.0337566, 0.39222, 0.105725
0.0434005, 0.392212, 0.105823
0.0530436, 0.392201, 0.105951
0.062697, 0.392258, 0.105246
0.0723638, 0.392372, 0.103817
0.0820379, 0.392495, 0.102284
0.0917252, 0.392648, 0.100374
0.101452, 0.392924, 0.0969353
0.111213, 0.393276, 0.0925465
0.121018, 0.393714, 0.0870833
0.130793, 0.393993, 0.0835958
0.140544, 0.394169, 0.0813951
0.150302, 0.394342, 0.079246
0.160064, 0.3945, 0.0772653
0.169768, 0.394508, 0.0771713
0.179451, 0.394469, 0.0776601
0.189122, 0.394408, 0.0784192
0.198769, 0.394306, 0.0796947
0.208378, 0.394141, 0.0817485
0.217942, 0.393909, 0.0846419
0.227449, 0.3936, 0.0885029
0.236844, 0.393129, 0.0943832
0.246157, 0.392564, 0.101425
0.255511, 0.392105, 0.107152
0.264977, 0.391845, 0.110397
0.274464, 0.391633, 0.113039
0.283965, 0.391455, 0.115263
0.293489, 0.391319, 0.116963
0.303015, 0.391194, 0.118525
0.312551, 0.391089, 0.119835
0.322249, 0.391188, 0.118594
0.331999, 0.391342, 0.116678
0.341917, 0.391679, 0.112466
0.35195, 0.392127, 0.106885
0.362169, 0.392752, 0.0990806
0.37229, 0.393242, 0.0929689
0.382398, 0.393693, 0.0873423
0.392738, 0.394354, 0.0790935
-0.229953, 0.410979, 0.0344424
-0.219319, 0.409395, 0.0535741
-0.208892, 0.408068, 0.0696087
-0.19851, 0.406703, 0.0861011
-0.188393, 0.405769, 0.0973887
-0.178544, 0.405343, 0.102543
-0.168738, 0.404971, 0.107035
-0.159033, 0.404812, 0.10895
-0.149345, 0.404675, 0.110603
-0.13968, 0.404591, 0.111626
-0.130043, 0.404577, 0.111798
-0.120411, 0.404582, 0.111737
-0.11079, 0.404626, 0.111202
-0.101174, 0.404696, 0.110357
-0.0915658, 0.404817, 0.108893
-0.0819602, 0.40498, 0.106922
-0.0723547, 0.405186, 0.104432
-0.0627362, 0.405372, 0.102183
-0.0530823, 0.405356, 0.102383
-0.0434199, 0.405252, 0.103633
-0.0337628, 0.405153, 0.104826
-0.0241107, 0.405059, 0.105963
-0.0144631, 0.404965, 0.107099
-0.00481992, 0.404872, 0.108232
0.00481881, 0.404778, 0.109362
0.014453, 0.404682, 0.110527
0.0240852, 0.404632, 0.111123
0.0337174, 0.404609, 0.111404
0.0433489, 0.404589, 0.111646
0.0529792, 0.404569, 0.11189
0.0626188, 0.404614, 0.111351
0.0722695, 0.404709, 0.110199
0.0819278, 0.40482, 0.10886
0.0915948, 0.404945, 0.107344
0.101295, 0.405179, 0.104521
0.111014, 0.405443, 0.10133
0.120748, 0.405712, 0.0980744
0.130458, 0.405869, 0.0961814
0.140137, 0.405914, 0.0956345
0.149818, 0.40596, 0.0950856
0.159518, 0.406046, 0.0940437
0.169183, 0.406039, 0.0941262
0.178844, 0.406025, 0.0942993
0.188512, 0.406026, 0.0942822
0.198198, 0.406063, 0.0938358
0.20787, 0.406072, 0.0937347
0.21751, 0.406019, 0.0943742
0.227139, 0.40595, 0.0951972
0.236605, 0.405608, 0.0993309
0.245975, 0.405135, 0.105045
0.255407, 0.404796, 0.109142
0.264912, 0.404593, 0.1116
0.274425, 0.404415, 0.113744
0.283961, 0.404283, 0.115343
0.293494, 0.404156, 0.116876
0.303032, 0.404042, 0.118251
0.312553, 0.403915, 0.119794
0.322219, 0.403976, 0.119055
0.331955, 0.404119, 0.11733
0.341853, 0.404445, 0.113383
0.351841, 0.404858, 0.108402
0.362049, 0.405495, 0.100696
0.372247, 0.406087, 0.093544
0.382349, 0.406548, 0.0879807
0.393247, 0.407811, 0.0727143
-0.24031, 0.425038, 0.0225916
-0.229515, 0.423219, 0.0438895
-0.218902, 0.42159, 0.0629735
-0.208611, 0.420457, 0.076241
-0.198388, 0.419358, 0.0891113
-0.188375, 0.41861, 0.0978661
-0.178543, 0.418209, 0.102563
-0.16882, 0.418029, 0.104666
-0.159092, 0.417818, 0.107138
-0.149391, 0.417653, 0.109072
-0.139717, 0.417546, 0.110324
-0.130077, 0.417532, 0.110486
-0.120445, 0.417542, 0.110368
-0.110811, 0.417547, 0.110311
-0.101186, 0.417594, 0.109768
-0.0915614, 0.417649, 0.109124
-0.0819459, 0.417764, 0.107779
-0.0723311, 0.417913, 0.106034
-0.0627114, 0.418076, 0.104123
-0.0530635, 0.418076, 0.104115
-0.0434055, 0.417978, 0.105266
-0.0337502, 0.417859, 0.106662
-0.0241005, 0.417743, 0.10802
-0.0144568, 0.417641, 0.109218
-0.00481777, 0.417538, 0.110415
0.00481651, 0.41743, 0.111688
0.0144458, 0.417321, 0.11296
0.0240719, 0.417248, 0.113821
0.0336958, 0.417186, 0.114543
0.0433184, 0.41714, 0.115084
0.0529406, 0.417108, 0.115453
0.0625711, 0.41714, 0.115075
0.0722104, 0.417216, 0.114195
0.0818525, 0.417288, 0.113352
0.091498, 0.417359, 0.112514
0.101174, 0.417545, 0.110341
0.110875, 0.417789, 0.107482
0.120588, 0.418039, 0.104554
0.130283, 0.418192, 0.102765
0.139961, 0.418274, 0.101796
0.149654, 0.418389, 0.100458
0.159357, 0.418514, 0.0989847
0.169041, 0.418578, 0.0982404
0.178729, 0.418645, 0.0974574
0.188431, 0.418735, 0.0963974
0.198112, 0.418773, 0.0959587
0.207717, 0.418655, 0.0973353
0.217374, 0.418646, 0.0974469
0.226966, 0.418519, 0.0989275
0.236371, 0.41807, 0.104184
0.245786, 0.417676, 0.1088
0.255277, 0.417434, 0.111635
0.264768, 0.417211, 0.114254
0.27433, 0.417109, 0.115441
0.28388, 0.416999, 0.116729
0.293431, 0.416897, 0.117931
0.303022, 0.416856, 0.118408
0.312568, 0.416757, 0.119567
0.322258, 0.416852, 0.118458
0.331988, 0.41699, 0.116838
0.341885, 0.417325, 0.112919
0.35184, 0.417709, 0.108411
0.362033, 0.41835, 0.100913
0.372259, 0.418993, 0.0933867
0.382393, 0.419503, 0.0874081
0.392873, 0.420358, 0.0774012
-0.240079, 0.437695, 0.0273752
-0.229112, 0.435476, 0.052588
-0.218641, 0.434044, 0.0688562
-0.208341, 0.432832, 0.082624
-0.198235, 0.431926, 0.0929127
-0.188319, 0.431364, 0.0993037
-0.178532, 0.43105, 0.102867
-0.168832, 0.430924, 0.104295
-0.159138, 0.430799, 0.105724
-0.149452, 0.430678, 0.107099
-0.139774, 0.430567, 0.108352
-0.130122, 0.430528, 0.1088
-0.120485, 0.430532, 0.108751
-0.110846, 0.430533, 0.108737
-0.10121, 0.430542, 0.108637
-0.0915762, 0.430569, 0.108334
-0.0819452, 0.430614, 0.107819
-0.0723199, 0.430705, 0.106791
-0.0627013, 0.430871, 0.104906
-0.0530549, 0.430871, 0.104905
-0.0433986, 0.43077, 0.106043
-0.033744, 0.430638, 0.107552
-0.0240954, 0.430505, 0.109059
-0.0144529, 0.430372, 0.110569
-0.00481616, 0.430242, 0.112051
0.00481475, 0.430116, 0.113481
0.0144401, 0.429994, 0.114869
0.0240619, 0.429907, 0.115858
0.0336811, 0.429834, 0.116679
0.0432971, 0.429763, 0.117491
0.0529101, 0.429694, 0.11827
0.0625314, 0.429703, 0.118174
0.072161, 0.429758, 0.11754
0.0817947, 0.429823, 0.116803
0.0914321, 0.429891, 0.11603
0.1011, 0.430074, 0.113956
0.110785, 0.430294, 0.111459
0.120481, 0.430517, 0.108919
0.130178, 0.430714, 0.106689
0.139871, 0.430866, 0.104961
0.149564, 0.431001, 0.103426
0.159262, 0.431133, 0.101926
0.168961, 0.431252, 0.100572
0.178655, 0.431347, 0.0994878
0.188343, 0.431418, 0.0986867
0.197949, 0.431304, 0.0999818
0.207575, 0.431242, 0.10069
0.217219, 0.431219, 0.100944
0.226772, 0.431027, 0.103126
0.236186, 0.430598, 0.108002
0.245669, 0.430323, 0.111132
0.255141, 0.430049, 0.114235
0.264676, 0.429897, 0.115962
0.274236, 0.429796, 0.117112
0.283795, 0.4297, 0.118203
0.293379, 0.429647, 0.118804
0.302978, 0.429619, 0.119123
0.312584, 0.429603, 0.119311
0.322288, 0.429717, 0.118011
0.332019, 0.42986, 0.116385
0.341904, 0.430189, 0.112655
0.351848, 0.430571, 0.108305
0.362038, 0.431228, 0.10085
0.372291, 0.431922, 0.0929651
0.382441, 0.432465, 0.0867963
0.392789, 0.433199, 0.0784507
-0.250886, 0.452578, 0.0073247
-0.239846, 0.450323, 0.0321989
-0.228888, 0.448037, 0.0574231
-0.218433, 0.446574, 0.0735602
-0.208134, 0.44531, 0.0875092
-0.198141, 0.444609, 0.0952373
-0.188278, 0.444144, 0.100366
-0.178526, 0.443902, 0.103031
-0.168812, 0.443735, 0.104874
-0.159166, 0.443736, 0.104872
-0.149513, 0.443716, 0.105086
-0.139833, 0.443607, 0.106287
-0.130169, 0.443538, 0.107053
-0.120528, 0.443543, 0.106997
-0.110887, 0.44355, 0.106919
-0.101246, 0.443554, 0.106871
-0.0916015, 0.443544, 0.106983
-0.081958, 0.443538, 0.107053
-0.0723306, 0.443628, 0.106063
-0.0627109, 0.4438, 0.104161
-0.0530589, 0.443766, 0.104538
-0.0434005, 0.443649, 0.105824
-0.0337433, 0.443483, 0.107661
-0.0240934, 0.44332, 0.109461
-0.0144513, 0.44317, 0.111107
-0.00481552, 0.443026, 0.112701
0.00481394, 0.442881, 0.114305
0.0144375, 0.442748, 0.115763
0.0240574, 0.442656, 0.116781
0.033674, 0.442572, 0.117704
0.0432867, 0.442486, 0.11866
0.0528954, 0.442399, 0.119621
0.0625105, 0.442382, 0.119805
0.0721329, 0.442415, 0.119442
0.0817573, 0.442452, 0.119034
0.0913842, 0.442492, 0.118591
0.101038, 0.442644, 0.116918
0.110711, 0.442846, 0.114687
0.120394, 0.443051, 0.112424
0.130083, 0.443246, 0.110272
0.139773, 0.443419, 0.108365
0.14947, 0.443589, 0.106487
0.159168, 0.443741, 0.10481
0.168865, 0.443874, 0.103349
0.178569, 0.444011, 0.101836
0.188212, 0.443988, 0.102082
0.197805, 0.443855, 0.103553
0.207432, 0.443809, 0.104061
0.21705, 0.443747, 0.104744
0.226566, 0.443491, 0.107566
0.236053, 0.443202, 0.110761
0.245575, 0.442997, 0.113016
0.255088, 0.442795, 0.115247
0.264651, 0.44269, 0.116408
0.274215, 0.442593, 0.117479
0.283791, 0.442521, 0.118272
0.293393, 0.442494, 0.118567
0.303001, 0.442477, 0.118756
0.31266, 0.442535, 0.11812
0.322374, 0.442662, 0.116711
0.332121, 0.442829, 0.114878
0.342015, 0.443174, 0.111068
0.351977, 0.443587, 0.106511
0.362187, 0.444283, 0.0988359
0.372434, 0.444986, 0.0910802
0.382597, 0.445556, 0.0847936
0.392954, 0.446318, 0.0763874
-0.250447, 0.464881, 0.0160604
-0.239718, 0.463129, 0.0348434
-0.228837, 0.460919, 0.058537
-0.218315, 0.459269, 0.0762296
-0.208069, 0.458074, 0.0890446
-0.198081, 0.457357, 0.0967312
-0.18827, 0.456997, 0.100588
-0.178523, 0.456761, 0.103113
-0.168825, 0.45663, 0.104523
-0.159172, 0.456614, 0.10469
-0.149542, 0.456665, 0.10415
-0.139891, 0.456657, 0.104229
-0.130226, 0.456595, 0.104893
-0.120576, 0.456581, 0.105046
-0.110932, 0.45659, 0.104949
-0.101287, 0.456597, 0.104872
-0.091642, 0.456602, 0.104821
-0.0819913, 0.456579, 0.105067
-0.0723561, 0.456647, 0.104336
-0.0627312, 0.456812, 0.102571
-0.05307, 0.456724, 0.103514
-0.0434078, 0.456585, 0.105002
-0.0337485, 0.456408, 0.106901
-0.024097, 0.456237, 0.108736
-0.0144531, 0.456074, 0.110488
-0.00481615, 0.455927, 0.112061
0.00481456, 0.455777, 0.113671
0.0144387, 0.45562, 0.11535
0.024058, 0.455499, 0.116647
0.0336731, 0.455388, 0.117836
0.0432837, 0.45528, 0.118998
0.0528901, 0.455176, 0.120113
0.0625023, 0.455145, 0.120444
0.0721202, 0.455158, 0.1203
0.0817384, 0.455171, 0.120166
0.0913599, 0.455197, 0.119888
0.101011, 0.455349, 0.118254
0.110676, 0.455538, 0.116233
0.12035, 0.455726, 0.114214
0.13003, 0.455907, 0.112268
0.139715, 0.456081, 0.110412
0.149407, 0.456253, 0.108564
0.159105, 0.456422, 0.106748
0.168806, 0.456579, 0.105072
0.178505, 0.456716, 0.103602
0.188108, 0.456604, 0.104796
0.1977, 0.456478, 0.106153
0.20732, 0.456425, 0.106722
0.21692, 0.456335, 0.10768
0.226431, 0.456073, 0.110489
0.236006, 0.455957, 0.111738
0.245535, 0.455765, 0.113796
0.255088, 0.455628, 0.115261
0.264653, 0.455525, 0.116374
0.274218, 0.455427, 0.117423
0.283831, 0.455413, 0.117571
0.293447, 0.455403, 0.117673
0.30307, 0.455407, 0.117635
0.312765, 0.455515, 0.11648
0.32248, 0.455644, 0.115094
0.332264, 0.45586, 0.11278
0.342169, 0.456226, 0.108859
0.352136, 0.456651, 0.104292
0.362354, 0.457371, 0.0965776
0.372597, 0.458085, 0.0889263
0.382783, 0.458694, 0.0823946
0.393149, 0.459482, 0.0739417
-0.250525, 0.478125, 0.0145111
-0.239759, 0.476256, 0.0340056
-0.229006, 0.474254, 0.0548797
-0.218378, 0.472345, 0.0747871
-0.208069, 0.470978, 0.0890336
-0.19812, 0.470333, 0.0957584
-0.188284, 0.469905, 0.100226
-0.178542, 0.469678, 0.102594
-0.168854, 0.469575, 0.103665
-0.159185, 0.469514, 0.104298
-0.149562, 0.469593, 0.103477
-0.139942, 0.469692, 0.102444
-0.130293, 0.469698, 0.102386
-0.120628, 0.469646, 0.102925
-0.110977, 0.469642, 0.102971
-0.101328, 0.469649, 0.10289
-0.09168, 0.469659, 0.102791
-0.0820305, 0.469665, 0.102726
-0.0723939, 0.469756, 0.101784
-0.0627574, 0.469876, 0.10053
-0.0530899, 0.469765, 0.101681
-0.0434242, 0.469625, 0.103149
-0.0337617, 0.469448, 0.10499
-0.0241059, 0.469262, 0.10693
-0.0144579, 0.469077, 0.108863
-0.0048177, 0.468921, 0.110484
0.00481602, 0.468758, 0.112189
0.0144431, 0.468596, 0.113873
0.0240656, 0.468478, 0.115102
0.0336841, 0.468369, 0.116241
0.0432979, 0.468259, 0.117393
0.0529071, 0.468148, 0.118543
0.0625205, 0.468102, 0.119021
0.0721389, 0.468101, 0.119035
0.0817566, 0.468097, 0.119077
0.0913743, 0.468093, 0.119118
0.101015, 0.468197, 0.11804
0.110668, 0.468334, 0.11661
0.120331, 0.468488, 0.114998
0.130002, 0.468649, 0.113317
0.139682, 0.468818, 0.111555
0.14937, 0.46899, 0.109763
0.159065, 0.469162, 0.107972
0.16877, 0.469342, 0.106098
0.178451, 0.469439, 0.105088
0.188028, 0.469267, 0.106881
0.197627, 0.469163, 0.107963
0.207254, 0.469132, 0.108283
0.216832, 0.469001, 0.109656
0.226348, 0.468748, 0.112288
0.235945, 0.468679, 0.113009
0.245536, 0.468605, 0.113781
0.255093, 0.468474, 0.115151
0.264641, 0.468334, 0.116601
0.274239, 0.468291, 0.117052
0.283873, 0.46831, 0.116854
0.293496, 0.46831, 0.116857
0.303155, 0.468366, 0.116274
0.312869, 0.468502, 0.114857
0.322596, 0.468647, 0.113341
0.332441, 0.46895, 0.110182
0.342349, 0.469323, 0.106294
0.352323, 0.469764, 0.101699
0.362542, 0.4705, 0.0940261
0.37278, 0.47122, 0.0865154
0.383027, 0.471915, 0.0792713
0.393481, 0.472825, 0.0697832
0.404789, 0.474692, 0.0503097
-0.25029, 0.490765, 0.0191708
-0.239838, 0.489466, 0.0323563
-0.229274, 0.487817, 0.0490923
-0.218572, 0.485716, 0.070416
-0.208221, 0.484235, 0.0854483
-0.198177, 0.483358, 0.0943475
-0.188355, 0.48296, 0.0983863
-0.1786, 0.482704, 0.100989
-0.168895, 0.482558, 0.102473
-0.159227, 0.482507, 0.102986
-0.14962, 0.482644, 0.101596
-0.139977, 0.482679, 0.101244
-0.130343, 0.482751, 0.100513
-0.120685, 0.482742, 0.100606
-0.111024, 0.482713, 0.100893
-0.10137, 0.482715, 0.100872
-0.0917205, 0.482739, 0.100627
-0.0820727, 0.482781, 0.100208
-0.0724346, 0.482897, 0.0990276
-0.0627956, 0.483043, 0.0975451
-0.0531227, 0.482934, 0.0986562
-0.0434516, 0.482795, 0.10006
-0.033782, 0.482599, 0.102052
-0.0241197, 0.482395, 0.104122
-0.0144663, 0.482207, 0.106032
-0.00482053, 0.482052, 0.107608
0.00481892, 0.48189, 0.109249
0.0144517, 0.481722, 0.110951
0.0240795, 0.481591, 0.11228
0.0337037, 0.481481, 0.113404
0.0433232, 0.481368, 0.114546
0.0529375, 0.481251, 0.115737
0.0625544, 0.481188, 0.116375
0.0721747, 0.481164, 0.116613
0.0817936, 0.481139, 0.116868
0.0914127, 0.48112, 0.117067
0.101053, 0.481205, 0.116197
0.110705, 0.481324, 0.114991
0.120363, 0.481454, 0.113677
0.13003, 0.481591, 0.112285
0.139702, 0.481732, 0.110851
0.149385, 0.481886, 0.109288
0.159079, 0.482056, 0.107559
0.168782, 0.482235, 0.105748
0.17844, 0.48227, 0.105393
0.188024, 0.482113, 0.106983
0.197647, 0.482066, 0.107465
0.207273, 0.48203, 0.107828
0.216819, 0.481819, 0.109966
0.226336, 0.481566, 0.11254
0.235926, 0.481481, 0.113402
0.245517, 0.481406, 0.114161
0.255068, 0.48126, 0.115643
0.264628, 0.481142, 0.116835
0.274261, 0.481159, 0.116668
0.283899, 0.481184, 0.116409
0.293549, 0.481228, 0.115966
0.303263, 0.48137, 0.114528
0.312993, 0.481527, 0.112927
0.322749, 0.481715, 0.111028
0.332623, 0.482062, 0.107499
0.342524, 0.482427, 0.103793
0.352516, 0.482899, 0.0990086
0.362713, 0.483618, 0.0917125
0.372957, 0.48436, 0.0841794
0.383247, 0.485123, 0.0764389
0.393882, 0.486274, 0.0647511
0.40521, 0.488205, 0.0451608
-0.260719, 0.50504, 0.00743246
-0.250222, 0.503715, 0.0205259
-0.239887, 0.50262, 0.0313582
-0.229585, 0.501504, 0.042387
-0.218934, 0.499494, 0.062254
-0.208462, 0.497723, 0.0797672
-0.198405, 0.496819, 0.0887027
-0.188482, 0.496175, 0.0950618
-0.178712, 0.495886, 0.0979199
-0.169017, 0.495782, 0.0989513
-0.159295, 0.495583, 0.100921
-0.14968, 0.495715, 0.0996103
-0.14005, 0.495809, 0.0986843
-0.130386, 0.495789, 0.0988851
-0.120735, 0.495817, 0.098608
-0.111081, 0.495838, 0.098392
-0.101424, 0.495851, 0.0982676
-0.091777, 0.495918, 0.0976062
-0.0821316, 0.49601, 0.096693
-0.0724898, 0.496152, 0.0952959
-0.0628511, 0.496363, 0.0932093
-0.0531744, 0.496294, 0.0938873
-0.0434938, 0.496151, 0.0953026
-0.0338145, 0.495946, 0.0973287
-0.0241434, 0.495745, 0.0993195
-0.0144808, 0.495562, 0.10112
-0.00482525, 0.49539, 0.102825
0.00482347, 0.495207, 0.10463
0.0144652, 0.495029, 0.106399
0.0241015, 0.494884, 0.107824
0.033733, 0.49475, 0.109151
0.0433592, 0.494616, 0.110478
0.0529802, 0.494482, 0.111802
0.062602, 0.494395, 0.112664
0.0722268, 0.494352, 0.113086
0.0818508, 0.494315, 0.113452
0.0914741, 0.494281, 0.113791
0.101115, 0.49434, 0.113205
0.110766, 0.494435, 0.11227
0.120423, 0.494538, 0.111249
0.130086, 0.494647, 0.110166
0.139757, 0.494773, 0.108928
0.149437, 0.49491, 0.107574
0.159125, 0.495055, 0.106134
0.168833, 0.495243, 0.104281
0.178465, 0.4952, 0.104701
0.188064, 0.495073, 0.105956
0.197701, 0.495056, 0.106132
0.207298, 0.494943, 0.107242
0.216809, 0.494646, 0.110183
0.226351, 0.49444, 0.112218
0.235929, 0.494327, 0.113338
0.245487, 0.494184, 0.114749
0.255031, 0.494022, 0.116344
0.264626, 0.493969, 0.116877
0.274269, 0.494006, 0.116512
0.283918, 0.494049, 0.116078
0.293603, 0.494152, 0.115068
0.303359, 0.494363, 0.112982
0.313108, 0.49455, 0.11113
0.322896, 0.494786, 0.108797
0.3328, 0.495181, 0.104895
0.342709, 0.495561, 0.101136
0.352771, 0.496134, 0.0954738
0.362944, 0.49683, 0.0885901
0.373196, 0.497594, 0.0810361
0.383537, 0.498436, 0.0727134
0.394351, 0.499836, 0.0588741
-0.260444, 0.517611, 0.0126977
-0.250167, 0.516684, 0.0216331
-0.239946, 0.515803, 0.0301256
-0.229772, 0.514951, 0.038332
-0.219516, 0.51383, 0.0491304
-0.208972, 0.5119, 0.0677266
-0.198708, 0.510501, 0.0812111
-0.188714, 0.50969, 0.0890207
-0.178872, 0.509222, 0.0935335
-0.169166, 0.509109, 0.0946188
-0.159449, 0.508949, 0.0961576
-0.14977, 0.508896, 0.0966692
-0.140128, 0.508971, 0.0959525
-0.130463, 0.508965, 0.0960093
-0.120817, 0.509042, 0.0952697
-0.111161, 0.509085, 0.094852
-0.101489, 0.509054, 0.0951524
-0.0918332, 0.50911, 0.0946083
-0.0821903, 0.509258, 0.0931878
-0.0725564, 0.509507, 0.0907898
-0.0629219, 0.509829, 0.0876865
-0.0532381, 0.509796, 0.0880032
-0.0435519, 0.509718, 0.0887547
-0.0338613, 0.509531, 0.0905495
-0.0241783, 0.509357, 0.0922279
-0.0145022, 0.509188, 0.0938616
-0.00483255, 0.509027, 0.0954118
0.0048309, 0.508853, 0.0970874
0.0144871, 0.508657, 0.098979
0.0241358, 0.508462, 0.100852
0.033778, 0.508279, 0.102619
0.0434133, 0.508096, 0.10438
0.0530429, 0.507926, 0.106019
0.0626725, 0.507808, 0.10716
0.0723023, 0.507723, 0.107978
0.08193, 0.507645, 0.108727
0.0915598, 0.507595, 0.10921
0.101205, 0.507631, 0.108859
0.110857, 0.507691, 0.108279
0.120511, 0.507754, 0.107679
0.130172, 0.50783, 0.106944
0.139841, 0.507928, 0.105997
0.149518, 0.50804, 0.104916
0.15921, 0.508184, 0.103528
0.168902, 0.508315, 0.102268
0.178519, 0.508217, 0.103212
0.18813, 0.508111, 0.104233
0.197765, 0.508079, 0.104547
0.207314, 0.507838, 0.106862
0.216829, 0.50754, 0.109738
0.226384, 0.507357, 0.111499
0.235947, 0.507206, 0.112954
0.245498, 0.507041, 0.114545
0.255068, 0.506928, 0.115638
0.264697, 0.506935, 0.115571
0.274334, 0.506956, 0.115366
0.283977, 0.506986, 0.115072
0.293698, 0.507152, 0.113481
0.30346, 0.507373, 0.111351
0.313231, 0.507595, 0.109207
0.323079, 0.507926, 0.106023
0.332991, 0.508334, 0.102092
0.342939, 0.508773, 0.097858
0.35305, 0.509424, 0.0915875
0.363228, 0.510134, 0.0847478
0.37353, 0.510976, 0.0766335
0.383995, 0.511993, 0.0668359
0.395185, 0.513904, 0.0484228
-0.260401, 0.530627, 0.0135245
-0.250132, 0.529691, 0.0223212
-0.24, 0.52898, 0.029006
-0.22994, 0.528372, 0.034718
-0.219798, 0.527514, 0.0427785
-0.209653, 0.52657, 0.0516577
-0.199339, 0.525088, 0.0655789
-0.189203, 0.523946, 0.0763149
-0.179287, 0.523325, 0.0821495
-0.169438, 0.522838, 0.0867214
-0.159731, 0.522756, 0.0874991
-0.150015, 0.522633, 0.0886493
-0.140307, 0.522524, 0.0896788
-0.130617, 0.522468, 0.0902028
-0.120922, 0.522385, 0.0909796
-0.111251, 0.522398, 0.0908575
-0.101568, 0.522351, 0.0913019
-0.091906, 0.522413, 0.0907202
-0.0822653, 0.522627, 0.0887117
-0.0726296, 0.522932, 0.0858359
-0.0629973, 0.523362, 0.0818019
-0.053314, 0.523447, 0.0810027
-0.0436186, 0.523422, 0.0812354
-0.0339208, 0.523349, 0.0819187
-0.0242229, 0.523215, 0.0831795
-0.0145287, 0.523031, 0.0849094
-0.00484146, 0.522876, 0.0863695
0.00483984, 0.522701, 0.0880103
0.0145139, 0.5225, 0.0899038
0.0241807, 0.522303, 0.0917482
0.0338403, 0.522107, 0.0935898
0.043492, 0.521903, 0.0955124
0.053136, 0.521699, 0.0974312
0.0627772, 0.521533, 0.0989838
0.0724187, 0.521414, 0.100104
0.0820555, 0.521294, 0.101232
0.0916882, 0.521175, 0.10235
0.101333, 0.521143, 0.102655
0.110985, 0.521148, 0.102608
0.120642, 0.521175, 0.102349
0.130296, 0.521184, 0.102266
0.139956, 0.521216, 0.101967
0.149632, 0.521297, 0.101203
0.159304, 0.521359, 0.100624
0.168995, 0.521471, 0.0995688
0.178618, 0.521372, 0.100496
0.188246, 0.521297, 0.101204
0.197836, 0.521128, 0.102789
0.207327, 0.520728, 0.106554
0.216866, 0.520478, 0.108901
0.226427, 0.520301, 0.110566
0.236005, 0.520174, 0.111755
0.245588, 0.520068, 0.112758
0.255197, 0.520024, 0.113167
0.264841, 0.520052, 0.112906
0.274489, 0.520085, 0.112593
0.284152, 0.520143, 0.112051
0.2939, 0.520348, 0.11012
0.303673, 0.520582, 0.107921
0.313465, 0.520833, 0.105563
0.323352, 0.521223, 0.101899
0.333283, 0.52166, 0.0977902
0.343307, 0.522214, 0.0925889
0.353484, 0.522962, 0.0855594
0.363725, 0.523764, 0.0780172
0.374107, 0.524722, 0.0690241
0.384824, 0.526088, 0.0561833
0.396746, 0.528995, 0.0288658
-0.26073, 0.544418, 0.00721216
-0.250211, 0.542941, 0.0207543
-0.240062, 0.542181, 0.0277257
-0.230037, 0.541647, 0.0326233
-0.219953, 0.540921, 0.0392785
-0.209945, 0.540323, 0.0447612
-0.199934, 0.539658, 0.0508637
-0.18993, 0.538945, 0.0574002
-0.179947, 0.53822, 0.0640545
-0.170022, 0.537594, 0.0697918
-0.160129, 0.536999, 0.0752482
-0.150356, 0.536753, 0.0775023
-0.140644, 0.53671, 0.0778999
-0.130926, 0.536633, 0.0786018
-0.121186, 0.536448, 0.0802994
-0.111418, 0.536097, 0.083519
-0.101698, 0.53593, 0.0850534
-0.0920125, 0.535932, 0.0850296
-0.0823463, 0.536059, 0.0838728
-0.0727036, 0.536391, 0.0808244
-0.0630664, 0.536873, 0.0764055
-0.0533802, 0.537037, 0.0748978
-0.0436825, 0.537133, 0.0740209
-0.0339737, 0.537107, 0.0742555
-0.0242637, 0.537037, 0.0748997
-0.0145561, 0.536957, 0.0756373
-0.00485108, 0.536851, 0.0766053
0.00484988, 0.536718, 0.0778232
0.0145458, 0.536578, 0.0791121
0.024235, 0.536403, 0.0807176
0.0339163, 0.536201, 0.0825663
0.0435898, 0.535993, 0.0844784
0.0532544, 0.535771, 0.0865059
0.0629111, 0.535551, 0.0885305
0.0725653, 0.53537, 0.0901871
0.0822133, 0.535192, 0.0918169
0.0918573, 0.535028, 0.0933213
0.10151, 0.534943, 0.0941052
0.111169, 0.534902, 0.0944762
0.120831, 0.534878, 0.0946999
0.130488, 0.53484, 0.0950508
0.140138, 0.53478, 0.0955954
0.149787, 0.534723, 0.0961208
0.159448, 0.534713, 0.0962105
0.169114, 0.534721, 0.096138
0.178739, 0.534607, 0.0971813
0.18837, 0.534519, 0.0979929
0.197867, 0.534079, 0.102024
0.207358, 0.533665, 0.105827
0.216909, 0.533435, 0.107933
0.226553, 0.533443, 0.107862
0.236163, 0.533376, 0.108478
0.245741, 0.533242, 0.109701
0.255375, 0.533235, 0.109768
0.265021, 0.533255, 0.109588
0.274672, 0.533282, 0.109341
0.284369, 0.533393, 0.108317
0.294146, 0.533643, 0.106028
0.303934, 0.533895, 0.103711
0.313767, 0.534208, 0.100843
0.3237, 0.534668, 0.0966249
0.333669, 0.535161, 0.0921087
0.343807, 0.535887, 0.0854454
0.354023, 0.536692, 0.0780602
0.364368, 0.537645, 0.069324
0.374938, 0.538872, 0.0580745
0.386137, 0.540917, 0.0393143
0.398181, 0.544017, 0.0108852
-0.250337, 0.556303, 0.0182514
-0.240151, 0.555451, 0.0258822
-0.230086, 0.554818, 0.0315509
-0.220046, 0.554189, 0.03719
-0.210009, 0.553511, 0.0432553
-0.20009, 0.553093, 0.0470009
-0.190186, 0.552676, 0.0507355
-0.180329, 0.552359, 0.0535779
-0.170488, 0.552056, 0.0562892
-0.160672, 0.551802, 0.0585589
-0.150847, 0.551485, 0.0613976
-0.141081, 0.55135, 0.0626097
-0.13132, 0.551218, 0.0637894
-0.121554, 0.551047, 0.0653243
-0.111767, 0.550735, 0.0681205
-0.101983, 0.550385, 0.0712538
-0.0921959, 0.54994, 0.0752358
-0.0824539, 0.549693, 0.0774527
-0.0727779, 0.549877, 0.075799
-0.0631292, 0.550357, 0.0715055
-0.053442, 0.550615, 0.0691934
-0.0437368, 0.550759, 0.0679016
-0.0340217, 0.550827, 0.0672965
-0.0243001, 0.550802, 0.0675197
-0.0145807, 0.550824, 0.0673237
-0.00486059, 0.550865, 0.0669513
0.00486004, 0.550802, 0.0675154
0.014578, 0.550722, 0.0682302
0.0242947, 0.55068, 0.0686107
0.0340051, 0.550558, 0.0696988
0.0437004, 0.550301, 0.0720034
0.0533869, 0.550047, 0.074276
0.0630671, 0.549816, 0.0763497
0.0727413, 0.549601, 0.0782757
0.0824081, 0.549388, 0.080183
0.09207, 0.549189, 0.0819597
0.101733, 0.549036, 0.0833287
0.111399, 0.548922, 0.0843525
0.121069, 0.548845, 0.085041
0.130717, 0.548689, 0.0864429
0.14036, 0.548533, 0.0878396
0.150001, 0.54839, 0.0891151
0.159645, 0.548277, 0.0901265
0.169282, 0.548152, 0.0912485
0.178892, 0.547959, 0.092977
0.188475, 0.547704, 0.0952635
0.197886, 0.547, 0.10156
0.207399, 0.546634, 0.10484
0.216986, 0.546484, 0.106187
0.226671, 0.546583, 0.105297
0.23634, 0.546636, 0.104823
0.245952, 0.546559, 0.105512
0.255609, 0.546585, 0.105279
0.265274, 0.546626, 0.104914
0.274951, 0.546686, 0.104374
0.284708, 0.546897, 0.102486
0.294496, 0.547151, 0.100215
0.30429, 0.5474, 0.0979781
0.314187, 0.547812, 0.0942888
0.324133, 0.548285, 0.0900545
0.334215, 0.548951, 0.0840902
0.344428, 0.54979, 0.0765758
0.354757, 0.550764, 0.0678573
0.365252, 0.551936, 0.0573583
0.376136, 0.553621, 0.0422759
0.387489, 0.555892, 0.0219374
0.398202, 0.557156, 0.0106192
0.408435, 0.557703, 0.00571823
-0.378329, 0.56995, 0.0133743
-0.368798, 0.570407, 0.00937748
-0.358768, 0.570096, 0.0120969
-0.349377, 0.570814, 0.00582218
-0.250571, 0.569926, 0.0135856
-0.24022, 0.568685, 0.0244441
-0.230154, 0.568041, 0.0300841
-0.220093, 0.56735, 0.036128
-0.209991, 0.566488, 0.0436683
-0.200065, 0.566037, 0.0476141
-0.190228, 0.565805, 0.0496445
-0.180415, 0.565626, 0.0512137
-0.170612, 0.565456, 0.0526967
-0.16082, 0.565306, 0.0540104
-0.151027, 0.565132, 0.0555301
-0.14125, 0.565001, 0.0566783
-0.131495, 0.564943, 0.057188
-0.121744, 0.564892, 0.057632
-0.112027, 0.565008, 0.0566206
-0.102292, 0.565041, 0.0563273
-0.0925037, 0.56476, 0.0587907
-0.0827022, 0.564322, 0.0626225
-0.0729107, 0.563843, 0.0668125
-0.0631895, 0.563845, 0.0667953
-0.0535027, 0.56421, 0.0635967
-0.0437919, 0.564428, 0.0616918
-0.0340741, 0.564656, 0.0596957
-0.0243461, 0.564831, 0.0581689
-0.0146124, 0.565012, 0.0565782
-0.00487297, 0.565262, 0.0543957
0.00487497, 0.565494, 0.0523663
0.0146246, 0.565481, 0.0524755
0.0243701, 0.565387, 0.0533009
0.0341124, 0.56529, 0.0541472
0.0438437, 0.565096, 0.0558476
0.0535619, 0.564835, 0.0581303
0.0632673, 0.564539, 0.0607176
0.0729627, 0.564244, 0.0632987
0.0826513, 0.563974, 0.0656624
0.0923353, 0.563731, 0.0677876
0.102012, 0.563493, 0.069869
0.111685, 0.563283, 0.0717082
0.121354, 0.563081, 0.0734744
0.131008, 0.562849, 0.0755048
0.140652, 0.56261, 0.0776005
0.150291, 0.562378, 0.0796247
0.1599, 0.562074, 0.0822845
0.169483, 0.561715, 0.0854244
0.179087, 0.561461, 0.087647
0.188674, 0.561186, 0.0900598
0.198079, 0.560419, 0.0967665
0.207614, 0.560074, 0.0997853
0.217228, 0.559966, 0.100729
0.226886, 0.559973, 0.100669
0.236549, 0.559995, 0.100479
0.24622, 0.56003, 0.10017
0.255894, 0.56007, 0.099822
0.265569, 0.560109, 0.0994773
0.275276, 0.560211, 0.0985827
0.285068, 0.560473, 0.0962968
0.294871, 0.560738, 0.0939722
0.304729, 0.561089, 0.0909033
0.314677, 0.561578, 0.0866303
0.324693, 0.562154, 0.0815859
0.334893, 0.563008, 0.0741153
0.345238, 0.56405, 0.0649977
0.355734, 0.565275, 0.0542793
0.3663, 0.566544, 0.0431757
0.377371, 0.568507, 0.0260057
0.388012, 0.56974, 0.0152197
0.397944, 0.569895, 0.0138626
0.407942, 0.570135, 0.0117569
0.418066, 0.570537, 0.00824547
-0.387923, 0.582703, 0.0163636
-0.377848, 0.582311, 0.0197182
-0.368122, 0.58245, 0.0185246
-0.358264, 0.582383, 0.0191002
-0.348764, 0.582911, 0.0145888
-0.339752, 0.584308, 0.00264168
-0.250752, 0.58345, 0.00997734
-0.240342, 0.582052, 0.0219288
-0.230211, 0.581242, 0.0288639
-0.220038, 0.580247, 0.0373697
-0.209945, 0.579384, 0.0447521
-0.200059, 0.579033, 0.0477486
-0.190251, 0.578883, 0.0490394
-0.180463, 0.578783, 0.0498948
-0.170678, 0.578679, 0.0507779
-0.160892, 0.578563, 0.0517759
-0.151111, 0.578444, 0.0527859
-0.141335, 0.578335, 0.0537233
-0.131573, 0.578272, 0.054265
-0.121833, 0.578301, 0.0540161
-0.112133, 0.578542, 0.0519514
-0.102462, 0.578991, 0.0481091
-0.0927569, 0.579324, 0.0452652
-0.0829801, 0.579234, 0.0460334
-0.073178, 0.578919, 0.0487318
-0.0633792, 0.578538, 0.0519857
-0.0536143, 0.578385, 0.0532947
-0.0438824, 0.578597, 0.0514841
-0.0341544, 0.578999, 0.0480437
-0.024412, 0.57938, 0.0447888
-0.0146548, 0.579678, 0.0422401
-0.00488759, 0.579992, 0.0395546
0.00489085, 0.580378, 0.0362468
0.014681, 0.580714, 0.0333734
0.0244709, 0.580777, 0.0328379
0.0342534, 0.580676, 0.0337043
0.0440318, 0.580567, 0.0346346
0.0537967, 0.580352, 0.036468
0.0635456, 0.580058, 0.03899
0.0732854, 0.579768, 0.0414648
0.0830098, 0.579441, 0.0442605
0.0927123, 0.579045, 0.0476465
0.102401, 0.578646, 0.0510664
0.112077, 0.578254, 0.0544195
0.121747, 0.577895, 0.0574889
0.131405, 0.577531, 0.0605965
0.141044, 0.577146, 0.0638947
0.150675, 0.576777, 0.0670452
0.160282, 0.576368, 0.0705485
0.16988, 0.575974, 0.0739136
0.179466, 0.575583, 0.0772557
0.189074, 0.575303, 0.0796556
0.198573, 0.574732, 0.0845356
0.208021, 0.574072, 0.0901799
0.217611, 0.573848, 0.0920939
0.227265, 0.573803, 0.0924807
0.236942, 0.573818, 0.0923576
0.246625, 0.573846, 0.0921121
0.25631, 0.573877, 0.0918512
0.265995, 0.573904, 0.0916209
0.275753, 0.574082, 0.0901003
0.285565, 0.574357, 0.0877409
0.295425, 0.574706, 0.0847569
0.305368, 0.57519, 0.0806222
0.315365, 0.575742, 0.0758972
0.325615, 0.576712, 0.0676074
0.335989, 0.577837, 0.0579853
0.34647, 0.579077, 0.0473785
0.357101, 0.580492, 0.035274
0.367673, 0.58174, 0.0246029
0.378299, 0.583006, 0.0137711
0.388562, 0.583662, 0.00816393
0.398051, 0.583153, 0.0125189
0.407689, 0.582881, 0.0148463
0.41758, 0.582975, 0.0140409
0.427778, 0.583483, 0.00969601
0.437941, 0.583921, 0.00594711
-0.397907, 0.596042, 0.0143189
-0.387664, 0.595399, 0.0196953
-0.377713, 0.595185, 0.021493
-0.367797, 0.595013, 0.0229244
-0.358183, 0.595336, 0.020227
-0.348325, 0.595259, 0.0208669
-0.339146, 0.596372, 0.0115585
-0.329614, 0.596913, 0.00703526
-0.250623, 0.596253, 0.012558
-0.240346, 0.595144, 0.0218339
-0.230224, 0.594337, 0.0285788
-0.220009, 0.593209, 0.0380168
-0.209933, 0.592369, 0.0450444
-0.200082, 0.592112, 0.0471892
-0.190293, 0.592023, 0.0479417
-0.180521, 0.591979, 0.0483065
-0.170748, 0.591927, 0.048737
-0.160962, 0.59182, 0.0496359
-0.151181, 0.59172, 0.0504742
-0.141403, 0.591619, 0.0513196
-0.131638, 0.591558, 0.0518284
-0.121911, 0.591673, 0.050868
-0.112219, 0.591994, 0.0481782
-0.102549, 0.592506, 0.0439
-0.0928919, 0.593204, 0.0380569
-0.0832058, 0.593862, 0.0325594
-0.0734781, 0.594356, 0.0284257
-0.0637056, 0.594586, 0.0265036
-0.0539209, 0.594765, 0.0250039
-0.0441302, 0.594939, 0.0235429
-0.0343271, 0.595003, 0.0230079
-0.0245338, 0.595355, 0.0200691
-0.0147235, 0.595482, 0.0190005
-0.00490741, 0.59543, 0.0194416
0.00490556, 0.595206, 0.0213151
0.0147334, 0.595884, 0.0156446
0.0245851, 0.596598, 0.00966597
0.063925, 0.596633, 0.00937414
0.0737223, 0.596331, 0.0119004
0.0834889, 0.595882, 0.0156622
0.0932052, 0.595205, 0.0213189
0.102886, 0.594453, 0.0276093
0.11259, 0.593955, 0.0317793
0.122218, 0.593166, 0.0383754
0.132185, 0.594018, 0.0312543
0.141725, 0.592963, 0.0400763
0.15131, 0.592224, 0.0462561
0.160892, 0.591561, 0.0518022
0.170488, 0.591025, 0.0562892
0.18006, 0.590466, 0.0609608
0.189637, 0.589983, 0.0650029
0.199232, 0.589598, 0.0682225
0.208819, 0.589225, 0.0713439
0.218359, 0.588759, 0.0752378
0.227973, 0.588525, 0.077198
0.237598, 0.588337, 0.0787702
0.247275, 0.588288, 0.0791755
0.25697, 0.588283, 0.0792198
0.266679, 0.588311, 0.078989
0.276559, 0.588699, 0.0757399
0.286509, 0.589205, 0.0715117
0.296514, 0.589788, 0.0666299
0.306709, 0.590699, 0.0590124
0.317078, 0.591879, 0.0491385
0.327693, 0.593435, 0.036128
0.337408, 0.593316, 0.0371208
0.348294, 0.595207, 0.0213051
0.39849, 0.596915, 0.00701904
0.408102, 0.596583, 0.00979948
0.41743, 0.595861, 0.0158329
0.427216, 0.595811, 0.0162544
0.437452, 0.596376, 0.0115261
0.447627, 0.596836, 0.00767612
-0.397889, 0.609114, 0.0145483
-0.387629, 0.60843, 0.0201435
-0.377715, 0.608268, 0.0214691
-0.367801, 0.608098, 0.0228615
-0.357893, 0.607928, 0.0242577
-0.348136, 0.608012, 0.0235653
-0.338482, 0.608287, 0.0213175
-0.329063, 0.609012, 0.0153856
-0.319651, 0.609796, 0.0089674
-0.310451, 0.611046, -0.00126457
-0.250507, 0.609075, 0.0148635
-0.240326, 0.608173, 0.0222502
-0.23025, 0.607467, 0.0280242
-0.220012, 0.606254, 0.0379519
-0.209958, 0.605459, 0.0444632
-0.200133, 0.605279, 0.0459371
-0.190358, 0.605241, 0.0462461
-0.180585, 0.605204, 0.0465536
-0.170812, 0.605163, 0.046885
-0.161031, 0.605086, 0.0475154
-0.151244, 0.604975, 0.0484204
-0.141455, 0.604841, 0.0495181
-0.131708, 0.604879, 0.0492058
-0.121992, 0.60508, 0.0475655
-0.112303, 0.60546, 0.0444527
-0.10264, 0.606062, 0.0395231
-0.0930233, 0.607099, 0.0310392
-0.0833833, 0.608208, 0.021965
-0.0736879, 0.609153, 0.0142303
-0.0639143, 0.609644, 0.0102081
-0.05408, 0.60963, 0.010325
0.161695, 0.607582, 0.0270882
0.171259, 0.606746, 0.0339289
0.180734, 0.605703, 0.0424638
0.19055, 0.605852, 0.0412436
0.2002, 0.605484, 0.0442562
0.209692, 0.604693, 0.0507331
0.219347, 0.604422, 0.0529461
0.229029, 0.604247, 0.0543852
0.238719, 0.604104, 0.0555491
0.248409, 0.603974, 0.056613
0.258173, 0.604026, 0.0561867
0.268054, 0.60434, 0.0536242
0.278141, 0.605079, 0.0475712
0.288252, 0.605818, 0.0415211
0.298058, 0.605889, 0.0409441
0.308566, 0.607336, 0.0291014
0.408612, 0.610456, 0.00356197
0.417821, 0.609527, 0.0111675
0.427017, 0.608622, 0.0185723
0.436763, 0.608523, 0.019382
0.446855, 0.608901, 0.0162883
0.456903, 0.609204, 0.0138078
0.466925, 0.60946, 0.0117188
0.477071, 0.609864, 0.00840712
0.614206, 0.609292, 0.0130882
0.623371, 0.608645, 0.0183849
0.63273, 0.608206, 0.0219789
0.64155, 0.607269, 0.0296516
0.652265, 0.608127, 0.022625
0.662005, 0.608064, 0.0231409
0.671796, 0.608049, 0.0232649
0.681852, 0.608271, 0.0214496
0.691882, 0.608464, 0.0198698
0.702321, 0.609005, 0.0154357
-0.397595, 0.621754, 0.0182285
-0.387574, 0.621426, 0.0208521
-0.377751, 0.621408, 0.0209999
-0.367853, 0.621263, 0.0221658
-0.357855, 0.620936, 0.0247803
-0.347972, 0.620795, 0.025908
-0.338172, 0.620798, 0.0258837
-0.328498, 0.621041, 0.0239382
-0.318958, 0.621559, 0.0197926
-0.309504, 0.622283, 0.0139885
-0.300013, 0.622977, 0.00842857
-0.250729, 0.622725, 0.0104446
-0.240335, 0.621276, 0.0220613
-0.230275, 0.620599, 0.027483
-0.220027, 0.619336, 0.0375996
-0.210004, 0.618616, 0.0433717
-0.200197, 0.618494, 0.0443501
-0.190426, 0.618479, 0.0444674
-0.180655, 0.618459, 0.0446258
-0.170879, 0.618418, 0.0449548
-0.161088, 0.618318, 0.0457587
-0.151288, 0.618165, 0.0469813
-0.141503, 0.618058, 0.0478401
-0.131777, 0.618212, 0.046608
-0.122082, 0.618547, 0.0439219
-0.112396, 0.618993, 0.0403461
-0.102741, 0.619707, 0.0346289
-0.0931283, 0.620855, 0.0254278
-0.0835221, 0.622322, 0.0136757
-0.0737687, 0.622935, 0.00876331
0.418196, 0.623194, 0.00668621
0.427407, 0.622279, 0.0140247
0.436556, 0.621315, 0.0217423
0.446164, 0.621034, 0.0239987
0.45593, 0.62098, 0.0244265
0.465768, 0.621024, 0.024076
0.475664, 0.621143, 0.0231271
0.485762, 0.621514, 0.020154
0.495609, 0.621556, 0.019815
0.505571, 0.621738, 0.0183558
0.515786, 0.622218, 0.0145092
0.525955, 0.622626, 0.01124
0.555239, 0.622392, 0.013113
0.564752, 0.622045, 0.0158925
0.574077, 0.621508, 0.0201979
0.583524, 0.621118, 0.0233254
0.593153, 0.620932, 0.024817
0.602457, 0.620417, 0.0289421
0.611544, 0.619698, 0.034698
0.621139, 0.619508, 0.036221
0.630706, 0.619298, 0.0379066
0.640339, 0.619158, 0.0390315
0.650037, 0.619083, 0.039628
0.659806, 0.619077, 0.0396748
0.669597, 0.619092, 0.0395555
0.679529, 0.619235, 0.0384145
0.689697, 0.619586, 0.0355988
0.699875, 0.619936, 0.032793
0.710211, 0.620415, 0.0289588
0.720969, 0.621243, 0.0223231
0.730781, 0.621246, 0.0222983
0.742124, 0.622533, 0.0119896
-0.388024, 0.635247, 0.0150633
-0.37783, 0.634623, 0.0199566
-0.367862, 0.634357, 0.0220418
-0.357907, 0.6341, 0.0240617
-0.347861, 0.633663, 0.027493
-0.337968, 0.633485, 0.0288868
-0.328137, 0.633419, 0.0294094
-0.318371, 0.633477, 0.0289512
-0.3087, 0.633732, 0.026947
-0.299155, 0.634275, 0.0226912
-0.289874, 0.635429, 0.0136333
-0.281193, 0.63803, -0.00677395
-0.250621, 0.635561, 0.0125957
-0.24034, 0.634368, 0.0219593
-0.230283, 0.633685, 0.0273175
-0.220016, 0.632343, 0.0378523
-0.210047, 0.631768, 0.0423584
-0.200252, 0.631689, 0.0429783
-0.19048, 0.631676, 0.0430851
-0.180706, 0.631657, 0.0432315
-0.170927, 0.631617, 0.0435424
-0.161125, 0.63148, 0.044621
-0.151311, 0.631275, 0.0462327
-0.141553, 0.631294, 0.0460796
-0.131842, 0.631541, 0.0441422
-0.122149, 0.631918, 0.0411859
-0.112486, 0.632529, 0.0363913
-0.102871, 0.633557, 0.0283213
-0.0932632, 0.634844, 0.0182209
-0.0835821, 0.63588, 0.010097
0.4279, 0.636111, 0.00827837
0.437305, 0.635484, 0.0132022
0.44632, 0.634331, 0.0222521
0.455771, 0.633832, 0.026165
0.465342, 0.633518, 0.0286307
0.475006, 0.633341, 0.030014
0.48471, 0.633224, 0.0309334
0.494445, 0.63315, 0.0315166
0.504278, 0.633204, 0.0310931
0.51406, 0.633191, 0.0311961
0.523933, 0.63329, 0.0304213
0.533841, 0.633426, 0.0293541
0.543659, 0.633453, 0.0291419
0.553038, 0.632975, 0.0328889
0.562675, 0.632806, 0.0342188
0.572284, 0.632611, 0.0357485
0.581809, 0.63233, 0.0379491
0.591458, 0.632192, 0.039032
0.601137, 0.632089, 0.0398402
0.610886, 0.632063, 0.0400453
0.620642, 0.632045, 0.0401878
0.630422, 0.632051, 0.0401392
0.640239, 0.632094, 0.039804
0.650033, 0.632112, 0.03966
0.659807, 0.632112, 0.0396643
0.669575, 0.632105, 0.0397162
0.679351, 0.632106, 0.039711
0.689114, 0.632095, 0.0397964
0.698979, 0.632177, 0.0391498
0.708889, 0.632297, 0.0382123
0.718936, 0.632533, 0.0363545
0.729198, 0.63295, 0.0330863
0.73983, 0.633673, 0.0274091
0.750899, 0.634746, 0.0189891
0.76123, 0.635177, 0.0156136
-0.388073, 0.648425, 0.0144458
-0.378026, 0.648044, 0.0173736
-0.367929, 0.647555, 0.0211301
-0.357908, 0.647176, 0.0240502
-0.347891, 0.646783, 0.0270715
-0.337835, 0.646294, 0.0308304
-0.327914, 0.646039, 0.0327878
-0.318061, 0.645909, 0.0337873
-0.308167, 0.645683, 0.0355268
-0.298363, 0.645639, 0.0358663
-0.288617, 0.64572, 0.0352445
-0.279235, 0.646648, 0.0281048
-0.27049, 0.649175, 0.00867891
-0.260887, 0.649755, 0.00421667
-0.25042, 0.648146, 0.0165882
-0.240273, 0.647267, 0.0233512
-0.230161, 0.646409, 0.0299473
-0.219996, 0.645323, 0.0382967
-0.210088, 0.644922, 0.0413775
-0.200301, 0.644872, 0.041759
-0.190527, 0.64486, 0.0418534
-0.180749, 0.644833, 0.0420637
-0.170955, 0.644745, 0.0427418
-0.161132, 0.644529, 0.0443978
-0.151344, 0.644433, 0.045136
-0.141618, 0.644606, 0.0438094
-0.131916, 0.644922, 0.0413804
-0.122237, 0.645413, 0.037601
-0.112619, 0.646333, 0.0305328
-0.103007, 0.647471, 0.0217757
-0.0933748, 0.648709, 0.0122585
-0.0836131, 0.649232, 0.00824213
0.437851, 0.649396, 0.00697517
0.447431, 0.649022, 0.00985765
0.456636, 0.648128, 0.0167279
0.465712, 0.647095, 0.0246696
0.4751, 0.646527, 0.029036
0.484617, 0.646156, 0.031888
0.494202, 0.645888, 0.0339522
0.503868, 0.645734, 0.0351319
0.513546, 0.6456, 0.0361619
0.523244, 0.645497, 0.0369582
0.53295, 0.645407, 0.0376453
0.542667, 0.645333, 0.0382147
0.552448, 0.645337, 0.0381885
0.562236, 0.645349, 0.038095
0.572017, 0.645352, 0.0380712
0.581845, 0.645408, 0.0376406
0.591674, 0.645463, 0.0372205
0.601476, 0.645487, 0.0370364
0.61126, 0.645491, 0.0370054
0.621011, 0.64546, 0.0372443
0.630759, 0.645428, 0.0374885
0.640534, 0.645423, 0.0375233
0.650325, 0.645435, 0.0374351
0.660107, 0.645438, 0.0374103
0.669887, 0.645439, 0.0374036
0.679674, 0.645445, 0.037354
0.689458, 0.64545, 0.0373168
0.699317, 0.645524, 0.0367517
0.709208, 0.645623, 0.0359855
0.719061, 0.645687, 0.0354943
0.728932, 0.645765, 0.0348935
0.738905, 0.64593, 0.0336289
0.749195, 0.646364, 0.030292
0.760418, 0.647582, 0.0209255
-0.378175, 0.661397, 0.0154028
-0.368063, 0.660878, 0.0193176
-0.357935, 0.6603, 0.0236754
-0.347834, 0.659741, 0.0278878
-0.337792, 0.659266, 0.0314627
-0.327749, 0.658759, 0.035285
-0.317793, 0.658402, 0.0379758
-0.307871, 0.658094, 0.0403013
-0.298101, 0.658102, 0.0402389
-0.288396, 0.658259, 0.0390563
-0.278739, 0.658541, 0.0369325
-0.269101, 0.658891, 0.0342932
-0.259891, 0.660352, 0.023284
-0.250271, 0.660846, 0.0195565
-0.240178, 0.660082, 0.0253134
-0.229942, 0.658842, 0.0346651
-0.219951, 0.658224, 0.0393181
-0.210135, 0.658096, 0.0402813
-0.200346, 0.658046, 0.0406599
-0.190561, 0.658005, 0.0409722
-0.180765, 0.65792, 0.0416121
-0.170951, 0.657754, 0.0428591
-0.161145, 0.657601, 0.0440121
-0.151402, 0.657703, 0.0432487
-0.141703, 0.658024, 0.0408249
-0.132031, 0.658523, 0.0370669
-0.122422, 0.659449, 0.0300894
-0.112816, 0.660548, 0.0218015
-0.10317, 0.661596, 0.0139046
-0.0934209, 0.662141, 0.00979757
0.457512, 0.66249, 0.00716734
0.466783, 0.661685, 0.0132375
0.476295, 0.661248, 0.0165291
0.4856, 0.660547, 0.0218134
0.494698, 0.659597, 0.0289717
0.50423, 0.659253, 0.0315647
0.51382, 0.658994, 0.0335164
0.523496, 0.658855, 0.0345621
0.533204, 0.65876, 0.0352807
0.542956, 0.658721, 0.0355744
0.552808, 0.658803, 0.0349541
0.56264, 0.658859, 0.034534
0.572443, 0.65888, 0.0343752
0.582272, 0.65893, 0.0340009
0.592096, 0.658971, 0.0336857
0.602216, 0.659337, 0.0309329
0.612075, 0.659409, 0.0303922
0.621914, 0.659458, 0.0300212
0.632106, 0.659873, 0.0268941
0.641946, 0.659914, 0.0265837
0.651787, 0.659955, 0.0262747
0.661642, 0.660008, 0.0258708
0.671517, 0.66008, 0.025331
0.681309, 0.660069, 0.0254121
0.691034, 0.659995, 0.0259752
0.700634, 0.659804, 0.0274096
0.710045, 0.659444, 0.0301237
0.719732, 0.659346, 0.0308642
0.729315, 0.659157, 0.0322881
0.739215, 0.659256, 0.0315423
0.749217, 0.659442, 0.0301428
0.759302, 0.659695, 0.0282354
0.769811, 0.660305, 0.0236335
-0.368168, 0.674156, 0.0179005
-0.357986, 0.673471, 0.022964
-0.347768, 0.672678, 0.0288234
-0.337571, 0.67188, 0.0347252
-0.327553, 0.671401, 0.0382624
-0.317626, 0.671086, 0.0405874
-0.30778, 0.670929, 0.0417523
-0.297992, 0.670889, 0.0420461
-0.288284, 0.671033, 0.0409813
-0.278605, 0.671259, 0.0393119
-0.268933, 0.671519, 0.0373926
-0.259313, 0.67193, 0.0343552
-0.25003, 0.673284, 0.0243449
-0.24002, 0.672708, 0.0286036
-0.229826, 0.671547, 0.0371823
-0.219962, 0.67129, 0.0390844
-0.210166, 0.671228, 0.0395427
-0.200374, 0.67117, 0.0399656
-0.190574, 0.671081, 0.0406256
-0.180754, 0.670907, 0.0419145
-0.170946, 0.67076, 0.0429964
-0.161206, 0.670877, 0.0421381
-0.151506, 0.671188, 0.0398331
-0.141832, 0.671666, 0.0363045
-0.132243, 0.672642, 0.0290885
-0.12265, 0.673755, 0.020864
-0.113018, 0.674832, 0.0129042
-0.103271, 0.675359, 0.00901175
0.486467, 0.67483, 0.0129232
0.495823, 0.674189, 0.0176616
0.505677, 0.674236, 0.017312
0.515076, 0.673686, 0.0213752
0.52457, 0.67328, 0.0243788
0.534249, 0.673121, 0.0255523
0.543949, 0.672994, 0.0264926
0.553765, 0.673012, 0.0263553
0.563563, 0.673009, 0.0263815
0.573661, 0.673357, 0.0238075
0.583479, 0.673371, 0.0237069
0.593278, 0.673362, 0.0237665
0.603117, 0.673399, 0.023499
0.612871, 0.673341, 0.0239263
0.62253, 0.673181, 0.025105
0.632487, 0.673346, 0.0238914
0.642541, 0.673606, 0.0219698
0.691831, 0.673841, 0.0202336
0.701352, 0.673559, 0.0223117
0.711013, 0.673419, 0.0233479
0.721122, 0.673701, 0.021265
0.730771, 0.673552, 0.0223665
0.740497, 0.673477, 0.0229244
0.750069, 0.673264, 0.0244927
0.759843, 0.673237, 0.0246935
0.769852, 0.673416, 0.0233679
-0.368323, 0.687537, 0.0157957
-0.358055, 0.686681, 0.0220008
-0.347784, 0.68577, 0.028605
-0.337495, 0.684772, 0.0358419
-0.327454, 0.684233, 0.0397511
-0.317553, 0.683961, 0.0417228
-0.307718, 0.683819, 0.0427518
-0.297934, 0.683783, 0.0430126
-0.288199, 0.683861, 0.0424461
-0.278503, 0.684043, 0.0411229
-0.26882, 0.684269, 0.0394864
-0.25917, 0.6846, 0.037087
-0.249768, 0.685638, 0.0295649
-0.239848, 0.68528, 0.0321622
-0.229805, 0.684526, 0.0376234
-0.219989, 0.684409, 0.0384746
-0.210184, 0.684319, 0.039125
-0.200376, 0.684212, 0.0399041
-0.190554, 0.684041, 0.0411401
-0.180751, 0.683921, 0.0420089
-0.171027, 0.684106, 0.0406671
-0.161351, 0.684518, 0.0376797
-0.151715, 0.685163, 0.0330038
-0.142121, 0.686102, 0.0262022
-0.132503, 0.687052, 0.0193119
-0.122871, 0.688078, 0.0118732
-0.113111, 0.688504, 0.00878763
0.525489, 0.687556, 0.0156603
0.53488, 0.687002, 0.0196733
0.544526, 0.686789, 0.0212178
0.554336, 0.686788, 0.0212283
0.564156, 0.686798, 0.0211549
0.574037, 0.686882, 0.0205479
0.741364, 0.687357, 0.0170994
0.750933, 0.687128, 0.0187607
0.761123, 0.687466, 0.0163121
0.771018, 0.687532, 0.0158329
-0.358186, 0.700016, 0.0201869
-0.347911, 0.699089, 0.0267792
-0.337616, 0.698067, 0.0340533
-0.327409, 0.697168, 0.0404434
-0.317474, 0.696814, 0.0429635
-0.307657, 0.696704, 0.0437431
-0.29788, 0.696682, 0.0439038
-0.288144, 0.696755, 0.0433865
-0.278432, 0.696894, 0.0423937
-0.26875, 0.69712, 0.0407839
-0.259118, 0.6975, 0.0380821
-0.249625, 0.698297, 0.0324163
-0.239712, 0.697938, 0.0349689
-0.229821, 0.697612, 0.0372882
-0.219999, 0.697479, 0.0382352
-0.210172, 0.697316, 0.0393934
-0.20034, 0.697119, 0.0407963
-0.190547, 0.697044, 0.0413294
-0.180849, 0.697328, 0.0393105
-0.171216, 0.69791, 0.0351658
-0.161636, 0.698792, 0.0288959
-0.152037, 0.699696, 0.022459
-0.142395, 0.70052, 0.0165997
-0.132736, 0.701371, 0.0105481
-0.122922, 0.701477, 0.00979137
-0.358363, 0.713453, 0.017725
-0.347882, 0.712097, 0.0271931
-0.337866, 0.711641, 0.0303755
-0.32743, 0.710246, 0.040122
-0.317403, 0.709681, 0.044066
-0.307591, 0.709576, 0.0447965
-0.297839, 0.709605, 0.0445967
-0.288113, 0.709701, 0.0439239
-0.27841, 0.709863, 0.0427914
-0.268731, 0.710103, 0.0411201
-0.25914, 0.710596, 0.0376735
-0.249467, 0.710899, 0.0355568
-0.239636, 0.710759, 0.03654
-0.229797, 0.710578, 0.0378027
-0.219957, 0.710381, 0.0391793
-0.210123, 0.710184, 0.0405498
-0.200348, 0.710178, 0.0405946
-0.190689, 0.710603, 0.0376239
-0.181118, 0.711417, 0.0319409
-0.171562, 0.71239, 0.0251451
-0.161926, 0.713129, 0.0199876
-0.152284, 0.713933, 0.0143747
-0.14258, 0.714537, 0.0101533
-0.132818, 0.714919, 0.00748634
-0.347619, 0.724614, 0.0309582
-0.337367, 0.723627, 0.037724
-0.327297, 0.722985, 0.042129
-0.317357, 0.722596, 0.0447931
-0.30757, 0.722546, 0.0451403
-0.297831, 0.722606, 0.0447245
-0.288115, 0.722728, 0.043889
-0.278411, 0.722891, 0.0427709
-0.268759, 0.723205, 0.0406175
-0.259121, 0.723584, 0.0380192
-0.249338, 0.72357, 0.038115
-0.239533, 0.723487, 0.0386853
-0.229721, 0.723377, 0.0394368
-0.21991, 0.723261, 0.0402369
-0.210182, 0.723418, 0.0391612
-0.200575, 0.724025, 0.0349979
-0.191055, 0.72503, 0.0281043
-0.181484, 0.725935, 0.0219016
-0.171851, 0.726686, 0.0167499
-0.162199, 0.727437, 0.0116014
-0.15241, 0.727635, 0.0102377
-0.348155, 0.738807, 0.0232973
-0.337324, 0.736572, 0.0383525
-0.327264, 0.735937, 0.0426321
-0.317388, 0.735689, 0.0443053
-0.307606, 0.73565, 0.0445695
-0.297867, 0.735714, 0.0441337
-0.288145, 0.735827, 0.0433726
-0.278475, 0.736086, 0.0416284
-0.2688, 0.736348, 0.0398626
-0.259033, 0.73637, 0.0397186
-0.249246, 0.736336, 0.0399456
-0.239456, 0.736288, 0.0402713
-0.229711, 0.736378, 0.0396647
-0.22006, 0.736794, 0.03686
-0.210513, 0.737611, 0.0313563
-0.201019, 0.738702, 0.0240045
-0.19144, 0.739579, 0.0180969
-0.181802, 0.740313, 0.0131555
-0.172079, 0.740757, 0.0101652
-0.162315, 0.741076, 0.00801706
-0.33845, 0.752111, 0.0217924
-0.327645, 0.749833, 0.0368676
-0.317538, 0.749064, 0.0419574
-0.307692, 0.748879, 0.0431852
-0.297957, 0.748964, 0.0426207
-0.288249, 0.74912, 0.0415864
-0.278498, 0.749175, 0.0412278
-0.268736, 0.749204, 0.0410333
-0.258997, 0.7493, 0.0403981
-0.249284, 0.749483, 0.0391889
-0.23964, 0.749895, 0.036459
-0.230098, 0.750673, 0.0313087
-0.220618, 0.751735, 0.0242772
-0.211074, 0.752666, 0.0181174
-0.201455, 0.75341, 0.0131941
-0.191747, 0.753875, 0.0101151
-0.181939, 0.753981, 0.00941277
-0.338892, 0.76619, 0.0152941
-0.328654, 0.765225, 0.021574
-0.318268, 0.763844, 0.03056
-0.307751, 0.76205, 0.0422273
-0.297921, 0.761898, 0.0432191
-0.288237, 0.762119, 0.0417814
-0.278571, 0.762404, 0.0399251
-0.268947, 0.762832, 0.0371399
-0.259398, 0.763511, 0.0327239
-0.249896, 0.764389, 0.0270133
-0.240392, 0.765329, 0.020895
-0.230819, 0.766122, 0.0157351
-0.221191, 0.766797, 0.0113449
-0.211365, 0.766814, 0.0112371
-0.328665, 0.778331, 0.02141
-0.31748, 0.774978, 0.0428596
-0.30733, 0.774016, 0.0490084
-0.297987, 0.775093, 0.0421238
-0.289055, 0.777346, 0.0277085
-0.27944, 0.777856, 0.024446
-0.269876, 0.778551, 0.0200052
-0.260315, 0.779308, 0.0151596
-0.250514, 0.779378, 0.0147142
-0.240812, 0.779772, 0.0121951
-0.327086, 0.787609, 0.0453339
-0.317046, 0.786925, 0.0496373
-0.307505, 0.787473, 0.0461912
