0.0950577, 0.981481, -0.166313
0.0950577, 0.981481, -0.166313
-0.132639, 0.982402, -0.131502
-0.406055, 0.0899353, 0.909413
-0.406055, 0.0899353, 0.909413
-0.469387, 0.511147, 0.720003
-0.65604, -0.139439, 0.741733
-0.638213, -0.646817, 0.417507
-0.638213, -0.646817, 0.417507
0.550056, 0.793404, -0.26067
0.31771, 0.928483, -0.192299
-0.132639, 0.982402, -0.131502
0.20415, 0.955229, -0.214149
0.242146, 0.535887, 0.808821
-0.406055, 0.0899353, 0.909413
0.242146, 0.535887, 0.808821
-0.336119, 0.256978, 0.906083
-0.469387, 0.511147, 0.720003
-0.65604, -0.139439, 0.741733
-0.54185, -0.726082, 0.423323
-0.724618, -0.55746, 0.405176
-0.431469, -0.782907, 0.448209
0.550056, 0.793404, -0.26067
0.740099, 0.597306, -0.308995
0.516237, 0.812479, -0.270884
0.340518, 0.89567, 0.286046
0.242146, 0.535887, 0.808821
0.737999, 0.644682, 0.199355
0.531307, 0.60965, 0.588251
-0.369748, 0.0940233, 0.924362
-0.163529, -0.0272545, 0.986162
-0.260552, 0.109998, 0.959173
-0.41435, -0.680893, 0.603903
-0.0785114, -0.899832, 0.429114
0.0655058, -0.761346, 0.645028
0.635997, 0.713677, -0.293553
0.736655, 0.651355, 0.181866
0.278889, -0.0523305, 0.958897
0.0814806, 0.366063, 0.927016
-0.137786, 0.88129, 0.452042
0.806413, 0.571592, 0.151594
0.481192, 0.37632, 0.79173
-0.369748, 0.0940233, 0.924362
-0.553392, 0.209561, 0.806127
0.254085, -0.299895, 0.919513
-0.72939, -0.318373, 0.605499
-0.936841, -0.0729179, 0.34207
0.926069, 0.0284153, 0.376283
0.58123, -0.597592, 0.552318
0.0814806, 0.366063, 0.927016
-0.133449, 0.705738, 0.695791
-0.816296, 0.0425516, 0.576064
-0.864873, 0.467464, 0.182953
-0.943379, 0.00380877, 0.331694
0.796437, -0.0596568, 0.601772
0.915926, 0.00485982, 0.401317
-0.389709, -0.209608, 0.896767
-0.695707, -0.444843, 0.564009
-0.791478, -0.464085, 0.397728
-0.932971, -0.0726537, 0.352544
-0.436312, -0.213874, 0.874008
-0.539083, -0.457504, 0.707163
-0.75608, -0.467193, 0.458338
-0.710358, -0.577528, 0.40231
-0.888394, -0.188838, 0.418445
0.981722, 0.0690915, 0.177337
0.934154, -0.19793, 0.296951
-0.750464, -0.479054, 0.455314
-0.745085, -0.530301, 0.404512
-0.824575, -0.152957, 0.544683
0.99204, -0.110407, -0.0605622
0.644089, -0.646727, 0.408527
0.0431048, -0.875659, 0.481003
0.0660779, -0.891288, 0.448598
0.30887, -0.888194, 0.340164
0.341793, -0.897929, 0.277311
0.248503, -0.925631, 0.285402
-0.763445, -0.504849, 0.402839
-0.70257, -0.572177, 0.423094
0.769193, -0.549581, 0.326042
0.889448, -0.428204, 0.159762
0.918309, -0.341022, 0.201029
0.947554, -0.302509, 0.103102
-0.85068, -0.308111, 0.425924
-0.678761, -0.596204, 0.428748
-0.815487, -0.343367, 0.465918
-0.49594, 0.491118, 0.716133
0.907415, -0.199037, 0.37011
0.247432, -0.863656, 0.439177
-0.141616, -0.840385, 0.523161
0.0217356, -0.887132, 0.461004
0.313878, -0.889202, 0.332866
0.56175, -0.804141, 0.194409
0.227354, -0.931529, 0.283838
-0.496721, -0.735469, 0.460818
-0.882987, 0.0570287, 0.465921
0.45841, -0.297028, 0.837636
0.869722, -0.450446, 0.201698
0.965496, -0.260389, 0.00394473
0.996544, -0.0826209, -0.00859321
-0.919782, -0.0564279, 0.388353
-0.926845, 0.0146628, 0.375157
-0.821038, 0.382589, 0.423701
-0.166664, 0.948306, 0.270071
0.147155, 0.96053, 0.236067
-0.095327, 0.857842, 0.504994
-0.526085, 0.648896, 0.549699
-0.449702, 0.578799, 0.680265
0.338541, 0.275751, 0.89964
0.868867, -0.369108, 0.329893
0.740607, -0.631377, 0.229925
0.189996, -0.742295, 0.642572
-0.734878, 0.427646, 0.526378
-0.176332, 0.764137, 0.620485
0.901515, 0.402384, 0.159244
0.987328, 0.138838, -0.0768669
0.976407, 0.143583, -0.161284
0.917201, 0.336188, -0.213822
0, 0, 0
-0.882194, 0.365914, 0.296379
-0.870126, 0.429657, 0.241405
-0.563305, 0.816296, 0.127858
-0.00432325, 0.999833, -0.0177355
0.14027, 0.989286, -0.0404708
-0.00682411, 0.999971, 0.00331649
-0.232359, 0.972301, 0.0252803
-0.216064, 0.976358, 0.00643749
-0.0985306, 0.995131, -0.00238331
0.184261, 0.982677, -0.0198217
0.506378, 0.862253, 0.0100566
0.448628, 0.836399, 0.314913
-0.189455, 0.912989, 0.361327
0.123437, 0.981344, 0.147402
0.57919, 0.807559, -0.111296
0.757076, 0.614546, -0.221741
0.882924, 0.399591, -0.24652
0.861641, 0.454163, -0.226519
0.857815, 0.513915, 0.00667315
-0.617943, 0.628369, 0.472546
-0.617943, 0.628369, 0.472546
0.0419945, 0.0971966, 0.994379
0.0419945, 0.0971966, 0.994379
-0.841787, 0.42314, 0.335183
-0.752603, 0.613185, 0.239985
-0.453768, 0.888078, 0.0735618
-0.226123, 0.974087, 0.00488622
-0.0235355, 0.995465, -0.0921709
0.11077, 0.983877, -0.140415
0.066165, 0.989651, -0.127329
-0.120706, 0.988492, -0.0911772
-0.213111, 0.975269, -0.0586009
-0.110575, 0.989625, -0.0917389
-0.00973467, 0.996259, -0.0858643
-0.0911354, 0.994879, -0.0437102
-0.0768512, 0.996341, -0.0374092
0.298458, 0.941454, -0.156803
0.576201, 0.783451, -0.232801
0.71557, 0.666871, -0.207949
0.838701, 0.492263, -0.232932
0.874012, 0.479258, -0.0800896
0.804267, 0.54388, 0.239479
0.689759, 0.701337, 0.179886
0.488482, 0.780098, 0.390939
-0.617943, 0.628369, 0.472546
0.0647857, 0.946163, 0.317142
-0.447879, 0.603292, 0.659881
-0.447879, 0.603292, 0.659881
0.506335, -0.467995, 0.724297
-0.241681, -0.329306, 0.912769
-0.855303, 0.26315, 0.446329
-0.843656, 0.363716, 0.394912
-0.284172, 0.936739, 0.204368
0.382442, 0.918239, -0.102835
0.445209, 0.874162, -0.193983
0.152367, 0.978216, -0.140986
0.0188421, 0.992562, -0.120273
-0.0898633, 0.991599, -0.0930379
-0.14831, 0.985651, -0.0806029
-0.111541, 0.990613, -0.0790189
-0.0705655, 0.994769, -0.0738589
-0.0592915, 0.996685, -0.0557093
0.0442997, 0.995747, -0.0807832
0.278199, 0.948912, -0.148902
0.443349, 0.874324, -0.197484
0.689759, 0.701337, 0.179886
0.546658, 0.829719, 0.112836
0.546658, 0.829719, 0.112836
0.902317, 0.253841, 0.348408
0.902317, 0.253841, 0.348408
0.709209, 0.704527, -0.0257754
0.0647857, 0.946163, 0.317142
-0.519919, 0.210204, 0.827948
-0.805952, 0.0156519, 0.591774
0.45303, -0.647757, 0.612515
-0.170625, -0.351907, 0.920353
-0.703277, 0.571469, 0.422877
0.191512, 0.981207, 0.0235792
0.574462, 0.801086, -0.16809
0.469772, 0.868937, -0.155765
0.546658, 0.829719, 0.112836
0.546658, 0.829719, 0.112836
0.902317, 0.253841, 0.348408
0.847049, 0.503736, 0.169582
0.847049, 0.503736, 0.169582
-0.81085, 0.24604, 0.531023
-0.769698, 0.462455, 0.440114
-0.0478299, 0.916472, 0.397229
0.287215, 0.880463, 0.377217
0.359463, 0.93215, -0.0434006
0.567422, 0.810683, -0.144307
0.455084, 0.884975, -0.0985727
-0.452029, 0.76244, 0.462986
-0.202456, 0.862562, 0.463679
0.207352, 0.944951, 0.253126
0.419113, 0.905574, 0.0654194
0.467444, 0.87894, -0.0946641
0, 0, 0
