-0.125841, 0.032212, 0.991527
0.196136, 0.112326, 0.974122
0.644518, 0.222297, 0.73156
0.776559, 0.202362, 0.596662
0.836746, 0.180679, 0.516925
0, 0, 0
-0.660306, 0.268652, 0.7013
-0.5331, -0.180943, 0.826477
0.311436, 0.237683, 0.920062
0.708257, 0.221931, 0.670163
0.836746, 0.180679, 0.516925
0.874166, 0.19898, 0.442991
-0.644232, -0.372681, 0.667887
-0.644232, -0.372681, 0.667887
-0.660306, 0.268652, 0.7013
-0.63301, 0.655387, 0.412028
-0.327336, 0.715261, 0.617457
0.470911, 0.539612, 0.697898
0.90529, 0.215848, 0.365868
0.802476, 0.213684, 0.55711
-0.626624, -0.251107, 0.737758
-0.583642, -0.198582, 0.787355
-0.644232, -0.372681, 0.667888
-0.0400572, -0.0590746, 0.99745
-0.388557, -0.708385, 0.58925
-0.269569, -0.655006, 0.705904
-0.225841, -0.563017, 0.794989
-0.490993, 0.718156, 0.49313
-0.49342, 0.755719, 0.43061
-0.056387, 0.801513, 0.595313
0.51666, 0.612584, 0.598166
0.761039, -0.205014, 0.615459
0.40612, -0.10639, 0.907606
0.487481, -0.407812, 0.772044
0.528402, -0.531238, 0.662252
-0.662546, -0.0599341, 0.746619
-0.691715, -0.223919, 0.686579
-0.556774, -0.276388, 0.783334
-0.375011, 0.101402, 0.921458
0.943803, 0.160022, 0.289188
0.803749, 0.370675, 0.46539
-0.444788, -0.609136, 0.656595
-0.340255, -0.799067, 0.4957
-0.429356, -0.604025, 0.671422
-0.00914332, -0.489145, 0.872154
0.220958, -0.198393, 0.954891
-0.282799, 0.800977, 0.527693
-0.0122293, 0.80052, 0.599182
0.304836, 0.529508, 0.791641
-0.212113, 0.543917, 0.811888
0.3633, -0.126311, 0.92307
0.448066, -0.568945, 0.689593
0.604181, -0.488951, 0.6292
0.708552, -0.347567, 0.614126
0.846181, -0.257394, 0.466611
-0.375543, -0.116459, 0.919459
-0.675055, -0.177211, 0.716168
-0.575572, 0.225426, 0.786066
-0.359027, 0.58109, 0.730366
-0.199808, 0.509843, 0.836742
0.587309, 0.5461, 0.597364
0.803749, 0.370675, 0.46539
-0.139693, -0.655507, 0.742157
-0.775945, -0.212817, 0.593817
-0.668123, -0.428371, 0.608367
-0.279248, -0.53596, 0.796723
0.0715078, -0.186996, 0.979755
0.419168, 0.120993, 0.89981
0.356036, 0.0533013, 0.932951
-0.134568, 0.376725, 0.916498
-0.502093, 0.56476, 0.654942
-0.0854863, 0.0119821, 0.996267
0.639968, -0.279027, 0.71595
0.846181, -0.257394, 0.466611
0.851831, -0.201673, 0.483437
-0.279695, -0.314708, 0.907045
-0.118613, -0.231529, 0.96557
-0.369315, -0.390681, 0.843193
0.0117829, 0.24768, 0.96877
0.115174, 0.772782, 0.624134
-0.269834, 0.553083, 0.788219
0.0104917, 0.603188, 0.79753
0.21261, 0.579364, 0.786851
0.587309, 0.5461, 0.597364
-0.536603, -0.256946, 0.803764
-0.530026, -0.206923, 0.822348
-0.38554, -0.320541, 0.865224
-0.139693, -0.655507, 0.742157
-0.424703, -0.680841, 0.596727
-0.627069, -0.730624, 0.270136
-0.780785, -0.439983, 0.44361
-0.972674, -0.0888963, 0.214483
-0.534197, -0.0792661, 0.841636
-0.0567569, 0.386384, 0.92059
0.368698, 0.475014, 0.799014
0.526317, 0.50833, 0.681609
0.514333, 0.458034, 0.725029
-0.418941, 0.400482, 0.814925
-0.577448, 0.536954, 0.615007
0.306614, 0.203633, 0.929797
0.854568, -0.145262, 0.49861
0.807656, -0.168661, 0.565017
-0.488511, -0.0952241, 0.867346
-0.545473, -0.303402, 0.781285
0.0102998, -0.298765, 0.954271
0.482087, 0.168336, 0.859799
0.690366, 0.436172, 0.57719
0.298462, 0.531919, 0.792454
0.0510364, -0.495302, 0.86722
0.127264, -0.44565, 0.886115
0.0272568, -0.229811, 0.972854
-0.549392, -0.350312, 0.758584
-0.517952, -0.160774, 0.840165
-0.512383, -0.105642, 0.852234
-0.314293, -0.312155, 0.896537
-0.351494, -0.888009, 0.296467
-0.742365, -0.625677, 0.23963
-0.739929, -0.622935, 0.253883
-0.36692, -0.252664, 0.895283
0.318485, 0.488661, 0.812267
0.280924, 0.814362, 0.507834
0.235842, 0.849975, 0.471084
0.530502, 0.685102, 0.499203
0.532724, 0.601589, 0.595227
-0.2895, 0.440778, 0.84965
-0.507201, 0.444013, 0.738647
0.664019, -0.0109223, 0.747636
0.819592, -0.251405, 0.514845
0.805272, -0.244844, 0.539989
-0.36009, 0.0800621, 0.929476
-0.405175, 0.118095, 0.906579
0.314705, 0.453791, 0.833687
0.589104, 0.439519, 0.678071
0.598375, 0.354641, 0.718455
-0.405022, -0.213574, 0.889013
-0.123273, -0.546483, 0.828348
0.223584, -0.427026, 0.876162
0.273873, -0.3368, 0.900866
0.149443, 0.292015, 0.944666
-0.297041, 0.616646, 0.72905
-0.604074, 0.559524, 0.567475
-0.793697, -0.55277, 0.253949
-0.765597, -0.598478, 0.235977
-0.388108, -0.875479, 0.287939
0.207058, -0.560553, 0.801815
0.714789, 0.202128, 0.669493
0.775461, 0.477249, 0.413394
0.424862, 0.693787, 0.581508
0.353004, 0.791929, 0.498233
0.388792, 0.778796, 0.492259
-0.109143, 0.35608, 0.92806
-0.0158313, 0.341652, 0.939693
0.790244, -0.238067, 0.564658
0.763583, -0.199971, 0.613964
-0.352711, 0.0319071, 0.935188
-0.530419, -0.0497265, 0.846276
0.176781, 0.525027, 0.832523
0.452949, 0.548867, 0.702554
0.456744, 0.4855, 0.745435
-0.741257, 0.180358, 0.646536
-0.785488, 0.0126203, 0.618749
-0.196647, -0.0490351, 0.979247
0.536247, -0.112174, 0.836574
0.735334, 0.0541982, 0.675535
0.579569, 0.417036, 0.700129
-0.0492021, 0.538964, 0.840891
-0.816556, 0.0323455, 0.57636
-0.821467, -0.523724, 0.225621
-0.756434, -0.551727, 0.351291
0.233147, -0.364519, 0.901537
0.810241, -0.051151, 0.583861
0.887353, 0.233465, 0.397616
0.807096, 0.309871, 0.502569
-0.274852, 0.405738, 0.871684
-0.513032, 0.439059, 0.737581
0.561541, -0.0328098, 0.826798
0.824054, -0.262177, 0.502194
0.787184, -0.275201, 0.551911
-0.419623, -0.109832, 0.901029
-0.49721, -0.20213, 0.843757
0.0360108, 0.34156, 0.93917
0.413631, 0.546619, 0.728091
0.350988, 0.545142, 0.761332
-0.741257, 0.180358, 0.646536
-0.674149, 0.342529, 0.654368
-0.335916, 0.21036, 0.918101
0.41543, 0.14482, 0.898023
0.801015, 0.0377814, 0.597451
0.728617, 0.191419, 0.657629
-0.684406, -0.17555, 0.707651
-0.449589, 0.0127232, 0.893145
0.463821, 0.171534, 0.869164
0.848813, 0.247729, 0.467062
0.862164, 0.215608, 0.45846
-0.196535, 0.340414, 0.919506
-0.207167, 0.337057, 0.918409
0.732602, -0.274197, 0.622985
0.799795, -0.287446, 0.526975
0.762302, -0.341092, 0.550047
-0.454698, -0.242136, 0.8571
-0.577693, -0.219263, 0.786254
-0.142681, 0.102704, 0.984426
0.451284, 0.457081, 0.766433
0.349414, 0.417697, 0.838713
-0.543646, 0.270196, 0.794634
-0.560237, 0.261752, 0.785888
0.359348, 0.30558, 0.881754
0.75056, 0.244052, 0.614083
0.755704, 0.194647, 0.625319
-0.625058, 0.0874305, 0.775666
-0.730541, -0.0100263, 0.682795
-0.219141, 0.30911, 0.925434
0.627467, 0.424237, 0.652923
0.838504, 0.416445, 0.351404
0.848117, 0.333843, 0.411396
-0.374175, 0.398195, 0.837516
-0.526901, 0.444133, 0.724653
0.256503, 0.0203864, 0.966329
0.721138, -0.393095, 0.57047
0.683834, -0.386278, 0.619
-0.373812, -0.396583, 0.838443
-0.507114, -0.375836, 0.775617
-0.253203, -0.117418, 0.960261
0.413813, 0.398945, 0.818292
0.462708, 0.284858, 0.839498
0.459016, 0.372609, 0.806515
-0.541292, 0.243191, 0.804899
-0.57548, 0.251827, 0.778078
0.390605, 0.334382, 0.857681
0.698705, 0.297772, 0.650495
0.704935, 0.261677, 0.659235
-0.534881, 0.143857, 0.832591
-0.501293, 0.18233, 0.845849
0.195731, 0.535532, 0.82152
0.666046, 0.621422, 0.412573
0.724056, 0.522937, 0.449755
-0.378501, 0.256577, 0.889329
-0.501183, 0.229284, 0.834413
0.394084, -0.366638, 0.842778
0.751612, -0.459124, 0.473587
0.707753, -0.455854, 0.539707
-0.266887, -0.502904, 0.822106
-0.375414, -0.468658, 0.79964
-0.227684, -0.333348, 0.914899
0.454169, 0.294485, 0.840838
0.409759, 0.328571, 0.850963
0.429398, 0.33796, 0.837496
-0.534763, 0.202041, 0.820492
-0.485804, 0.214937, 0.847229
0.415624, 0.261109, 0.871251
0.66179, 0.241814, 0.70962
0.386465, 0.273266, 0.880892
-0.243276, 0.128943, 0.961348
-0.334209, 0.248886, 0.909044
0.638315, 0.53571, 0.552783
0.719471, 0.597336, 0.354333
0.69335, 0.6099, 0.383781
-0.603217, 0.271392, 0.749983
-0.619881, 0.249438, 0.743995
-0.349324, -0.0274144, 0.936601
0.556039, -0.43644, 0.707348
0.787551, -0.453925, 0.416792
0.837115, -0.327146, 0.438423
-0.450529, -0.384345, 0.805793
-0.264416, -0.522221, 0.810783
-0.157285, -0.511153, 0.844976
0.509742, -0.0697054, 0.857499
0.61972, 0.271993, 0.736184
0.497391, 0.300064, 0.81398
-0.536945, 0.150641, 0.830059
-0.539413, 0.138002, 0.830656
0.435733, 0.163297, 0.885139
0.632322, 0.166843, 0.756527
-0.982454, 0.00798927, 0.186333
-0.821051, -0.109072, 0.560339
-0.450079, -0.168841, 0.876882
0.393094, 0.210666, 0.89504
0.770434, 0.495213, 0.401491
0.747336, 0.509427, 0.426583
-0.649969, 0.290524, 0.702236
-0.677239, 0.33035, 0.657431
-0.577993, 0.273619, 0.768802
0.202343, 0.0135406, 0.979221
0.870776, -0.194153, 0.451724
0.877667, -0.187168, 0.441213
-0.630542, -0.195528, 0.751123
-0.650108, -0.221696, 0.726781
-0.408118, -0.384423, 0.828045
0.31504, -0.289236, 0.903932
0.784647, -0.00559881, 0.619918
0.70031, 0.0779898, 0.709566
-0.568297, 0.104724, 0.816132
-0.582248, 0.0980376, 0.807079
0.441592, 0.121116, 0.889004
0.622444, 0.131503, 0.771538
-0.949915, -0.230025, 0.211541
-0.982511, -0.0208169, 0.185037
-0.205199, -0.0625809, 0.976717
0.760433, 0.326115, 0.561596
0.836077, 0.392377, 0.383425
0.804787, 0.444642, 0.393207
-0.627975, 0.379074, 0.679669
-0.656292, 0.40446, 0.636941
-0.200001, 0.411244, 0.889313
0.834961, 0.0861801, 0.543519
0.935076, -0.169222, 0.311442
0.895392, -0.21727, 0.388674
-0.629522, -0.10899, 0.769301
-0.609928, -0.169035, 0.774218
-0.275816, 0.00861548, 0.961172
0.481614, 0.219389, 0.848479
0.82219, 0.108038, 0.558867
0.805237, 0.0513356, 0.590726
-0.566616, 0.0800857, 0.820081
-0.582255, 0.0779525, 0.809261
0.459874, 0.120204, 0.879811
-0.935529, 0.0385246, 0.351142
-0.851555, -0.473676, 0.22469
-0.975981, -0.0245663, 0.216464
0.441554, 0.0986586, 0.891794
0.807287, 0.438646, 0.394812
0.811183, 0.391159, 0.434714
-0.621896, 0.452412, 0.639194
-0.585331, 0.498786, 0.639219
-0.432522, 0.4796, 0.763484
0.40075, 0.188357, 0.896616
0.846889, -0.263178, 0.462078
0.818077, -0.273622, 0.505846
-0.656041, -0.167324, 0.735944
-0.691749, -0.0949777, 0.715865
-0.546301, 0.0532131, 0.835897
0.074546, 0.38575, 0.919587
0.467345, 0.50112, 0.728332
0.617203, 0.34557, 0.706854
-0.528733, 0.0542812, 0.847051
-0.534524, 0.064151, 0.842715
0.495295, 0.114562, 0.861138
-0.86319, -0.439139, 0.249119
-0.869247, -0.441719, 0.222024
-0.93046, -0.0246464, 0.365564
0.784257, 0.313183, 0.535591
0.827867, 0.401196, 0.392019
0.817764, 0.420017, 0.393506
-0.582123, 0.326698, 0.744581
-0.663509, 0.255604, 0.703152
-0.254018, 0.155213, 0.954664
0.581842, -0.217845, 0.783583
0.81433, -0.412746, 0.408052
0.804917, -0.377028, 0.458214
-0.621679, -0.329053, 0.710802
-0.673663, -0.23175, 0.701763
-0.596688, -0.173709, 0.783446
-0.191117, 0.117591, 0.974498
0.355384, 0.397838, 0.845829
0.617451, 0.508825, 0.599876
0.545068, 0.507458, 0.667373
-0.634761, -0.162667, 0.755393
-0.4664, 0.0204301, 0.884338
-0.894636, -0.335814, 0.294712
-0.770299, -0.595952, 0.226895
-0.89263, -0.35914, 0.272453
0.494386, 0.0452425, 0.868064
0.836655, 0.393203, 0.381312
0.831024, 0.354755, 0.428426
-0.643673, 0.0839489, 0.760682
-0.593415, 0.0426559, 0.803766
-0.410999, 0.155546, 0.898268
0.137419, -0.0971508, 0.985737
0.743185, -0.310591, 0.592629
0.840833, -0.400063, 0.364623
0.843255, -0.368669, 0.391156
-0.594835, -0.423518, 0.68323
-0.604851, -0.408205, 0.683757
-0.57959, -0.343534, 0.738958
-0.379303, -0.159412, 0.911437
0.183035, 0.146371, 0.972149
0.663981, 0.293615, 0.687692
0.605252, 0.413195, 0.680397
-0.738273, -0.400993, 0.542362
-0.759799, -0.535793, 0.368281
-0.777724, -0.586073, 0.227297
-0.848255, -0.471145, 0.241839
-0.073935, -0.390332, 0.917701
0.838204, 0.0867539, 0.538412
0.86414, 0.306665, 0.399022
0.877322, 0.288249, 0.383692
-0.677414, 0.0169809, 0.735406
-0.655726, -0.0488093, 0.753419
-0.406014, -0.0184513, 0.91368
-0.165006, -0.0474139, 0.985152
0.536391, -0.218642, 0.815157
0.844248, -0.33665, 0.417027
0.821254, -0.353911, 0.447536
-0.643239, -0.413815, 0.644206
-0.624165, -0.438776, 0.646447
-0.55381, -0.422379, 0.717558
-0.342022, -0.30647, 0.888311
0.0567148, -0.0211425, 0.998167
0.495815, 0.271648, 0.824848
0.735094, 0.418985, 0.532999
0.703479, 0.358308, 0.613785
-0.747559, -0.606822, 0.270042
-0.7851, -0.577074, 0.224952
-0.765246, -0.5969, 0.241059
-0.420847, -0.447517, 0.78906
0.537315, -0.139613, 0.831746
0.917475, 0.17968, 0.354901
0.917242, 0.160303, 0.36465
0.893535, 0.23423, 0.383055
-0.716451, 0.00400227, 0.697626
-0.770306, 0.0567754, 0.635142
-0.36848, -0.187727, 0.910484
-0.157494, -7.31482e-05, 0.98752
0.285687, -0.160339, 0.944814
0.730102, -0.2763, 0.624988
0.843141, -0.391129, 0.36896
0.833053, -0.373078, 0.408456
-0.248354, -0.638049, 0.728845
-0.685033, -0.40289, 0.606968
-0.618532, -0.3985, 0.677212
-0.351241, -0.324108, 0.878398
-0.00948203, -0.141105, 0.989949
0.433939, 0.111069, 0.89407
0.76142, 0.215605, 0.611354
0.708945, 0.295456, 0.640393
-0.476748, -0.838106, 0.265123
-0.768247, -0.599582, 0.224273
-0.662743, -0.703191, 0.257477
-0.399963, -0.386142, 0.831218
0.209391, 0.112552, 0.971333
0.790589, 0.388345, 0.473453
0.882079, 0.358648, 0.305463
0.889639, 0.289885, 0.352857
-0.5959, -0.0330053, 0.80238
-0.487384, -0.095725, 0.867925
-0.0851247, -0.0968575, 0.991651
0.0954756, -0.04174, 0.994556
0.604522, -0.22664, 0.763668
0.816157, -0.320645, 0.480703
0.834647, -0.405125, 0.373147
0.928119, -0.350664, 0.125017
0.969294, -0.238001, -0.0618382
-0.682391, -0.381949, 0.623263
-0.453072, -0.290719, 0.842738
-0.135918, -0.19788, 0.970757
0.274788, -0.0431482, 0.960536
0.575941, 0.0988704, 0.81149
0.795638, 0.255659, 0.54918
0.838482, 0.233495, 0.49237
-0.498939, -0.833295, 0.238074
-0.354502, -0.899083, 0.256863
-0.220769, -0.896715, 0.383618
-0.524352, -0.816957, 0.240074
-0.057239, -0.956427, 0.286307
-0.0188296, -0.411698, 0.911126
0.352753, 0.281725, 0.892298
0.593462, 0.638664, 0.489807
0.745143, 0.580076, 0.329049
0.810523, 0.45073, 0.374024
0.848244, 0.405618, 0.340524
-0.658573, 0.0689445, 0.749352
-0.695162, 0.0981038, 0.712128
-0.051932, -0.105484, 0.993064
0.068173, 0.0252575, 0.997354
0.331097, -0.120951, 0.935813
0.722224, -0.296847, 0.62472
0.864473, -0.350073, 0.360743
0.99494, -0.0621045, -0.078977
0.781388, -0.62402, 0.0056265
0.316769, -0.926639, 0.202478
-0.299423, -0.27764, 0.912832
0.0216491, -0.171028, 0.985028
0.408134, -0.0517892, 0.911452
0.761691, 0.0580878, 0.645331
0.928361, 0.220858, 0.298944
0.870911, 0.240722, 0.428446
-0.634718, -0.736467, 0.233987
-0.596564, -0.767272, 0.235382
-0.471594, -0.847186, 0.244694
-0.348369, -0.895696, 0.276348
-0.657451, -0.716697, 0.232603
-0.321092, -0.917603, 0.234319
-0.0445967, -0.960576, 0.274418
0.0526827, -0.706031, 0.706219
0.405578, -0.472649, 0.782374
0.744946, -0.0678248, 0.663668
0.822616, 0.366997, 0.434301
0.710217, 0.61266, 0.346756
0.63077, 0.655357, 0.415495
0.733933, 0.566004, 0.375476
0.810523, 0.45073, 0.374024
-0.730931, 0.189232, 0.655691
-0.754901, 0.200448, 0.624456
-0.253316, 0.0862853, 0.963528
0.075406, -0.0292075, 0.996725
0.133231, 0.0552219, 0.989545
0.51055, -0.194192, 0.837632
0.813251, -0.302272, 0.497246
0.880263, -0.367932, 0.299603
0.549516, -0.827866, 0.112563
0.798744, -0.601638, 0.00631387
0.713055, -0.698836, 0.0563993
0.0600475, -0.927328, 0.3694
0.560483, -0.0175576, 0.82798
0.852109, 0.199793, 0.483728
0.8518, -0.144065, 0.503669
-0.54388, -0.801594, 0.248277
-0.582488, -0.77542, 0.243786
-0.542735, -0.805579, 0.237657
-0.508811, -0.827715, 0.236641
-0.745273, -0.627407, 0.225673
-0.516954, -0.822703, 0.236471
-0.0838683, -0.968054, 0.236298
-0.0791782, -0.931287, 0.355577
-0.021373, -0.677459, 0.73525
0.23002, -0.503225, 0.83298
0.525644, -0.270346, 0.806605
0.756864, -0.0290471, 0.652927
0.893228, 0.16865, 0.416773
0.895623, 0.346463, 0.278967
0.81997, 0.445767, 0.359084
0.725816, 0.575621, 0.376631
-0.747306, 0.247248, 0.616768
-0.73485, 0.267103, 0.623419
-0.480926, 0.241158, 0.842943
0.0159707, 0.0786622, 0.996773
0.0914225, 0.0383515, 0.995073
0.270993, -0.0313301, 0.962071
0.714129, -0.205789, 0.669082
0.859719, -0.322391, 0.396166
0.862959, -0.412692, 0.291526
0.585749, -0.778851, 0.224252
0.643281, -0.761832, 0.0761723
0.81306, -0.582019, 0.0136876
0.606131, -0.788076, 0.107429
0.234407, -0.948341, 0.213782
0.404288, -0.844545, 0.351133
0.0459507, -0.940311, 0.337201
0.0578306, -0.935819, 0.347704
0.0759709, -0.929397, 0.361178
0.0848311, -0.930813, 0.355514
0.104473, -0.936522, 0.334681
0.112354, -0.940294, 0.321286
-0.712146, -0.597662, 0.368305
-0.661043, -0.683114, 0.310448
-0.416986, -0.872023, 0.256317
-0.659283, -0.71423, 0.234992
-0.655116, -0.7186, 0.233317
-0.318749, -0.918758, 0.232987
-0.0721875, -0.958924, 0.274323
-0.205848, -0.720956, 0.661701
-0.100236, -0.589639, 0.801423
0.157704, -0.398781, 0.903384
0.442436, -0.121504, 0.888531
0.585325, 0.125051, 0.801098
0.688681, 0.275254, 0.670786
0.797811, 0.418268, 0.434223
0.84362, 0.482769, 0.235029
0.872229, 0.364725, 0.32587
0.860166, 0.397209, 0.319907
-0.78267, 0.233106, 0.577139
-0.750726, 0.273717, 0.601241
-0.579415, 0.323832, 0.747938
-0.258943, 0.26291, 0.929423
-0.0148651, 0.0691247, 0.997497
0.161111, 0.054542, 0.985428
0.506837, -0.101793, 0.856011
0.756525, -0.292648, 0.584831
0.801521, -0.450045, 0.393731
0.83006, -0.477855, 0.287499
0.81733, -0.522643, 0.242522
0.357536, -0.90612, 0.226087
0.14761, -0.966469, 0.210114
0.118276, -0.97026, 0.211201
0.0842145, -0.97389, 0.21082
0.141794, -0.911346, 0.386448
0.166468, -0.881572, 0.441723
0.133316, -0.898302, 0.418665
0.0341686, -0.946647, 0.320457
0.0577117, -0.933543, 0.35379
0.0815378, -0.926076, 0.368423
0.0886381, -0.928265, 0.361202
0.0842896, -0.937795, 0.336801
0.140302, -0.941819, 0.305438
0.136114, -0.914057, 0.382064
0.155884, -0.912524, 0.378153
0.196282, -0.91507, 0.352306
0.264789, -0.904656, 0.333894
0.340006, -0.88842, 0.308393
0.380795, -0.875584, 0.297235
-0.583888, -0.7217, 0.371784
-0.66152, -0.569197, 0.488268
-0.75012, -0.61551, 0.2418
-0.755833, -0.614021, 0.227364
-0.412232, -0.873627, 0.258536
-0.124285, -0.919799, 0.372187
-0.19522, -0.622613, 0.757788
-0.0917516, -0.534987, 0.839864
0.0817339, -0.33246, 0.939569
0.333107, -0.0308895, 0.942383
0.521695, 0.28345, 0.804668
0.602455, 0.449888, 0.659279
0.627955, 0.570696, 0.529131
0.723866, 0.590484, 0.356856
0.829158, 0.515378, 0.216522
0.828393, 0.474927, 0.297002
-0.836979, 0.10439, 0.537187
-0.85235, 0.155494, 0.499321
-0.626042, 0.262769, 0.734182
-0.431701, 0.208121, 0.877678
-0.209427, 0.0669058, 0.975533
0.031827, -0.0561143, 0.997917
0.279337, -0.145816, 0.949057
0.505804, -0.303399, 0.807534
0.685401, -0.448683, 0.573506
0.742992, -0.542985, 0.391319
0.735408, -0.599781, 0.315337
0.585732, -0.727989, 0.356299
0.351337, -0.800862, 0.484956
0.192636, -0.858026, 0.476112
0.159659, -0.880357, 0.446632
0.152918, -0.885667, 0.438418
0.166784, -0.88232, 0.440107
0.179667, -0.876535, 0.446548
0.150663, -0.874347, 0.461321
0.0881184, -0.876211, 0.473802
0.0649821, -0.880484, 0.469601
0.0737798, -0.885216, 0.459293
0.0873016, -0.891006, 0.445518
0.116059, -0.892425, 0.436013
0.135771, -0.903212, 0.407154
0.151544, -0.91354, 0.377465
0.180116, -0.919534, 0.349308
0.256486, -0.908871, 0.328888
0.355532, -0.877934, 0.32067
0.405603, -0.872189, 0.273445
0.379534, -0.871254, 0.311241
0.458812, -0.843529, 0.279197
0.508894, -0.821588, 0.256945
-0.538623, -0.789001, 0.295572
-0.331268, -0.87266, 0.358784
-0.71009, -0.662941, 0.237237
-0.774457, -0.590176, 0.227835
-0.733152, -0.590613, 0.337141
-0.376373, -0.486569, 0.788412
-0.208178, -0.444414, 0.871297
0.00747187, -0.351125, 0.936299
0.2656, -0.20955, 0.941034
0.48329, -0.00554044, 0.875443
0.64236, 0.230234, 0.731003
0.713569, 0.374738, 0.591938
0.742679, 0.468158, 0.478807
0.767744, 0.512798, 0.384197
0.776857, 0.530419, 0.339335
0.817262, 0.460692, 0.346186
-0.914776, -0.0234342, 0.403281
-0.881405, -0.0944021, 0.462832
-0.824551, 0.0779005, 0.560399
-0.672337, 0.0542713, 0.738253
-0.536333, -0.0493509, 0.842562
-0.36199, -0.100966, 0.926698
-0.127065, -0.140878, 0.981839
0.143025, -0.201361, 0.969019
0.342302, -0.284884, 0.895361
0.460391, -0.387044, 0.798898
0.633416, -0.507029, 0.584556
0.704891, -0.579411, 0.40916
0.705528, -0.622541, 0.338634
0.542658, -0.68675, 0.483629
0.156182, -0.719643, 0.676551
0.183244, -0.756234, 0.628118
0.201786, -0.776293, 0.597203
0.193019, -0.792265, 0.578844
0.180088, -0.804025, 0.566668
0.129919, -0.81665, 0.56232
0.0747189, -0.826431, 0.558059
0.055378, -0.830627, 0.554069
0.0461946, -0.83602, 0.546751
0.0726872, -0.843851, 0.531632
0.115953, -0.846829, 0.519072
0.126737, -0.852276, 0.507506
0.122665, -0.859872, 0.495553
0.17392, -0.866711, 0.467507
0.276438, -0.859558, 0.429817
0.314193, -0.8625, 0.396707
0.306159, -0.875852, 0.373028
0.354099, -0.878508, 0.320682
0.448733, -0.850333, 0.274904
0.566629, -0.788925, 0.23776
0.47968, -0.825093, 0.298544
0.445404, -0.850096, 0.280983
0.461274, -0.846525, 0.265746
-0.603105, -0.754651, 0.258391
-0.473187, -0.837458, 0.273418
-0.769405, -0.59535, 0.231461
-0.700046, -0.673245, 0.238069
-0.414048, -0.811747, 0.411862
-0.476737, -0.290591, 0.829625
-0.304256, -0.220739, 0.926662
-0.0799613, -0.134079, 0.987739
0.154428, -0.1452, 0.977276
0.372965, -0.152542, 0.91522
0.63267, -0.0632838, 0.771832
0.767017, 0.0375846, 0.640525
0.818217, 0.113404, 0.563614
0.841867, 0.20231, 0.500331
0.836854, 0.251746, 0.486107
0.878217, 0.172129, 0.446214
0.881821, 0.252964, 0.397996
-0.936769, 0.0041305, 0.349924
-0.942619, 0.0692255, 0.326614
-0.908607, -0.0448264, 0.41524
-0.802658, -0.0178162, 0.596174
-0.715522, -0.0912251, 0.692608
-0.563034, -0.10717, 0.819456
-0.296639, -0.0603849, 0.953079
-0.0848996, -0.0404321, 0.995569
0.0716228, -0.0386442, 0.996683
0.244066, -0.104973, 0.96406
0.394704, -0.197873, 0.897249
0.500687, -0.301311, 0.811495
0.633388, -0.429767, 0.643521
0.733122, -0.508202, 0.451953
0.638839, -0.641618, 0.424513
0.38669, -0.608566, 0.692905
0.0453582, -0.654961, 0.7543
0.100446, -0.696212, 0.710774
0.148056, -0.727256, 0.670208
0.168618, -0.752267, 0.636917
0.113006, -0.770543, 0.627291
0.0454592, -0.778685, 0.625766
0.0304163, -0.7873, 0.615819
0.0241388, -0.794868, 0.606302
0.0571118, -0.802665, 0.59369
0.103701, -0.808511, 0.579272
0.112992, -0.814742, 0.568708
0.113001, -0.819887, 0.561264
0.169311, -0.821278, 0.544826
0.265536, -0.816401, 0.512816
0.309133, -0.819223, 0.483021
0.321062, -0.826941, 0.461614
0.40241, -0.814786, 0.41736
0.473844, -0.799683, 0.368754
0.465343, -0.815684, 0.343679
0.413022, -0.855968, 0.311016
0.468782, -0.831297, 0.298644
0.453134, -0.860593, 0.232485
0.298, -0.898844, 0.321365
0.161623, -0.931587, 0.325612
0.0984921, -0.946855, 0.30621
0.0659042, -0.952927, 0.295952
-0.385448, -0.884085, 0.264244
-0.644219, -0.722043, 0.252261
-0.680725, -0.690459, 0.244703
-0.545955, -0.792823, 0.270857
-0.726194, -0.374436, 0.576576
-0.575057, -0.181911, 0.797633
-0.412706, -0.0774047, 0.907569
-0.200139, -0.0197491, 0.979568
-0.116457, -0.0131278, 0.993109
-0.0208744, -0.0841898, 0.996231
0.357391, -0.157691, 0.920546
0.650983, -0.129453, 0.747972
0.767487, -0.136925, 0.62627
0.841699, -0.0879106, 0.532743
0.87778, -0.0197784, 0.478656
0.86021, 0.0579501, 0.506637
0.924718, 0.037506, 0.378802
0.913644, 0.0354856, 0.404963
-0.918397, -0.090323, 0.385213
-0.926409, -0.0609844, 0.371548
-0.910363, 0.0096102, 0.4137
-0.819327, -0.0169855, 0.573075
-0.708674, -0.00864518, 0.705483
-0.475618, 0.0625928, 0.877422
-0.258369, 0.0849247, 0.962306
-0.0947164, 0.120905, 0.988135
0.0628511, 0.140291, 0.988113
0.146197, 0.119554, 0.982005
0.232435, 0.0718035, 0.969958
0.449234, -0.0289835, 0.892944
0.598491, -0.153294, 0.786327
0.623479, -0.296116, 0.723595
0.723676, -0.456317, 0.517753
0.56582, -0.535842, 0.626675
0.0552113, -0.502661, 0.862719
0.0452364, -0.52942, 0.847153
0.0530985, -0.569786, 0.820076
0.0729541, -0.616904, 0.78365
0.0628863, -0.657754, 0.750603
0.0146138, -0.672542, 0.739915
-0.0096773, -0.68531, 0.728188
-0.0105813, -0.696202, 0.717768
0.0383156, -0.705459, 0.707714
0.0973664, -0.714964, 0.692348
0.113959, -0.722796, 0.681601
0.12293, -0.731158, 0.671041
0.195571, -0.736511, 0.647536
0.303162, -0.736993, 0.604097
0.338301, -0.745978, 0.573645
0.332877, -0.76308, 0.553988
0.429826, -0.751002, 0.501244
0.539398, -0.726343, 0.426001
0.542896, -0.73726, 0.402134
0.430373, -0.789372, 0.437803
0.29834, -0.845316, 0.443209
0.284133, -0.875666, 0.390483
0.28276, -0.901551, 0.327495
0.163266, -0.931303, 0.325607
0.036291, -0.947197, 0.318593
0.0954236, -0.957301, 0.27289
0.0205327, -0.912842, 0.407796
-0.0447548, -0.898167, 0.437371
-0.125771, -0.904924, 0.406563
-0.185152, -0.951776, 0.244626
-0.298643, -0.913456, 0.276423
-0.53084, -0.756101, 0.38278
-0.726625, -0.352497, 0.589714
-0.647125, -0.165544, 0.744194
-0.46878, -0.0456965, 0.882132
-0.305202, 0.06789, 0.949865
-0.236301, 0.103482, 0.966154
-0.164918, 0.102906, 0.980924
-0.04651, 0.126482, 0.990878
0.296803, 0.0821981, 0.951394
0.617705, 0.0212403, 0.786123
0.768911, -0.0600474, 0.63653
0.858334, -0.0747991, 0.507609
0.894629, -0.073903, 0.440655
0.877382, -0.00968386, 0.479695
0.878746, 0.0567573, 0.473903
0.943142, -0.125606, 0.307745
0.928994, -0.0510312, 0.366561
-0.859129, -0.273256, 0.4327
-0.865897, -0.24649, 0.435275
-0.910511, -0.120275, 0.395606
-0.902035, 0.0187827, 0.431255
-0.813366, 0.0292232, 0.581018
-0.684919, 0.184818, 0.704789
-0.503516, 0.235568, 0.831252
-0.24877, 0.297767, 0.921655
-0.0244672, 0.308061, 0.951052
0.0641628, 0.269571, 0.960841
0.157246, 0.257748, 0.953331
0.225972, 0.238491, 0.944488
0.255636, 0.218105, 0.94185
0.439079, 0.080413, 0.894843
0.567785, -0.0284555, 0.822685
0.675318, -0.122279, 0.72732
0.591558, -0.392548, 0.704248
0.243439, -0.30462, 0.920839
-0.0155859, -0.287452, 0.957668
-0.00306511, -0.344351, 0.938836
0.00636283, -0.393744, 0.919198
-0.00872651, -0.448674, 0.893653
-0.0382383, -0.479062, 0.876948
-0.0432386, -0.495204, 0.8677
-0.0241049, -0.509778, 0.859968
0.0372343, -0.528804, 0.847927
0.101439, -0.550301, 0.828782
0.112306, -0.564403, 0.817824
0.107346, -0.578416, 0.808648
0.169322, -0.594339, 0.786188
0.278567, -0.612755, 0.739549
0.324171, -0.636605, 0.699748
0.345527, -0.654801, 0.672195
0.444057, -0.651108, 0.615526
0.533837, -0.654222, 0.535734
0.567916, -0.677196, 0.467843
0.503815, -0.728221, 0.464612
0.361921, -0.7841, 0.504183
0.284388, -0.819742, 0.497138
0.25106, -0.848294, 0.466225
0.152397, -0.880412, 0.449055
0.0602906, -0.883786, 0.463992
0.0290026, -0.88294, 0.46859
0.000147568, -0.897244, 0.441535
-0.0428288, -0.896727, 0.440507
-0.0914869, -0.898597, 0.429131
-0.18004, -0.846854, 0.500424
-0.364994, -0.713356, 0.59825
-0.615468, -0.394742, 0.682185
-0.664388, -0.203935, 0.719027
-0.533741, -0.0745806, 0.842353
-0.339973, 0.0778806, 0.937205
-0.252486, 0.141734, 0.957164
-0.162315, 0.214609, 0.963118
-0.0940564, 0.267588, 0.958932
-0.0516257, 0.29889, 0.95289
0.240537, 0.264057, 0.934032
0.530493, 0.187981, 0.826584
0.710089, 0.0884166, 0.698539
0.834942, 0.0278257, 0.549634
0.89751, -0.0361807, 0.439508
0.906014, -0.00857476, 0.42316
0.874817, 0.0942568, 0.475196
0.906279, 0.0240142, 0.421997
0.942063, 0.00195456, 0.33543
-0.865584, -0.257043, 0.429759
-0.8517, -0.299811, 0.429792
-0.872929, -0.196267, 0.446625
-0.879344, -0.0226732, 0.475648
-0.783334, 0.0667491, 0.618006
-0.611206, 0.229313, 0.757524
-0.436731, 0.408305, 0.801594
-0.231861, 0.473247, 0.849869
-0.157578, 0.426008, 0.890891
-0.0153116, 0.383353, 0.923475
0.0975776, 0.382004, 0.918995
0.174035, 0.35636, 0.917998
0.258477, 0.318993, 0.91183
0.352782, 0.299367, 0.886524
0.463808, 0.16177, 0.871041
0.549049, 0.0808276, 0.831873
0.560311, -0.100698, 0.822138
0.336365, -0.11635, 0.934517
-0.014945, -0.05983, 0.998097
-0.11051, -0.0901836, 0.989775
-0.0954435, -0.145077, 0.984806
-0.0858873, -0.195188, 0.976998
-0.0821161, -0.219458, 0.97216
-0.0785825, -0.230919, 0.969794
-0.0782444, -0.252923, 0.964317
-0.0243528, -0.284377, 0.958403
0.0624315, -0.32761, 0.942748
0.0969392, -0.367724, 0.924869
0.101543, -0.392813, 0.913995
0.174411, -0.405862, 0.897138
0.296633, -0.417726, 0.858787
0.357906, -0.439029, 0.82411
0.379172, -0.467879, 0.798322
0.468382, -0.495961, 0.731191
0.546641, -0.518623, 0.65743
0.543896, -0.56258, 0.62264
0.43743, -0.653369, 0.617871
0.26495, -0.720469, 0.640879
0.177468, -0.750386, 0.636731
0.201947, -0.761146, 0.616339
0.164898, -0.771238, 0.614818
0.100158, -0.763538, 0.637948
0.112813, -0.74201, 0.660829
0.163007, -0.704572, 0.690657
0.181945, -0.66293, 0.726236
0.111541, -0.646791, 0.754467
0.0525632, -0.553939, 0.830896
-0.23139, -0.423225, 0.875979
-0.533705, -0.325319, 0.780594
-0.556739, -0.209372, 0.803869
-0.386982, -0.0621777, 0.919989
-0.229291, -0.0221921, 0.973105
-0.148062, 0.0874825, 0.985101
-0.0846297, 0.161027, 0.983315
-0.0590077, 0.20005, 0.978007
-0.0564865, 0.281135, 0.958004
0.164541, 0.29634, 0.940802
0.472233, 0.267118, 0.840026
0.682279, 0.213518, 0.699218
0.808834, 0.164821, 0.564465
0.890489, 0.0892184, 0.446171
0.918033, 0.0683962, 0.39056
0.887891, 0.137085, 0.439156
0.956989, 0.107414, 0.269507
0.931583, 0.103678, 0.34843
-0.892824, -0.20337, 0.401878
-0.881669, -0.242417, 0.404838
-0.861364, -0.238948, 0.448282
-0.835894, -0.23307, 0.49695
-0.83159, -0.096466, 0.546948
-0.728382, 0.0732979, 0.681239
-0.481425, 0.201238, 0.853073
-0.316912, 0.416015, 0.852348
-0.299002, 0.446931, 0.84312
-0.197031, 0.483008, 0.85316
-0.0353425, 0.491895, 0.869937
0.100441, 0.483426, 0.869604
0.124844, 0.483111, 0.866613
0.171776, 0.451138, 0.875766
0.236273, 0.401619, 0.884804
0.323641, 0.317557, 0.891299
0.434644, 0.204514, 0.877074
0.48757, 0.0926394, 0.868155
0.33223, 0.0685635, 0.940703
0.0170717, 0.0848227, 0.99625
-0.12312, 0.0908179, 0.988227
-0.140428, 0.0663596, 0.987865
-0.11807, 0.0385272, 0.992258
-0.0991443, 0.0100463, 0.995022
-0.103442, -0.0165886, 0.994497
-0.107739, -0.0391905, 0.993406
-0.063862, -0.056648, 0.99635
-0.00495187, -0.0871608, 0.996182
0.0306726, -0.128029, 0.991296
0.0691045, -0.170373, 0.982954
0.163439, -0.209049, 0.96415
0.285241, -0.237129, 0.928659
0.32652, -0.269236, 0.906033
0.319998, -0.307154, 0.896246
0.425097, -0.341263, 0.838351
0.557231, -0.358359, 0.749048
0.591977, -0.381696, 0.709839
0.518909, -0.430004, 0.738803
0.390301, -0.437342, 0.810183
0.371952, -0.380202, 0.846816
0.426036, -0.319517, 0.846405
0.385426, -0.296329, 0.873863
0.341116, -0.206781, 0.916996
0.380911, -0.116793, 0.917206
0.356234, -0.05961, 0.932493
0.112582, -0.19024, 0.975261
0.0589065, -0.245635, 0.967571
0.0519136, -0.219312, 0.974273
-0.381561, -0.268813, 0.884393
-0.548344, -0.270319, 0.791357
-0.4402, -0.155905, 0.884261
-0.30046, -0.103866, 0.948122
-0.154714, -0.0567244, 0.98633
-0.0201885, 0.018252, 0.99963
-0.0189009, 0.0579067, 0.998143
0.0692463, 0.131953, 0.988834
0.0763327, 0.214433, 0.973751
0.239886, 0.313364, 0.918835
0.486113, 0.32876, 0.809698
0.667096, 0.284672, 0.688436
0.78667, 0.234279, 0.571195
0.874531, 0.16735, 0.455181
0.916144, 0.135202, 0.37736
0.894783, 0.175051, 0.410756
0.919839, 0.178311, 0.349431
0.926618, 0.177898, 0.331258
-0.912267, -0.12471, 0.390149
-0.902499, -0.163986, 0.398251
-0.871946, -0.154882, 0.464459
-0.830342, -0.204209, 0.518489
-0.776398, -0.091178, 0.623613
-0.628773, 0.0597829, 0.775287
-0.364634, 0.21393, 0.906243
-0.186181, 0.252633, 0.94948
-0.171462, 0.418202, 0.892025
-0.146458, 0.519664, 0.841724
-0.0609311, 0.53399, 0.843292
0.0646791, 0.510269, 0.857579
0.112378, 0.508131, 0.853917
0.120249, 0.509449, 0.852057
0.153111, 0.480554, 0.863495
0.200125, 0.433008, 0.878893
0.281779, 0.334847, 0.899154
0.417094, 0.272294, 0.867115
0.324308, 0.277926, 0.904202
0.0174581, 0.25087, 0.967863
-0.131842, 0.233071, 0.963481
-0.164891, 0.198622, 0.966106
-0.162766, 0.166029, 0.972595
-0.158, 0.132826, 0.978465
-0.147624, 0.1032, 0.983645
-0.135781, 0.0784556, 0.987628
-0.0894527, 0.0651126, 0.99386
-0.02859, 0.0536572, 0.99815
-0.0072546, 0.0380826, 0.999248
3.52987e-08, 0.00561895, 0.999984
0.097941, -0.0407762, 0.994357
0.245655, -0.0838419, 0.965725
0.309254, -0.121523, 0.943183
0.3226, -0.152861, 0.934111
0.440874, -0.175163, 0.880311
0.56689, -0.196214, 0.800085
0.591078, -0.230348, 0.773024
0.56725, -0.271823, 0.777392
0.518828, -0.257677, 0.81512
0.479772, -0.203416, 0.853487
0.469125, -0.168378, 0.866931
0.458539, -0.155006, 0.875051
0.431482, -0.106101, 0.89586
0.38953, -0.0537539, 0.919444
0.155936, -0.15378, 0.975723
0.0052786, -0.28324, 0.959034
0.11152, -0.227645, 0.967337
-0.0308431, -0.262694, 0.964386
-0.397051, -0.301473, 0.866871
-0.472251, -0.177213, 0.863467
-0.367001, -0.0382765, 0.929433
-0.252855, 0.00297946, 0.9675
-0.0646959, 0.116198, 0.991117
0.00417926, 0.126507, 0.991957
0.0646784, 0.166069, 0.983991
0.148113, 0.236264, 0.960334
0.193139, 0.257493, 0.946781
0.344704, 0.375911, 0.860157
0.494176, 0.373906, 0.784847
0.646941, 0.348738, 0.678121
0.765202, 0.2991, 0.570092
0.859428, 0.250216, 0.445841
0.908547, 0.218588, 0.356035
0.89142, 0.240106, 0.384342
0.894948, 0.246418, 0.371949
0.900401, 0.245536, 0.359151
-0.928628, -0.00987546, 0.37088
-0.931432, -0.0527201, 0.360075
-0.919432, -0.0377975, 0.391428
-0.883402, -0.0827841, 0.461245
-0.833823, -0.0814857, 0.545985
-0.712263, -0.00527551, 0.701893
-0.537062, 0.141011, 0.831673
-0.327662, 0.236875, 0.914619
-0.0891264, 0.262736, 0.960743
0.0790059, 0.361561, 0.928995
-0.0382424, 0.477784, 0.877645
-0.0845907, 0.537934, 0.838732
0.0342074, 0.537478, 0.842584
0.11797, 0.529491, 0.840073
0.119712, 0.534034, 0.836945
0.104282, 0.532473, 0.839999
0.0965428, 0.518332, 0.849713
0.209332, 0.47345, 0.855585
0.395188, 0.440769, 0.805946
0.275211, 0.444666, 0.852368
-0.035495, 0.3806, 0.924058
-0.172961, 0.344319, 0.922783
-0.218041, 0.313085, 0.924357
-0.199497, 0.293083, 0.935042
-0.178765, 0.278555, 0.943637
-0.172463, 0.272934, 0.946448
-0.157386, 0.261499, 0.952286
-0.0985287, 0.24482, 0.964549
-0.0419784, 0.224961, 0.973463
-0.0327119, 0.197409, 0.979775
-0.033775, 0.170533, 0.984773
0.0499365, 0.146259, 0.987985
0.193208, 0.113069, 0.974621
0.257293, 0.0738856, 0.963505
0.267528, 0.0262188, 0.963193
0.391275, -0.0120304, 0.920195
0.539422, -0.0426514, 0.840955
0.579878, -0.07412, 0.811325
0.572426, -0.109467, 0.812616
0.547043, -0.129951, 0.826956
0.530011, -0.122244, 0.839134
0.51721, -0.101322, 0.84984
0.489087, -0.0802574, 0.868535
0.479876, -0.0574809, 0.875451
0.333618, -0.0308166, 0.942205
0.0312568, -0.180185, 0.983136
0.00788868, -0.184149, 0.982867
0.0903286, -0.17549, 0.980329
-0.133388, -0.217472, 0.966909
-0.337136, -0.238411, 0.910769
-0.309575, -0.00207742, 0.950873
-0.225813, 0.0769441, 0.971127
-0.118742, 0.204066, 0.971729
0.00204164, 0.255261, 0.96687
0.0431482, 0.263823, 0.963606
0.125206, 0.333525, 0.93439
0.187941, 0.367522, 0.910827
0.279895, 0.387088, 0.878534
0.411727, 0.454427, 0.789922
0.503339, 0.441021, 0.743068
0.640436, 0.433526, 0.633954
0.751875, 0.389797, 0.531735
0.84731, 0.332806, 0.413891
0.892712, 0.297383, 0.338567
0.876572, 0.306799, 0.370803
0.882009, 0.310678, 0.354315
0.884668, 0.301514, 0.355601
-0.926515, 0.0301713, 0.375045
-0.924003, 0.0329885, 0.380958
-0.920573, 0.107516, 0.37548
-0.893068, 0.0572407, 0.446265
-0.831751, 0.0708071, 0.550615
-0.678523, 0.154029, 0.718249
-0.455665, 0.24234, 0.856528
-0.279509, 0.291921, 0.91469
-0.0613722, 0.368838, 0.927465
0.140125, 0.333711, 0.932203
0.149096, 0.405071, 0.902047
0.0285485, 0.535911, 0.843792
0.0236052, 0.578219, 0.81554
0.0983946, 0.551191, 0.828557
0.123391, 0.545024, 0.829291
0.121676, 0.54668, 0.828454
0.093172, 0.55735, 0.825033
0.158925, 0.564582, 0.809932
0.341501, 0.549345, 0.762625
0.199702, 0.526583, 0.826335
-0.106175, 0.468532, 0.877043
-0.189885, 0.446363, 0.874473
-0.217336, 0.441765, 0.870407
-0.203277, 0.436264, 0.876557
-0.179082, 0.423002, 0.888256
-0.164073, 0.423654, 0.890841
-0.171591, 0.416547, 0.892774
-0.141317, 0.406628, 0.902598
-0.0930905, 0.39843, 0.912463
-0.0777915, 0.385855, 0.919274
-0.068197, 0.373678, 0.925048
0.0176554, 0.366305, 0.930327
0.150054, 0.348569, 0.925194
0.201582, 0.321041, 0.925363
0.219728, 0.288052, 0.932065
0.370962, 0.245554, 0.895595
0.523237, 0.190161, 0.830699
0.55578, 0.13063, 0.821002
0.55247, 0.0843322, 0.829256
0.54183, 0.0508815, 0.838947
0.536104, 0.0406068, 0.843175
0.53473, 0.0346086, 0.844314
0.523785, 0.0430858, 0.85076
0.499407, 0.0739952, 0.863202
0.23792, 0.0398385, 0.970468
-0.0529298, -0.0790956, 0.995461
0.0135168, -0.050316, 0.998642
0.0578828, -0.0360897, 0.997671
-0.163332, -0.0853719, 0.98287
-0.18825, -0.0711288, 0.979542
-0.116266, 0.115397, 0.986492
-0.133946, 0.226201, 0.964827
-0.0361528, 0.294667, 0.954916
0.0092333, 0.275292, 0.961316
0.111395, 0.322439, 0.940013
0.206831, 0.389594, 0.897462
0.226383, 0.407977, 0.88448
0.340208, 0.446779, 0.827434
0.445097, 0.474374, 0.759511
0.528062, 0.460585, 0.713451
0.652355, 0.475879, 0.589891
0.741688, 0.432447, 0.512726
0.838726, 0.364444, 0.404623
0.886487, 0.318241, 0.335953
0.872925, 0.325481, 0.363406
0.874439, 0.346558, 0.33949
0.901644, 0.323147, 0.287428
-0.9104, 0.0974714, 0.402083
-0.91778, 0.110039, 0.381539
-0.905449, 0.225403, 0.359661
-0.895462, 0.194037, 0.400622
-0.823992, 0.227367, 0.518981
-0.654143, 0.294026, 0.696882
-0.469389, 0.356003, 0.808044
-0.230554, 0.408273, 0.883265
-0.0721824, 0.42536, 0.902141
0.11818, 0.414137, 0.90251
0.279702, 0.463938, 0.840552
0.207095, 0.492789, 0.845145
0.0550234, 0.567688, 0.821403
0.0480356, 0.570386, 0.819971
0.10966, 0.552798, 0.826069
0.126207, 0.549934, 0.825617
0.126604, 0.560067, 0.818716
0.202834, 0.591575, 0.780319
0.304603, 0.60395, 0.73652
0.125508, 0.6009, 0.789409
-0.116039, 0.574857, 0.809984
-0.171442, 0.569887, 0.80364
-0.207956, 0.55875, 0.80284
-0.214668, 0.546604, 0.809408
-0.18749, 0.54444, 0.817577
-0.166135, 0.548234, 0.819658
-0.169174, 0.546445, 0.820231
-0.126308, 0.552241, 0.824061
-0.0758155, 0.557329, 0.826823
-0.0661356, 0.561804, 0.824623
-0.0645385, 0.563075, 0.823882
-0.000622296, 0.565086, 0.825032
0.108579, 0.553648, 0.825642
0.154238, 0.533054, 0.831904
0.156147, 0.511445, 0.84501
0.267546, 0.478953, 0.836076
0.407619, 0.418713, 0.811496
0.461209, 0.360571, 0.810725
0.489008, 0.31095, 0.814973
0.506597, 0.27167, 0.818263
0.519598, 0.241164, 0.81967
0.525152, 0.220852, 0.821851
0.533406, 0.21378, 0.818399
0.474081, 0.229436, 0.850062
0.127937, 0.159197, 0.978922
-0.0869305, 0.124818, 0.988364
0.0684498, 0.195791, 0.978254
0.0408239, 0.211218, 0.976586
-0.189047, 0.113849, 0.975346
-0.123583, 0.133943, 0.983253
0.0707726, 0.168351, 0.983183
0.0055607, 0.266003, 0.963956
-0.0609031, 0.262054, 0.963129
0.0364059, 0.259748, 0.96499
0.206287, 0.347654, 0.914649
0.251224, 0.373576, 0.892932
0.287326, 0.406931, 0.867093
0.401494, 0.476409, 0.7822
0.469819, 0.48635, 0.736705
0.57802, 0.48051, 0.659548
0.678249, 0.486456, 0.550762
0.736263, 0.446775, 0.508241
0.832106, 0.383999, 0.400181
0.883009, 0.324217, 0.33938
0.8784, 0.325603, 0.349851
0.890773, 0.337915, 0.303868
0.944906, 0.29226, 0.147431
0.943942, 0.300456, 0.136748
-0.876434, 0.121323, 0.465988
-0.884731, 0.148885, 0.441683
-0.885964, 0.291856, 0.3604
-0.879484, 0.304551, 0.365727
-0.820016, 0.349809, 0.452997
-0.662083, 0.449077, 0.59998
-0.430692, 0.507458, 0.746318
-0.265296, 0.537491, 0.800451
-0.0923467, 0.572454, 0.81472
0.178613, 0.518502, 0.836213
0.258358, 0.541514, 0.800008
0.20115, 0.538635, 0.818176
0.163445, 0.525343, 0.835045
0.0672414, 0.567168, 0.820853
0.0797646, 0.580674, 0.810219
0.131289, 0.583753, 0.801246
0.167137, 0.609868, 0.774678
0.244467, 0.642427, 0.726308
0.328189, 0.650395, 0.685039
0.13725, 0.696333, 0.704473
-0.0961646, 0.696952, 0.710641
-0.16116, 0.68756, 0.708018
-0.209464, 0.671187, 0.711079
-0.202009, 0.671391, 0.713041
-0.16237, 0.684475, 0.710725
-0.140149, 0.68603, 0.713948
-0.148286, 0.681299, 0.716829
-0.12253, 0.683079, 0.719993
-0.0749774, 0.683331, 0.726249
-0.0579284, 0.678759, 0.732073
-0.0616052, 0.671991, 0.737992
-0.0174311, 0.670016, 0.742142
0.0668746, 0.660042, 0.748246
0.104033, 0.64399, 0.757927
0.111263, 0.630003, 0.768581
0.214693, 0.613709, 0.759782
0.341004, 0.578045, 0.741337
0.384872, 0.547718, 0.742886
0.408931, 0.514386, 0.753779
0.427501, 0.479797, 0.766183
0.448911, 0.447242, 0.773598
0.478523, 0.416799, 0.772848
0.502656, 0.391671, 0.770669
0.395836, 0.407252, 0.823079
0.078373, 0.326297, 0.942013
-0.00450709, 0.361229, 0.932466
0.120574, 0.424671, 0.897283
-0.0415616, 0.36704, 0.929276
-0.250872, 0.240756, 0.937603
-0.1295, 0.293609, 0.947113
0.0565377, 0.273689, 0.960155
-0.00463713, 0.224156, 0.974542
-0.046404, 0.205664, 0.977522
0.127247, 0.278109, 0.952084
0.273727, 0.333028, 0.902312
0.301528, 0.347494, 0.887879
0.401878, 0.402921, 0.822282
0.478012, 0.473772, 0.739625
0.506404, 0.488176, 0.710802
0.61147, 0.490422, 0.620959
0.684785, 0.484577, 0.544293
0.734113, 0.452322, 0.506442
0.815682, 0.422815, 0.394829
0.871951, 0.350101, 0.342243
0.877392, 0.344673, 0.333741
0.910452, 0.323425, 0.257824
0.942805, 0.308597, 0.126039
0.943942, 0.300456, 0.136748
-0.826339, 0.0601657, 0.55995
-0.856387, 0.0413377, 0.514677
-0.834557, 0.183331, 0.519523
-0.860331, 0.314905, 0.400832
-0.839172, 0.433935, 0.327858
-0.78036, 0.494769, 0.382416
-0.651594, 0.577738, 0.491573
-0.506225, 0.606062, 0.613535
-0.228607, 0.65865, 0.716882
-0.159072, 0.688026, 0.708037
0.0279397, 0.677121, 0.735341
0.291569, 0.592733, 0.750769
0.158772, 0.61691, 0.770852
0.10614, 0.57966, 0.807916
0.142996, 0.618996, 0.772267
0.1286, 0.649235, 0.749637
0.171657, 0.635149, 0.753073
0.239425, 0.643847, 0.72673
0.2916, 0.676247, 0.676505
0.365523, 0.702874, 0.610214
0.200689, 0.77, 0.60566
-0.0561062, 0.783518, 0.618831
-0.144432, 0.784077, 0.603624
-0.179062, 0.781086, 0.598199
-0.160277, 0.793338, 0.587304
-0.138557, 0.803289, 0.579248
-0.13701, 0.804221, 0.578322
-0.139422, 0.803218, 0.579139
-0.113752, 0.804315, 0.583213
-0.0842722, 0.797965, 0.596782
-0.0773993, 0.784894, 0.614776
-0.0771088, 0.770359, 0.632931
-0.0419813, 0.763365, 0.644602
0.0283781, 0.755473, 0.654565
0.0702404, 0.740306, 0.668591
0.080693, 0.725256, 0.683734
0.161043, 0.71496, 0.680366
0.268559, 0.688664, 0.673511
0.311406, 0.660608, 0.683098
0.333392, 0.629952, 0.701434
0.360445, 0.598336, 0.715593
0.389699, 0.571825, 0.721908
0.413304, 0.545142, 0.729383
0.457083, 0.519714, 0.721784
0.31636, 0.514865, 0.796762
0.0319124, 0.447774, 0.893577
0.0577519, 0.48315, 0.873631
0.0741742, 0.493473, 0.866592
-0.18942, 0.351906, 0.916669
-0.271012, 0.293038, 0.916887
-0.100161, 0.366007, 0.925206
-0.0367528, 0.329873, 0.94331
-0.0824487, 0.267783, 0.959945
0.00980783, 0.300312, 0.953791
0.20916, 0.388581, 0.897361
0.304386, 0.385681, 0.870976
0.365125, 0.382118, 0.848923
0.489164, 0.431109, 0.758197
0.540129, 0.454808, 0.708104
0.549956, 0.477791, 0.685029
0.643356, 0.496361, 0.582854
0.698726, 0.482404, 0.528269
0.751355, 0.465948, 0.467287
0.808507, 0.456289, 0.371642
0.84847, 0.407712, 0.337446
0.862682, 0.402061, 0.306802
0.905119, 0.370939, 0.207758
0.914295, 0.362639, 0.180437
-0.805921, 0.103922, 0.58283
-0.793559, 0.0787947, 0.60337
-0.77271, 0.231052, 0.591214
-0.772578, 0.371024, 0.515232
-0.7938, 0.488771, 0.361917
-0.753578, 0.580719, 0.308034
-0.660832, 0.657486, 0.361957
-0.501523, 0.747868, 0.434936
-0.260578, 0.82651, 0.498979
-0.110622, 0.8085, 0.578006
-0.0678962, 0.836403, 0.543893
0.0878297, 0.800923, 0.592291
0.132377, 0.752045, 0.645681
0.138147, 0.742667, 0.655257
0.184703, 0.708087, 0.68154
0.102893, 0.706438, 0.700256
0.118203, 0.686407, 0.717547
0.2627, 0.676135, 0.688353
0.389302, 0.691329, 0.608694
0.474016, 0.706261, 0.525836
0.280865, 0.795138, 0.537466
0.0162317, 0.835621, 0.549067
-0.0753028, 0.845828, 0.528114
-0.124052, 0.857058, 0.500063
-0.110246, 0.868635, 0.483032
-0.101096, 0.871064, 0.480654
-0.101041, 0.874012, 0.475282
-0.117853, 0.873234, 0.472834
-0.127708, 0.870204, 0.475852
-0.121064, 0.86663, 0.484041
-0.115245, 0.861399, 0.494681
-0.10853, 0.854802, 0.507479
-0.0715282, 0.851953, 0.518709
-0.019558, 0.84711, 0.531058
0.00760577, 0.837633, 0.546181
0.0326412, 0.825303, 0.563745
0.112992, 0.810734, 0.574406
0.195354, 0.786893, 0.585352
0.222481, 0.762935, 0.606987
0.242839, 0.740365, 0.626808
0.280886, 0.705855, 0.650285
0.319652, 0.668773, 0.671241
0.361996, 0.639965, 0.677794
0.388662, 0.601124, 0.698277
0.207046, 0.58822, 0.781747
0.00318381, 0.562544, 0.826761
0.0629795, 0.592153, 0.803361
-0.0535357, 0.512902, 0.856776
-0.288729, 0.323597, 0.901066
-0.237241, 0.368932, 0.898669
-0.104466, 0.408387, 0.906811
-0.0859698, 0.405569, 0.910013
-0.0476581, 0.434555, 0.899383
0.114473, 0.511193, 0.851809
0.233499, 0.549596, 0.802136
0.256725, 0.544952, 0.798198
0.375236, 0.535323, 0.756721
0.498572, 0.549082, 0.670772
0.533352, 0.54275, 0.648813
0.586789, 0.542414, 0.601221
0.65072, 0.555151, 0.518046
0.689459, 0.538524, 0.484394
0.741607, 0.535538, 0.404004
0.784267, 0.522347, 0.334782
0.810364, 0.504901, 0.297298
0.836972, 0.489671, 0.244335
0.887335, 0.443044, 0.127863
0.89181, 0.43413, 0.127303
-0.790976, 0.174413, 0.586461
-0.75826, 0.190401, 0.62353
-0.68426, 0.284726, 0.671357
-0.692475, 0.390467, 0.606642
-0.718955, 0.464996, 0.516607
-0.685311, 0.632555, 0.360863
-0.645354, 0.700042, 0.305711
-0.482519, 0.82347, 0.298449
-0.335557, 0.889699, 0.309577
-0.18627, 0.918708, 0.348252
-0.0459234, 0.920217, 0.388704
-0.0601885, 0.905453, 0.420157
-0.0272047, 0.899122, 0.436851
-0.0122275, 0.894162, 0.447577
0.0278204, 0.868409, 0.495068
0.0574058, 0.80846, 0.585745
0.0963534, 0.781341, 0.616621
0.280882, 0.755729, 0.59159
0.437266, 0.715221, 0.545213
0.539516, 0.692832, 0.478442
0.407879, 0.764617, 0.498994
0.1232, 0.841045, 0.526749
0.0263347, 0.864836, 0.501364
-0.0329166, 0.880295, 0.473284
-0.0877611, 0.885043, 0.457161
-0.0941879, 0.892957, 0.440177
-0.0862921, 0.899418, 0.428486
-0.105531, 0.900538, 0.421775
-0.112163, 0.90441, 0.411658
-0.107311, 0.907325, 0.406504
-0.110094, 0.906367, 0.407895
-0.113049, 0.90483, 0.410491
-0.0944398, 0.904718, 0.415411
-0.0539904, 0.90248, 0.427335
-0.0308592, 0.897076, 0.440797
-0.0300715, 0.888265, 0.458346
0.0188394, 0.880034, 0.474537
0.0932019, 0.866585, 0.490249
0.134316, 0.851563, 0.506754
0.142842, 0.83801, 0.526627
0.1536, 0.817919, 0.55445
0.213384, 0.781711, 0.585999
0.25004, 0.736817, 0.628156
0.289029, 0.686328, 0.667395
0.180414, 0.652973, 0.73558
0.0316303, 0.649138, 0.760013
-0.0223807, 0.654084, 0.756091
-0.292401, 0.434992, 0.851636
-0.358014, 0.33607, 0.871139
-0.179762, 0.412198, 0.893185
-0.0661224, 0.530179, 0.845303
-0.0021815, 0.57811, 0.815956
0.070769, 0.598909, 0.797684
0.180171, 0.642311, 0.744966
0.242491, 0.642124, 0.727238
0.267342, 0.64094, 0.719531
0.384362, 0.648347, 0.657201
0.484451, 0.64339, 0.592754
0.507978, 0.64047, 0.575983
0.574208, 0.632636, 0.519669
0.633953, 0.624849, 0.455704
0.680332, 0.606756, 0.41109
0.725415, 0.607133, 0.324289
0.761243, 0.586076, 0.277532
0.771827, 0.589804, 0.237517
0.810077, 0.5621, 0.16679
0.873914, 0.483993, 0.0449928
0.876936, 0.476469, 0.0629303
-0.786878, 0.221701, 0.575909
-0.812297, 0.2521, 0.525946
-0.663978, 0.324302, 0.673766
-0.654288, 0.331488, 0.679723
-0.649643, 0.417258, 0.635499
-0.601768, 0.525769, 0.601201
-0.510831, 0.739442, 0.438494
-0.451581, 0.819141, 0.353671
-0.400684, 0.857588, 0.322483
-0.350097, 0.886516, 0.302527
-0.248919, 0.918033, 0.308634
-0.0657237, 0.949813, 0.305837
-0.00177674, 0.954431, 0.298427
-0.0545267, 0.947915, 0.313822
-0.158585, 0.928692, 0.335235
-0.164121, 0.912839, 0.373883
-0.0172131, 0.916546, 0.399559
0.141951, 0.874425, 0.463931
0.366811, 0.775949, 0.513179
0.56393, 0.683839, 0.462977
0.483155, 0.721559, 0.495897
0.251003, 0.807577, 0.533682
0.128673, 0.84454, 0.519803
0.0306032, 0.863408, 0.503578
0.00137733, 0.875377, 0.48344
-0.0149739, 0.895475, 0.444861
-0.0373437, 0.909929, 0.413079
-0.0504934, 0.916864, 0.395993
-0.065731, 0.923204, 0.378647
-0.086822, 0.929257, 0.359087
-0.0970604, 0.931889, 0.349516
-0.10488, 0.928853, 0.355293
-0.109746, 0.92629, 0.360476
-0.0933575, 0.925858, 0.366157
-0.0759462, 0.923393, 0.376267
-0.0690965, 0.919226, 0.387619
-0.0271893, 0.918816, 0.393748
0.032242, 0.91388, 0.404702
0.0654313, 0.905208, 0.419901
0.0703121, 0.896258, 0.437925
0.056942, 0.880072, 0.471413
0.0515374, 0.857604, 0.511722
0.0885794, 0.823888, 0.559788
0.139465, 0.789565, 0.597609
0.0791986, 0.732814, 0.675804
0.0120481, 0.704629, 0.709474
-0.229463, 0.612069, 0.756781
-0.471911, 0.323942, 0.819977
-0.338197, 0.382648, 0.859769
0.0074638, 0.486842, 0.873458
0.141511, 0.619915, 0.771803
0.0274846, 0.685421, 0.727628
0.0747128, 0.69805, 0.712141
0.187001, 0.716204, 0.672371
0.212901, 0.717175, 0.663577
0.276551, 0.716318, 0.640631
0.399891, 0.726166, 0.559258
0.471815, 0.710925, 0.521513
0.503449, 0.699535, 0.507139
0.571829, 0.693169, 0.43878
0.627531, 0.670467, 0.395826
0.675861, 0.660168, 0.327704
0.713321, 0.64952, 0.263241
0.732808, 0.641842, 0.225901
0.760653, 0.626075, 0.171572
0.812477, 0.576591, 0.0861588
0.86572, 0.500283, 0.0156597
0.906587, 0.400315, 0.133599
-0.736185, 0.29682, 0.608218
-0.699601, 0.311437, 0.64309
-0.650848, 0.310738, 0.692704
-0.657933, 0.33109, 0.67639
-0.609184, 0.267159, 0.746673
-0.489044, 0.411156, 0.769276
-0.391944, 0.617732, 0.681753
-0.280827, 0.776294, 0.564361
-0.214838, 0.854456, 0.473021
-0.193137, 0.895774, 0.400358
-0.140551, 0.912332, 0.384573
-0.0643623, 0.919563, 0.387635
-0.0779982, 0.919137, 0.386138
-0.146343, 0.915636, 0.374426
-0.190386, 0.926469, 0.324668
-0.22306, 0.924886, 0.307945
-0.202184, 0.921076, 0.332776
0.0325657, 0.927179, 0.3732
0.424874, 0.801707, 0.420415
0.529059, 0.690264, 0.493591
0.333508, 0.783788, 0.523879
0.216005, 0.821334, 0.527971
0.108364, 0.863153, 0.493178
0.0785007, 0.88976, 0.449628
0.105001, 0.91066, 0.39959
0.0601637, 0.933048, 0.354685
0.0092551, 0.948217, 0.317487
0.0177045, 0.953212, 0.301784
0.00334839, 0.955572, 0.294738
-0.0707631, 0.953385, 0.293342
-0.114563, 0.948318, 0.295918
-0.10547, 0.948914, 0.297385
-0.0924853, 0.948871, 0.30181
-0.087067, 0.946283, 0.311398
-0.0815694, 0.944163, 0.319223
-0.0592135, 0.944156, 0.324136
-0.0272038, 0.941117, 0.336984
0.0044011, 0.935423, 0.353502
-0.012392, 0.925278, 0.379088
-0.0479545, 0.910397, 0.410948
-0.0422042, 0.897649, 0.438685
-0.0209854, 0.884245, 0.466551
-0.0116244, 0.851681, 0.523931
-0.0619024, 0.787379, 0.613354
-0.146587, 0.746209, 0.649372
-0.444179, 0.612158, 0.654192
-0.524671, 0.490159, 0.696035
-0.207884, 0.622601, 0.754422
0.136256, 0.697304, 0.703706
0.283245, 0.684605, 0.671631
0.155641, 0.722563, 0.673557
0.130737, 0.767034, 0.628145
0.206976, 0.77204, 0.600928
0.229263, 0.773324, 0.591107
0.326056, 0.771186, 0.546772
0.412867, 0.771527, 0.484032
0.432532, 0.765368, 0.476581
0.492951, 0.753644, 0.434764
0.556686, 0.740838, 0.375846
0.623783, 0.709461, 0.327963
0.670376, 0.697364, 0.253534
0.697545, 0.686305, 0.205951
0.710977, 0.684385, 0.161642
0.773277, 0.624305, 0.110841
0.812397, 0.580738, 0.0524843
0.847283, 0.523759, 0.0882488
0.928331, 0.0441667, 0.369122
0.746598, -0.0282601, 0.664675
-0.0414053, -0.419937, 0.906608
0.114028, -0.380244, 0.91783
0.48452, -0.449235, 0.750618
0.663495, -0.358787, 0.656542
-0.754064, 0.278618, 0.594777
-0.75826, 0.295165, 0.581308
-0.66037, 0.313497, 0.682371
-0.723984, 0.170902, 0.668311
-0.674036, 0.128156, 0.727497
-0.428665, 0.217406, 0.876916
-0.242402, 0.39868, 0.884475
-0.184584, 0.517497, 0.835539
-0.152068, 0.607368, 0.779731
-0.146301, 0.6579, 0.738758
-0.122924, 0.721655, 0.681252
-0.0450473, 0.741227, 0.669741
0.0101897, 0.764035, 0.645095
0.117401, 0.808686, 0.576407
0.141684, 0.881811, 0.449817
-0.0451294, 0.933023, 0.356975
-0.186261, 0.937727, 0.293214
-0.236221, 0.92913, 0.284458
-0.11692, 0.941665, 0.315588
0.228947, 0.902176, 0.365596
0.359639, 0.842517, 0.401029
0.293684, 0.86366, 0.409685
0.250097, 0.896319, 0.366148
0.207384, 0.924467, 0.319927
0.221485, 0.932606, 0.284939
0.225432, 0.939866, 0.256577
0.123945, 0.96359, 0.236921
0.0197899, 0.974513, 0.223455
-0.00373103, 0.975513, 0.219912
-0.0310658, 0.97453, 0.222094
-0.0739745, 0.973176, 0.217842
-0.0995111, 0.970889, 0.217881
-0.108806, 0.96898, 0.221898
-0.102352, 0.969025, 0.224755
-0.0890203, 0.969259, 0.229374
-0.0821337, 0.967116, 0.24071
-0.0753539, 0.963499, 0.256887
-0.0671989, 0.958393, 0.277431
-0.078117, 0.949641, 0.303446
-0.0944368, 0.941077, 0.324739
-0.0982746, 0.931901, 0.349146
-0.128558, 0.916871, 0.377915
-0.191655, 0.886784, 0.420573
-0.18234, 0.868863, 0.460248
-0.151184, 0.857582, 0.491626
-0.376761, 0.78784, 0.487194
-0.386002, 0.799958, 0.459423
-0.113108, 0.851218, 0.512478
0.0772391, 0.857629, 0.508435
0.156988, 0.834538, 0.52811
0.177163, 0.826848, 0.533794
0.182678, 0.84151, 0.508418
0.186489, 0.841464, 0.50711
0.223086, 0.834914, 0.503141
0.32782, 0.828799, 0.453461
0.397938, 0.814486, 0.422205
0.42714, 0.812082, 0.397586
0.485021, 0.805464, 0.340562
0.543089, 0.783636, 0.301612
0.583843, 0.779348, 0.227472
0.633706, 0.754972, 0.168624
0.660052, 0.739508, 0.132129
0.658192, 0.745003, 0.108416
0.741421, 0.666435, 0.0784847
0.776414, 0.623281, 0.0932843
0.700463, 0.639066, 0.31772
0.558862, 0.158971, 0.813881
0.641844, -0.283725, 0.712416
0.511194, -0.0133451, 0.859362
-0.326975, -0.0199141, 0.944823
-0.162707, -0.264338, 0.950606
0.0815879, -0.558377, 0.825565
0.409886, -0.273611, 0.870133
0.839346, -0.401915, 0.366008
0.770484, -0.413904, 0.484807
-0.77748, 0.224987, 0.587287
-0.799419, 0.227438, 0.556059
-0.753644, 0.222247, 0.618568
-0.770905, 0.0904141, 0.6305
-0.63881, 0.144153, 0.755739
-0.304945, 0.313819, 0.899181
-0.115924, 0.420495, 0.899859
-0.0730816, 0.495354, 0.865612
-0.0808452, 0.549515, 0.831563
-0.0883092, 0.568763, 0.817747
-0.078797, 0.601308, 0.795122
-0.0357866, 0.619691, 0.784029
0.0697089, 0.627467, 0.775516
0.280862, 0.67482, 0.682448
0.501221, 0.675524, 0.540782
0.478728, 0.760993, 0.437845
0.161088, 0.918739, 0.360512
-0.0827046, 0.955993, 0.281492
-0.141358, 0.964724, 0.222095
-0.0953633, 0.974373, 0.203722
0.0558126, 0.9799, 0.191524
0.200815, 0.96508, 0.168207
0.251178, 0.953191, 0.168332
0.218781, 0.961632, 0.165529
0.205263, 0.963466, 0.172047
0.242027, 0.952655, 0.18404
0.272463, 0.938796, 0.210775
0.155597, 0.969869, 0.187465
0.0338444, 0.98561, 0.165611
-0.0187517, 0.978249, 0.206585
-0.0682112, 0.973257, 0.21936
-0.090263, 0.975446, 0.200892
-0.0785296, 0.986247, 0.145433
-0.0842103, 0.985723, 0.145801
-0.1074, 0.98214, 0.154486
-0.129508, 0.976372, 0.172992
-0.138725, 0.970805, 0.195688
-0.134687, 0.968658, 0.208713
-0.14095, 0.959928, 0.24222
-0.121739, 0.975681, 0.182279
-0.14012, 0.964415, 0.224208
-0.159829, 0.953108, 0.256982
-0.177913, 0.942327, 0.283489
-0.177262, 0.938567, 0.29609
-0.150605, 0.935432, 0.31982
-0.218192, 0.913602, 0.343109
-0.30979, 0.899511, 0.308075
-0.207621, 0.92986, 0.303732
-0.00772289, 0.947793, 0.318792
0.0852241, 0.939048, 0.333055
0.121415, 0.927552, 0.35342
0.132306, 0.922339, 0.363023
0.13463, 0.919558, 0.369171
0.197508, 0.911793, 0.360033
0.276896, 0.910182, 0.308055
0.319861, 0.907294, 0.272959
0.361291, 0.902608, 0.234026
0.376806, 0.907149, 0.187344
0.438673, 0.888782, 0.132788
0.478278, 0.874364, 0.0820845
0.588942, 0.80193, 0.100282
0.573069, 0.816468, 0.0705123
0.660488, 0.74445, 0.0977264
0.727216, 0.679992, 0.0936362
0.744385, 0.647233, 0.164256
0.523076, 0.619107, 0.585745
-0.302996, 0.629537, 0.715455
0.112734, 0.448885, 0.88645
0.638402, -0.201524, 0.742853
0.478312, -0.132929, 0.868071
0.647152, -0.355146, 0.674586
-0.517363, 0.107197, 0.849025
-0.523146, 0.02926, 0.851741
-0.265824, 0.177117, 0.947611
0.173018, -0.00368547, 0.984912
0.255433, -0.0668073, 0.964516
0.707719, -0.272454, 0.651845
0.727535, -0.547548, 0.413382
0.684409, -0.532264, 0.498276
-0.762575, 0.185982, 0.619588
-0.769528, 0.150843, 0.620543
-0.768778, 0.192661, 0.609806
-0.777845, 0.138482, 0.613009
-0.587455, 0.242756, 0.771988
-0.184331, 0.420163, 0.88853
-0.0184694, 0.496786, 0.867676
0.0141993, 0.529252, 0.848346
-0.0317579, 0.553801, 0.832043
-0.0647128, 0.568263, 0.820299
-0.057331, 0.574221, 0.816691
-0.0259009, 0.569984, 0.821247
0.13603, 0.617246, 0.774921
0.384366, 0.648816, 0.656735
0.573141, 0.624251, 0.530867
0.689142, 0.58904, 0.422037
0.635153, 0.703065, 0.319814
0.441706, 0.864568, 0.23962
0.239776, 0.952529, 0.187603
0.133617, 0.978124, 0.159436
0.11858, 0.980701, 0.155448
0.157062, 0.972604, 0.171386
0.223643, 0.960189, 0.167394
0.225119, 0.959621, 0.168669
0.222058, 0.959401, 0.173899
0.240052, 0.952172, 0.18906
0.22367, 0.955089, 0.194361
0.15476, 0.969721, 0.188917
0.0949055, 0.979646, 0.176882
-0.0813703, 0.985989, 0.145617
-0.0900547, 0.98479, 0.148586
-0.107066, 0.98165, 0.157798
-0.125241, 0.976672, 0.174431
-0.134323, 0.972063, 0.192488
-0.138149, 0.966663, 0.215585
-0.132506, 0.968432, 0.211146
-0.13432, 0.967039, 0.216317
-0.140651, 0.96501, 0.221296
-0.173511, 0.954955, 0.240738
-0.215525, 0.956346, 0.197361
-0.206126, 0.954467, 0.21565
-0.215616, 0.943639, 0.251108
-0.15698, 0.96276, 0.220116
-0.124119, 0.97095, 0.204573
-0.144925, 0.966578, 0.21148
-0.111213, 0.971439, 0.209612
-0.0424178, 0.977088, 0.208564
0.00646898, 0.977382, 0.211383
0.057575, 0.97509, 0.214209
0.0789637, 0.974502, 0.210027
0.175638, 0.968082, 0.178797
0.266011, 0.954289, 0.136276
0.287519, 0.95095, 0.114133
0.378702, 0.919007, 0.109596
0.428277, 0.901133, 0.067367
0.431304, 0.894508, 0.117613
0.503458, 0.857571, 0.105364
0.547727, 0.832385, 0.0844416
0.581103, 0.809335, 0.0854116
-0.19677, 0.62402, 0.756228
-0.377446, 0.721963, 0.579917
-0.317944, 0.459767, 0.829172
0.578414, -0.28006, 0.766162
0.703756, -0.423574, 0.570361
0.565311, -0.463692, 0.682211
-0.426979, 0.276171, 0.861056
-0.508417, 0.184479, 0.841118
-0.216763, 0.334939, 0.916968
-0.219325, 0.351307, 0.910209
-0.0276208, -0.0163136, 0.999485
0.345967, -0.0535751, 0.936716
0.598293, -0.516537, 0.612564
0.716273, -0.524055, 0.460781
0.583118, -0.626704, 0.516929
0.547548, -0.707391, 0.446979
-0.756028, 0.166437, 0.633025
-0.713342, 0.178339, 0.677745
-0.759364, 0.208081, 0.616498
-0.774295, 0.177176, 0.607516
-0.525573, 0.332815, 0.782948
-0.0819439, 0.495091, 0.864968
0.0281139, 0.539326, 0.841628
0.0285051, 0.549979, 0.834692
0.00157487, 0.553268, 0.833002
-0.0474016, 0.553527, 0.831481
-0.0871041, 0.529608, 0.843758
0.025788, 0.539714, 0.841454
0.263553, 0.620098, 0.738931
0.451665, 0.650625, 0.61048
0.617559, 0.613379, 0.492329
0.771836, 0.540294, 0.335189
0.804728, 0.546171, 0.232616
0.704768, 0.68063, 0.200112
0.566043, 0.783136, 0.257476
0.27008, 0.943092, 0.193996
0.126102, 0.979443, 0.157447
-0.210837, 0.955457, 0.206516
-0.212481, 0.951745, 0.221434
-0.193001, 0.954085, 0.229069
-0.165732, 0.960047, 0.225484
-0.142024, 0.966877, 0.212081
-0.126765, 0.969756, 0.208576
-0.0996102, 0.972597, 0.210079
-0.0491114, 0.976446, 0.210099
0.00721474, 0.977338, 0.211562
0.0476914, 0.976112, 0.211971
0.10421, 0.97397, 0.201303
0.174132, 0.968933, 0.175633
0.243437, 0.959274, 0.143292
0.311176, 0.942724, 0.120168
0.365614, 0.925673, 0.0972394
0.40372, 0.910589, 0.0885318
-0.459243, 0.586775, 0.666927
-0.648141, 0.534899, 0.54203
-0.440591, 0.398988, 0.80417
0.430337, -0.373071, 0.821966
0.534811, -0.572261, 0.621686
0.279338, -0.481573, 0.830697
0.30282, -0.629313, 0.715727
0.335542, -0.687336, 0.64419
-0.0938777, -0.789286, 0.606807
-0.051383, -0.760439, 0.647374
0.0629256, -0.629771, 0.774228
0.12519, -0.590828, 0.797026
0.195776, -0.571228, 0.797101
0.253219, -0.64386, 0.722028
0.34278, -0.638658, 0.688925
0.431196, -0.641973, 0.633987
0.487137, -0.667218, 0.563487
0.502458, -0.68021, 0.533714
-0.36556, 0.396213, 0.842248
-0.198854, 0.582097, 0.788429
-0.0886154, 0.417861, 0.904179
-0.297957, 0.344399, 0.890287
-0.295917, 0.307196, 0.904469
-0.0647254, 0.0347853, 0.997297
0.242217, -0.234903, 0.941356
0.49115, -0.536624, 0.686154
0.580788, -0.646698, 0.494436
0.510452, -0.763103, 0.396375
0.498372, -0.744862, 0.443628
-0.749055, 0.158617, 0.64324
-0.782777, 0.169593, 0.598747
-0.757774, 0.19688, 0.622107
-0.766118, 0.171537, 0.619385
-0.457211, 0.378361, 0.804861
-0.018768, 0.510525, 0.859658
0.0601336, 0.526805, 0.847856
0.0428754, 0.534462, 0.844104
-0.0139255, 0.531533, 0.846923
-0.0930254, 0.499466, 0.861325
-0.0972697, 0.459702, 0.88273
0.133269, 0.54344, 0.828802
0.419082, 0.592695, 0.68781
0.550946, 0.602588, 0.577361
0.664546, 0.594414, 0.452825
0.774823, 0.563224, 0.287104
0.848756, 0.4948, 0.186511
0.799231, 0.544941, 0.253513
0.696796, 0.676151, 0.239364
-0.583208, 0.508568, 0.633425
-0.633857, 0.568244, 0.524714
-0.49386, 0.544819, 0.677698
0.0116548, -0.11666, 0.993104
0.22897, -0.495719, 0.837756
0.286899, -0.646804, 0.706635
0.381531, -0.722433, 0.57665
0.203575, -0.489624, 0.847836
0.190541, -0.56543, 0.802485
0.221758, -0.660468, 0.71736
0.23108, -0.739093, 0.632728
0.229837, -0.779423, 0.582816
-0.0435909, -0.786535, 0.616006
-0.0422499, -0.753556, 0.656024
-0.0107929, -0.680332, 0.732825
0.0210563, -0.590307, 0.806904
0.106388, -0.453639, 0.884813
0.117518, -0.389845, 0.913351
-0.191253, -0.805228, 0.561275
0.00460596, -0.764023, 0.645173
0.0337597, -0.693388, 0.719773
0.146398, -0.391735, 0.908356
0.189698, -0.660391, 0.726566
0.244182, -0.640986, 0.727676
0.324509, -0.626981, 0.70823
0.454639, -0.638676, 0.620802
0.508232, -0.65102, 0.563802
0.495785, -0.708181, 0.50267
0.559439, -0.342053, 0.755002
0.64145, -0.334248, 0.690522
0.702547, -0.457107, 0.545417
0.74917, -0.455933, 0.480489
-0.3098, 0.489613, 0.815048
-0.47742, 0.437353, 0.762097
-0.320328, 0.355283, 0.878159
-0.411567, 0.317832, 0.854164
-0.377699, 0.212404, 0.901237
-0.139617, -0.0375257, 0.989494
0.0431734, -0.313346, 0.948657
0.239264, -0.569303, 0.786541
0.391178, -0.733463, 0.555888
0.583491, -0.723078, 0.369724
0.454064, -0.761332, 0.462817
0.552346, -0.762395, 0.337145
-0.769496, 0.0667632, 0.635153
-0.748376, 0.127353, 0.650934
-0.770701, 0.0759932, 0.63265
-0.753392, 0.149003, 0.640467
-0.356192, 0.40337, 0.842864
0.0158114, 0.49534, 0.868555
0.063301, 0.499332, 0.864095
0.046724, 0.495665, 0.867256
-0.0384295, 0.469655, 0.882013
-0.156768, 0.405941, 0.900353
-0.0399019, 0.448144, 0.89307
0.282846, 0.568915, 0.772227
0.483571, 0.585402, 0.650741
0.627173, 0.570489, 0.53028
0.7472, 0.570125, 0.341541
0.80959, 0.543077, 0.222782
0.806402, 0.548571, 0.220877
0.811558, 0.527289, 0.251673
-0.560632, 0.608048, 0.562112
-0.541067, 0.696861, 0.470777
-0.51399, 0.705338, 0.488173
-0.262665, 0.673503, 0.690942
-0.098432, 0.286118, 0.953125
0.0582799, -0.110274, 0.992191
0.120884, -0.470046, 0.874325
0.216739, -0.567074, 0.794639
0.230705, -0.649392, 0.724614
0.214161, -0.754014, 0.620965
0.244974, -0.803003, 0.5433
0.224355, -0.277546, 0.934148
0.179239, -0.240523, 0.953951
-0.102329, -0.799457, 0.591944
0.0153298, -0.770312, 0.637483
-0.0392334, -0.681667, 0.73061
-0.00827789, -0.576588, 0.816993
0.110287, -0.501631, 0.858023
0.212545, -0.263042, 0.941081
0.293389, 0.160143, 0.942485
0.315948, 0.252519, 0.914555
0.353249, 0.346942, 0.868819
0.355379, 0.413866, 0.838105
0.323128, 0.457137, 0.828622
0.308029, 0.462765, 0.831244
0.31199, 0.455771, 0.833628
0.319588, 0.389985, 0.863583
0.392482, 0.196766, 0.898466
0.479261, 0.0322389, 0.87708
0.549089, -0.169965, 0.818299
0.596586, -0.450749, 0.664011
0.74706, -0.365556, 0.555221
0.740974, -0.540037, 0.399146
0.784867, -0.271072, 0.557229
0.847512, -0.260138, 0.462658
-0.46505, 0.462043, 0.755146
-0.452302, 0.486357, 0.747583
-0.468075, 0.403687, 0.786094
-0.442898, 0.293782, 0.847073
-0.492487, 0.239073, 0.836839
-0.4368, 0.119579, 0.891575
-0.22805, -0.0978437, 0.968721
-0.194294, -0.302349, 0.933186
-0.118447, -0.524843, 0.842918
0.0616871, -0.679785, 0.730812
0.414739, -0.77441, 0.477788
0.66849, -0.720753, 0.183401
0.597161, -0.677563, 0.42931
0.0857372, -0.618127, 0.781389
-0.806315, -0.0808327, 0.585937
-0.722224, 0.0493518, 0.689896
-0.743138, -0.112514, 0.659611
-0.671157, 0.143715, 0.727251
-0.230616, 0.437526, 0.86913
0.0397844, 0.483845, 0.874249
0.059196, 0.472904, 0.879123
0.00625391, 0.440593, 0.897685
-0.128899, 0.370019, 0.920039
-0.132031, 0.365048, 0.921579
0.152174, 0.523949, 0.838046
0.400656, 0.607126, 0.686202
0.532522, 0.632346, 0.562636
0.664729, 0.649142, 0.369797
0.74138, 0.625021, 0.244347
0.78958, 0.57587, 0.211982
0.784593, 0.516133, 0.34354
0.797151, 0.533458, 0.282795
-0.527601, 0.701197, 0.479541
-0.463546, 0.716699, 0.521026
-0.513176, 0.755087, 0.408036
-0.471668, 0.74435, 0.472728
-0.258392, 0.802639, 0.537591
-0.145749, 0.739587, 0.657091
-0.02912, 0.491886, 0.870173
0.0755148, 0.303602, 0.949802
0.119387, 0.167371, 0.978639
0.157357, 0.0267596, 0.987179
0.179788, -0.108799, 0.97767
0.250191, -0.144594, 0.957338
0.321746, 0.181417, 0.929283
0.317331, 0.305968, 0.8976
0.338271, 0.411985, 0.846074
0.348484, 0.54682, 0.76128
0.316328, 0.611996, 0.724844
0.253265, 0.737571, 0.625976
0.218998, 0.760789, 0.610934
0.197777, 0.775106, 0.60008
0.190304, 0.833494, 0.518721
0.212329, 0.830095, 0.515614
0.216217, 0.831917, 0.511042
0.209793, 0.838702, 0.50256
0.208282, 0.846981, 0.489123
0.212199, 0.845142, 0.490619
0.247528, 0.832699, 0.495321
0.312658, 0.786164, 0.533096
0.352876, 0.694351, 0.62718
0.375588, 0.603421, 0.703432
0.485978, 0.351912, 0.79999
0.670276, 0.0200583, 0.741841
0.847512, -0.260138, 0.462658
0.763067, 0.128534, 0.633409
-0.487386, 0.430534, 0.759668
-0.539275, 0.399344, 0.741422
-0.568295, 0.294554, 0.768296
-0.546702, 0.155725, 0.822719
-0.528801, 0.0363754, 0.847966
-0.477867, -0.0566718, 0.876602
-0.378711, -0.144559, 0.914156
-0.161498, -0.122223, 0.979275
0.189078, -0.126475, 0.973783
0.395061, -0.0906547, 0.914171
0.459382, -0.423168, 0.780959
0.580419, -0.73241, 0.355935
0.592026, -0.733703, 0.333444
-0.120142, -0.226522, 0.966568
-0.754438, -0.0278759, 0.655779
-0.725281, -0.111149, 0.679421
-0.405906, 0.238973, 0.882118
-0.0448201, 0.451823, 0.890981
0.019643, 0.454451, 0.890555
-0.00256369, 0.418582, 0.908175
-0.0906604, 0.341957, 0.935332
-0.13704, 0.310716, 0.940572
0.0591078, 0.484087, 0.873021
0.354383, 0.61875, 0.701115
0.5213, 0.649427, 0.553616
0.638869, 0.681678, 0.356596
0.696223, 0.678029, 0.235693
0.70433, 0.675702, 0.217593
0.673205, 0.663027, 0.327399
0.752883, 0.587944, 0.295784
-0.492793, 0.750284, 0.440714
-0.417746, 0.773532, 0.476589
-0.33129, 0.781676, 0.528422
-0.431908, 0.79897, 0.418453
-0.352659, 0.808394, 0.471307
-0.084167, 0.890127, 0.447873
-0.000708811, 0.863293, 0.504702
0.0809067, 0.83137, 0.549798
0.133593, 0.8207, 0.555522
0.224138, 0.804774, 0.549636
0.269419, 0.799356, 0.53707
0.243611, 0.801458, 0.546185
0.220819, 0.84469, 0.487584
0.234106, 0.838005, 0.492891
0.372128, 0.799704, 0.471163
0.384066, 0.797052, 0.466049
0.259301, 0.820839, 0.508907
0.415631, 0.765888, 0.490577
0.394384, 0.794063, 0.462521
0.225948, 0.859051, 0.459325
0.216144, 0.840222, 0.497302
0.211444, 0.839255, 0.500941
0.210097, 0.84363, 0.494113
0.187751, 0.855645, 0.482308
0.0811958, 0.889559, 0.449546
-0.0389294, 0.856196, 0.515182
0.00472129, 0.830879, 0.556432
0.0845589, 0.855453, 0.51093
0.186622, 0.821356, 0.539023
0.377893, 0.749452, 0.543616
0.516589, 0.575306, 0.63416
0.751066, 0.0411192, 0.658946
0.58867, 0.462923, 0.6627
-0.613649, 0.324674, 0.719737
-0.64744, 0.289828, 0.704855
-0.683468, 0.175243, 0.708633
-0.614347, 0.0101029, 0.788972
-0.443542, 0.00669461, 0.896228
-0.274549, 0.0578905, 0.959829
-0.0882723, 0.159768, 0.9832
0.143927, 0.140744, 0.979528
0.347272, 0.0915679, 0.933283
0.428794, 0.0293481, 0.902926
0.540861, -0.0438743, 0.839967
0.795731, -0.399229, 0.455444
0.551535, -0.343635, 0.760082
-0.701274, -0.0984119, 0.706067
-0.643872, 0.0813566, 0.760796
-0.143253, 0.383597, 0.912322
-0.00125732, 0.416839, 0.908979
-0.0179672, 0.390356, 0.920489
-0.0996667, 0.323044, 0.941121
-0.137105, 0.30415, 0.942706
0.0723685, 0.483201, 0.872513
0.337089, 0.660902, 0.670507
0.454769, 0.735828, 0.501738
0.599118, 0.730683, 0.327352
0.684214, 0.69344, 0.225813
0.694751, 0.686763, 0.213723
0.662809, 0.673318, 0.327608
0.681146, 0.671699, 0.291308
-0.392733, 0.804604, 0.445391
-0.29316, 0.842794, 0.451393
-0.147646, 0.864483, 0.480488
-0.0158813, 0.87488, 0.48408
-0.0593299, 0.902276, 0.427057
0.0537453, 0.874731, 0.48162
0.136626, 0.855722, 0.499072
0.19652, 0.840906, 0.504238
0.340221, 0.808193, 0.480702
0.343219, 0.813358, 0.469734
0.293272, 0.825923, 0.4815
0.330948, 0.813671, 0.477925
0.339116, 0.807335, 0.482919
0.353951, 0.796735, 0.489828
0.357452, 0.795852, 0.48872
0.346872, 0.809954, 0.472921
0.311438, 0.829946, 0.462813
0.0211858, 0.875052, 0.483565
0.0157017, 0.861025, 0.508321
0.0168103, 0.848858, 0.528354
0.0922493, 0.838457, 0.537103
0.186121, 0.827861, 0.529156
0.0893114, 0.858063, 0.505719
0.125795, 0.806101, 0.578253
0.306006, 0.790149, 0.531061
0.58867, 0.462923, 0.6627
-0.669326, 0.300151, 0.679641
-0.690395, 0.310107, 0.653597
-0.718816, 0.268877, 0.6411
-0.65939, 0.245943, 0.710434
-0.444597, 0.151856, 0.882764
-0.232861, 0.160063, 0.959247
-0.0713322, 0.198187, 0.977565
0.0945004, 0.214099, 0.97223
0.262405, 0.172564, 0.949403
0.371365, 0.11852, 0.920891
0.470731, 0.0923638, 0.877429
0.806787, 0.0514548, 0.588598
0.519836, -0.235188, 0.821254
-0.541366, -0.0963859, 0.835244
-0.446758, 0.275964, 0.851029
-0.0635285, 0.395294, 0.916355
-0.05479, 0.350888, 0.934813
-0.109504, 0.27997, 0.953743
-0.115158, 0.288296, 0.950591
0.134287, 0.510213, 0.8495
0.396207, 0.697059, 0.597602
0.496684, 0.767466, 0.40534
0.579191, 0.763774, 0.284935
0.611241, 0.756197, 0.23356
0.644904, 0.727112, 0.235387
0.65028, 0.658383, 0.379036
0.671046, 0.674597, 0.307599
-0.00279809, 0.890344, 0.45528
0.0438507, 0.881, 0.47108
0.129204, 0.858715, 0.495898
0.225335, 0.838214, 0.49661
0.294071, 0.82292, 0.486133
0.341727, 0.810791, 0.475227
0.107678, 0.83305, 0.542617
0.174643, 0.822524, 0.541252
0.21685, 0.801636, 0.557096
0.306006, 0.790149, 0.531061
0, 0, 0
-0.714819, 0.213687, 0.665862
-0.722434, 0.246315, 0.646079
-0.687487, 0.397047, 0.608042
-0.587389, 0.225836, 0.777157
-0.257896, 0.16371, 0.952202
-0.0363434, 0.199339, 0.979257
0.0995613, 0.23826, 0.966085
0.221509, 0.246691, 0.943439
0.333645, 0.229761, 0.914271
0.488558, 0.222517, 0.843681
0.733693, 0.247738, 0.632708
0.387211, -0.0980624, 0.916761
-0.362429, 0.0203507, 0.931789
-0.227754, 0.313625, 0.921829
-0.123026, 0.29054, 0.948921
-0.163994, 0.237182, 0.957523
-0.101567, 0.293517, 0.950543
0.219168, 0.55846, 0.800055
0.469298, 0.729125, 0.498133
0.568999, 0.756361, 0.322736
0.610342, 0.746754, 0.264275
0.585138, 0.767489, 0.261866
0.612292, 0.734125, 0.293529
0.480733, 0.753321, 0.448779
0.596671, 0.718597, 0.357213
-0.72039, 0.135965, 0.680111
-0.708737, 0.0238004, 0.705071
-0.715803, 0.045261, 0.696834
-0.730517, 0.126197, 0.671133
-0.362621, 0.190482, 0.912262
0.00531851, 0.252332, 0.967626
0.151457, 0.298174, 0.942419
0.247496, 0.319902, 0.914554
0.345844, 0.324231, 0.880492
0.536417, 0.338224, 0.773215
0.570553, 0.325781, 0.75388
0.194656, -0.0747149, 0.978022
-0.144339, 0.0752022, 0.986667
-0.17728, 0.188105, 0.966017
-0.184418, 0.198131, 0.96267
-0.0530197, 0.362608, 0.930432
0.314756, 0.649446, 0.692206
0.534738, 0.751418, 0.386557
0.605549, 0.7485, 0.270293
0.575484, 0.772408, 0.268708
0.554153, 0.77724, 0.298013
0.601393, 0.703761, 0.378216
0.572376, 0.742902, 0.347106
0.549389, 0.747638, 0.373107
-0.725155, 0.128645, 0.676462
-0.656294, -0.147942, 0.739859
-0.510881, 0.131977, 0.84946
-0.227533, 0.314291, 0.921656
0.0648643, 0.371663, 0.926099
0.185153, 0.389359, 0.902285
0.25608, 0.393608, 0.882891
0.37536, 0.423474, 0.824484
0.49677, 0.411953, 0.763881
0.330121, 0.209097, 0.920488
0.00942624, 0.0297557, 0.999513
-0.054394, 0.0795365, 0.995347
-0.0737825, 0.218717, 0.972995
0.105477, 0.501061, 0.85896
0.42384, 0.726589, 0.540765
0.570356, 0.76443, 0.300567
0.59143, 0.768785, 0.243269
0.549579, 0.789187, 0.27413
0.570972, 0.750356, 0.333102
0.457972, 0.764977, 0.452848
0.540165, 0.751897, 0.377986
-0.731184, 0.229391, 0.642456
-0.69093, 0.570601, 0.443882
-0.393541, 0.547888, 0.738204
-0.122956, 0.510816, 0.850852
0.0719208, 0.481697, 0.873382
0.171815, 0.49208, 0.853426
0.293981, 0.498347, 0.815614
0.391412, 0.446493, 0.804637
0.262374, 0.331876, 0.906101
0.0666867, 0.188844, 0.97974
0.0207496, 0.283637, 0.958707
0.100693, 0.498071, 0.86127
0.315587, 0.724909, 0.6123
0.473709, 0.806481, 0.35382
0.561609, 0.793646, 0.233926
0.563657, 0.795178, 0.223569
0.542385, 0.788446, 0.290121
0.513757, 0.751249, 0.41434
0.524889, 0.766599, 0.369887
0.516238, 0.760267, 0.394324
-0.59686, 0.609905, 0.521319
-0.652258, 0.645988, 0.39656
-0.320794, 0.777069, 0.54153
-0.00712382, 0.500627, 0.865634
0.216465, 0.423477, 0.879665
0.195684, 0.464817, 0.863512
0.117356, 0.471145, 0.874214
0.142136, 0.528117, 0.837191
0.204128, 0.704881, 0.679319
0.290634, 0.825419, 0.483958
0.408388, 0.85623, 0.316369
0.503165, 0.835873, 0.21941
0.513967, 0.834655, 0.197965
0.518141, 0.81295, 0.265785
0.546753, 0.798, 0.253491
0.541844, 0.781046, 0.310438
0.529239, 0.77155, 0.35301
-0.632415, 0.641073, 0.434829
-0.611382, 0.634952, 0.47228
-0.826352, 0.123769, 0.549385
-0.705251, -0.0403713, 0.707808
0.104658, 0.399485, 0.910746
0.237116, 0.847242, 0.475349
0.284867, 0.870907, 0.400464
0.358584, 0.881851, 0.306197
0.42125, 0.876897, 0.231516
0.483708, 0.847226, 0.219625
0.469836, 0.852914, 0.227579
0.474749, 0.846541, 0.240792
0.512001, 0.82822, 0.227829
0.516383, 0.824327, 0.232022
-0.822315, 0.159587, 0.546196
-0.81832, -0.320887, 0.476847
0.138264, 0.0773868, 0.987367
-0.0673164, 0.383713, 0.920996
0.220604, 0.745496, 0.628943
0.294629, 0.869933, 0.395488
0.356312, 0.880037, 0.313969
0.422092, 0.870537, 0.252992
0.458473, 0.859402, 0.226342
0.476789, 0.8501, 0.22361
-0.81832, -0.320887, 0.476847
-0.416524, -0.14914, 0.896808
-0.416524, -0.14914, 0.896808
0, 0, 0
0, 0, 0
