-0.620057, -0.41843, 0.663661
-0.620057, -0.41843, 0.663661
-0.771696, 0.00907121, 0.635927
-0.620057, -0.41843, 0.663661
-0.520014, 0.234787, 0.821255
0.00632979, 0.235968, 0.97174
0.571341, 0.134662, 0.80959
0.792878, 0.0158538, 0.609174
0.962987, 0.195696, 0.185364
-0.771696, 0.00907121, 0.635927
-0.763963, 0.434699, 0.476862
-0.44732, 0.487469, 0.749853
0.0324019, 0.308485, 0.950677
0.431768, -0.167808, 0.886237
0.962987, 0.195696, 0.185364
0.882536, -0.246779, 0.400287
-0.576274, 0.600733, 0.554102
-0.513334, 0.687834, 0.513199
0.0656136, 0.726508, 0.684019
0.390079, -0.691069, 0.608492
0.582821, -0.627942, 0.515759
0.771125, -0.532452, 0.349085
-0.520573, 0.713153, 0.469486
-0.526456, 0.736615, 0.424551
-0.876006, 0.336958, 0.34507
-0.263436, -0.920767, 0.287731
0.389659, -0.904169, 0.175053
0.585057, -0.76569, 0.267256
-0.541931, -0.399477, 0.739411
-0.541931, -0.399477, 0.739411
-0.884307, 0.222245, 0.410619
-0.816, -0.516028, 0.260499
-0.850604, -0.458441, 0.257497
0.722554, -0.686255, 0.0834859
0.527652, -0.749518, 0.399758
-0.621469, -0.14339, 0.770205
-0.541931, -0.399477, 0.739411
-0.114152, -0.0658955, 0.991275
-0.777136, -0.361215, 0.515348
-0.734753, -0.331875, 0.591606
-0.266739, -0.183459, 0.946147
0.812311, -0.580965, 0.0512804
0.87465, -0.335668, 0.349735
-0.713932, 0.00204191, 0.700212
-0.699193, -0.178243, 0.692357
-0.566383, 0.160677, 0.808327
0.875824, 0.104593, 0.471161
0.592432, 0.211907, 0.777252
-0.807036, -0.153336, 0.570246
-0.773611, -0.315735, 0.549397
-0.561997, -0.114874, 0.819123
0.0789112, 0.134424, 0.987777
0.549436, 0.277677, 0.788046
0.839667, -0.541557, 0.0409258
0.99666, 0.0500889, -0.0644939
-0.610243, 0.136553, 0.780357
-0.705267, 0.18226, 0.685113
-0.228694, 0.57927, 0.782397
0.0153045, 0.679375, 0.733631
0.604131, -0.24913, 0.756942
0.604131, -0.24913, 0.756942
-0.761801, -0.033283, 0.646956
-0.817925, 0.0133458, 0.57517
-0.371296, 0.341359, 0.863489
0.268497, 0.647435, 0.713258
0.550676, 0.67939, 0.484959
0.881539, 0.45856, -0.112306
0.970459, 0.218271, -0.102797
0.967592, 0.195998, 0.159218
-0.395194, -0.0266388, 0.918211
-0.579644, -0.0718652, 0.811695
-0.314257, 0.582148, 0.749898
-0.0766534, 0.832258, 0.549064
0.0928027, 0.544183, 0.833818
0.370805, 0.257553, 0.892284
-0.6125, 0.113259, 0.782314
-0.622152, 0.205674, 0.755398
0.176731, 0.604916, 0.77643
0.528676, 0.751622, 0.394418
0.663154, 0.740516, -0.108916
0.774925, 0.616088, -0.141158
0.934993, 0.351138, -0.0499045
0.80116, -0.0211509, 0.598076
0.692735, 0.0374692, 0.720218
-0.278844, -0.200362, 0.939202
-0.457514, -0.252902, 0.852479
-0.0940187, 0.248518, 0.964054
0.492882, 0.607786, 0.622626
0.0365304, 0.724425, 0.688385
-0.230474, -0.229348, 0.945664
-0.0107845, -0.00228604, 0.999939
0.267295, 0.303588, 0.914542
0.284466, 0.459823, 0.841214
0.158001, 0.475629, 0.86534
0.00167984, 0.344416, 0.938816
-0.102293, 0.0787932, 0.991629
0.0257241, -0.279233, 0.959879
0.130552, -0.451665, 0.882584
-0.356902, -0.0121045, 0.934064
-0.334531, 0.109127, 0.936045
0.673382, 0.450611, 0.586093
0.994379, 0.0885383, -0.0580718
0.758345, 0.651805, 0.00798874
0.558272, 0.828198, -0.0491973
0.345544, 0.390501, 0.853293
0.563451, 0.0949611, 0.820674
0.603901, 0.0889441, 0.792081
-0.544909, -0.0217781, 0.838212
-0.477645, -0.244608, 0.843814
0.138344, -0.0750367, 0.987538
0.573741, 0.328377, 0.750326
0.427964, 0.407572, 0.806679
-0.243683, -0.0322026, 0.96932
-0.506878, -0.377467, 0.77498
0.075309, -0.0519943, 0.995804
0.403725, 0.423559, 0.810928
0.287848, 0.499441, 0.81713
0.156616, 0.448051, 0.880183
0.0265093, 0.47028, 0.882119
-0.178219, 0.0877417, 0.980071
-0.13652, -0.336006, 0.931913
0.386248, -0.527967, 0.756349
0.215848, -0.461715, 0.860366
0.438062, -0.643833, 0.627361
0.56143, -0.676834, 0.476123
-0.56466, -0.0478205, 0.823937
-0.659941, -0.242985, 0.71094
0.342384, -0.115033, 0.932492
0.823525, -0.0371485, 0.566062
0.809138, -0.0583778, 0.584711
0.790295, 0.21378, 0.574223
-0.270087, 0.556717, 0.785569
0.422797, 0.156122, 0.892675
0.58594, 0.11962, 0.801477
0.570804, 0.0806239, 0.817118
-0.571861, 0.133144, 0.809473
-0.582634, 0.202232, 0.787172
0.311908, 0.286428, 0.90591
0.634186, 0.345545, 0.69167
0.60554, 0.36494, 0.707206
-0.185796, -0.0195409, 0.982394
-0.0311921, 0.100367, 0.994461
-0.318565, -0.242967, 0.916233
0.193878, 0.536972, 0.821019
0.524206, 0.70266, 0.48112
0.598466, 0.658448, 0.456382
0.373516, 0.524003, 0.765445
0.158001, 0.475629, 0.86534
-0.169684, 0.367934, 0.914238
-0.639125, 0.369136, 0.674728
-0.604987, 0.167623, 0.778391
-0.293882, -0.03485, 0.955206
0.140702, -0.501701, 0.853521
0.55188, -0.614543, 0.563707
0.564443, -0.731245, 0.382995
0.564443, -0.731245, 0.382995
-0.537308, 0.213812, 0.815833
-0.435536, 0.15021, 0.88755
0.119379, 0.0451633, 0.991821
0.445981, -0.27022, 0.853277
0.614827, -0.488058, 0.619506
0.768282, -0.280384, 0.575437
0.807535, -0.589309, 0.0245621
0.817668, -0.575052, 0.0270994
-0.0478446, -0.820635, 0.569446
0.481826, 0.0466861, 0.875022
0.63847, 0.074693, 0.766013
0.46118, -0.2853, 0.840189
-0.586559, 0.315784, 0.745808
-0.581908, 0.42472, 0.693539
0.283671, 0.405385, 0.869019
0.605804, 0.419157, 0.676246
0.597196, 0.373614, 0.709767
0.046005, 0.0793628, 0.995784
-0.437212, -0.31209, 0.843472
0.0968518, 0.276293, 0.956181
0.556026, 0.60986, 0.564717
0.613472, 0.668835, 0.419895
0.497344, 0.661463, 0.561351
0.561904, 0.681243, 0.469225
-0.629305, 0.299491, 0.717133
-0.633509, 0.356815, 0.686548
-0.48754, 0.329438, 0.808564
-0.027031, -0.250002, 0.967868
0.438062, -0.643833, 0.627361
0.56143, -0.676834, 0.476123
-0.423659, 0.433108, 0.795569
-0.374233, 0.677619, 0.633074
-0.227837, 0.652038, 0.723144
0.124049, 0.520659, 0.844705
0.448447, 0.176761, 0.876157
0.74323, -0.144575, 0.653229
0.870675, -0.226564, 0.43657
0.730717, -0.680146, 0.0587716
0.808448, -0.58775, 0.0309958
0.433488, -0.879735, 0.19533
0.225585, -0.843706, 0.487105
0.339843, 0.024247, 0.940169
0.484325, -0.211165, 0.849022
-0.0710917, 0.424809, 0.902487
0.0815118, 0.417099, 0.905199
0.548372, 0.35412, 0.757553
0.551861, 0.354427, 0.754871
-0.271121, -0.373853, 0.886977
-0.0204994, -0.109036, 0.993826
0.293143, 0.216812, 0.93116
0.0140839, -0.0398931, 0.999105
0.537784, 0.549775, 0.639168
0.604208, 0.634947, 0.48143
0.497061, 0.581928, 0.643654
0.586788, 0.641577, 0.494023
-0.563131, 0.344722, 0.751032
-0.563131, 0.344722, 0.751032
-0.302178, 0.667352, 0.680683
-0.163996, 0.634794, 0.755078
0.0839437, 0.575839, 0.813243
-0.0309176, 0.802753, 0.595509
0.36537, 0.62645, 0.688523
0.705254, 0.243966, 0.665655
0.790634, -0.247964, 0.559832
0.487795, -0.85728, 0.164705
0.726749, -0.68378, 0.0654338
0.725084, -0.685267, 0.0682824
0.599369, -0.77533, 0.19905
0.247079, 0.233862, 0.940351
0.408063, -0.671785, 0.618215
-0.0358105, 0.352563, 0.935103
-0.0512302, 0.353966, 0.933854
0.494299, 0.285438, 0.821093
0.498054, 0.29724, 0.814611
-0.391073, -0.467424, 0.792828
-0.207496, -0.436975, 0.875213
-0.376922, -0.47236, 0.796747
-0.157447, -0.264489, 0.951449
0.482986, 0.463547, 0.742865
0.659163, 0.57955, 0.479193
0.503015, 0.477837, 0.720172
0.573623, 0.595086, 0.562876
0.171498, 0.732856, 0.658416
0.301553, 0.652412, 0.695287
0.085126, 0.760419, 0.643829
0.244849, 0.496769, 0.832628
0.620585, -0.0680392, 0.781181
0.337671, -0.859685, 0.383302
0.685811, -0.720744, 0.100949
0.806121, -0.59092, 0.0313412
0.576568, -0.808187, 0.120013
0.095296, -0.938512, 0.331834
0.524344, -0.833755, 0.172963
-0.115408, 0.278848, 0.953375
-0.137091, 0.280501, 0.950013
0.447513, 0.249788, 0.858684
0.464419, 0.24158, 0.85203
-0.614041, -0.149921, 0.774904
-0.550142, -0.351448, 0.757515
-0.21636, -0.564704, 0.796428
0.37325, -0.23343, 0.897884
0.730173, 0.485542, 0.480725
0.503856, 0.371426, 0.779854
0.579392, 0.529144, 0.619929
0.16775, 0.63912, 0.75059
0.220406, 0.495169, 0.840374
-0.153027, 0.602605, 0.783231
0.175654, 0.215852, 0.960497
0.644131, -0.234923, 0.727947
0.205685, -0.936568, 0.283787
0.578383, -0.807815, 0.11361
0.803553, -0.594247, 0.0342591
0.574361, -0.809778, 0.119869
0.340715, -0.923395, 0.176793
-0.146268, 0.194602, 0.969915
-0.156815, 0.199451, 0.967279
0.44967, 0.18859, 0.873058
0.469319, 0.171978, 0.866119
-0.678323, 0.0542708, 0.732757
-0.65031, 0.0583512, 0.757425
0.173733, -0.119003, 0.977576
0.89074, -0.0833629, 0.446802
0.756166, -0.0391419, 0.653208
0.0117456, 0.424866, 0.90518
0.160783, 0.328109, 0.930856
-0.0994629, 0.574143, 0.812691
0.353884, 0.0748969, 0.932285
0.684935, -0.314232, 0.65736
0.187032, -0.940374, 0.284104
0.360246, -0.917029, 0.171118
0.0612933, -0.97225, 0.225774
0.300671, -0.84577, 0.440761
-0.148709, 0.0723028, 0.986234
-0.143673, 0.102226, 0.984331
0.506564, 0.0760142, 0.858845
0.530635, 0.0264579, 0.847187
-0.696816, 0.258558, 0.669026
-0.708439, 0.445822, 0.547135
-0.463095, 0.444694, 0.766674
0.642171, 0.00850378, 0.766515
0.839104, -0.357154, 0.4103
0.702189, -0.354066, 0.617712
0.087046, 0.68436, 0.72393
-0.0448027, 0.998994, -0.00165387
-0.0443782, 0.971965, 0.230898
0.394448, -0.217957, 0.892696
0.528221, -0.521476, 0.670109
0.23032, -0.898614, 0.373424
0.558263, -0.519787, 0.646656
0.70111, -0.347289, 0.622764
0.739137, -0.229852, 0.633123
-0.294899, -0.0511751, 0.954157
-0.142464, -0.0863125, 0.986029
0.610617, -0.18648, 0.769657
0.505044, -0.277007, 0.817434
-0.58679, 0.50608, 0.632108
-0.565607, 0.607692, 0.557494
-0.19622, 0.557947, 0.806346
0.473596, -0.16071, 0.865955
0.706698, -0.500381, 0.500197
0.618673, -0.468774, 0.630472
0.689556, -0.531612, 0.491834
-0.401957, 0.908785, 0.111987
-0.718504, 0.690788, 0.0810231
-0.56745, 0.813712, 0.125991
-0.197597, 0.00946618, 0.980238
0.425295, -0.480854, 0.766749
0.736896, -0.392601, 0.550317
0.782319, -0.29152, 0.550449
0.686714, -0.165311, 0.707882
0.703891, -0.0997748, 0.703265
-0.672597, 0.108815, 0.731965
-0.627334, -0.0565119, 0.776697
-0.232176, -0.15821, 0.959721
0.486653, -0.405645, 0.773706
0.347623, -0.554226, 0.756301
0.38966, -0.418349, 0.820457
-0.519464, 0.515993, 0.681108
-0.604326, 0.473793, 0.640555
-0.374215, 0.260677, 0.88995
0.283798, -0.231891, 0.930422
0.663065, -0.525629, 0.532972
0.714372, -0.536303, 0.449502
0.683811, -0.531705, 0.499692
-0.846895, 0.504509, 0.168046
-0.687392, 0.718471, 0.106267
-0.911454, 0.383286, 0.149477
-0.963803, 0.0550032, 0.26088
-0.0817777, 0.0353526, 0.996023
0.779256, -0.00981564, 0.626629
0.829614, -0.0642377, 0.554629
0.717823, -0.0337789, 0.695405
0.734786, 0.0150737, 0.678131
-0.672597, 0.108815, 0.731965
-0.696752, 0.270727, 0.664262
-0.516147, 0.311679, 0.797777
-0.0398697, -0.00639135, 0.999184
0.352974, -0.380543, 0.854749
0.45964, -0.310893, 0.831912
0.24989, -0.07243, 0.965562
0.258245, -0.313005, 0.913968
0.318662, -0.440416, 0.839338
-0.633183, 0.424159, 0.647432
-0.659923, 0.373108, 0.652144
-0.598273, 0.281294, 0.750295
-0.314002, 0.145228, 0.938249
0.2988, -0.266993, 0.916206
0.655536, -0.510091, 0.556849
0.678676, -0.546506, 0.490642
0.723501, -0.487843, 0.488422
-0.952724, 0.189413, 0.237571
-0.959401, -0.000213339, 0.282045
-0.959542, -0.161277, 0.230799
-0.963857, 0.00411694, 0.266387
-0.000898821, 0.22535, 0.974277
0.773829, 0.180624, 0.607094
0.824333, 0.175429, 0.538238
0.763741, 0.24357, 0.597807
0.749121, 0.106076, 0.653885
-0.588933, 0.405205, 0.699262
-0.520917, 0.610516, 0.596586
-0.372605, 0.63942, 0.672538
8.74117e-05, 0.63071, 0.776019
0.156592, 0.326468, 0.932147
0.121802, -0.0423332, 0.991651
0.219183, -0.250689, 0.942928
0.400098, -0.605204, 0.688222
0.219394, -0.418668, 0.88124
0.24822, -0.549277, 0.797923
0.286449, -0.59536, 0.750662
-0.755563, 0.40745, 0.512942
-0.670878, 0.177826, 0.719931
-0.497604, 0.159679, 0.85258
-0.186883, -0.00143359, 0.982381
0.397879, -0.298498, 0.86752
0.652053, -0.495488, 0.573863
0.823999, -0.410898, 0.390112
0.747836, -0.482687, 0.455801
-0.944451, -0.165895, 0.283711
-0.944599, -0.203056, 0.257876
-0.901453, -0.358516, 0.24259
-0.927216, -0.0748552, 0.366971
0.202443, -0.0900805, 0.975142
0.788779, -0.0746485, 0.610128
0.858618, -0.0309162, 0.511683
0.841766, 0.0414953, 0.538246
-0.448367, 0.627215, 0.636843
-0.290648, 0.693305, 0.659434
-0.238211, 0.81876, 0.522387
-0.34509, 0.677246, 0.649808
-0.32894, 0.527169, 0.783512
-0.167084, 0.25022, 0.953663
0.0850432, -0.0817689, 0.993016
0.168714, -0.449171, 0.877372
0.19542, -0.484523, 0.852672
0.368604, -0.687754, 0.6254
0.132088, -0.584937, 0.800251
-0.617841, -0.0776457, 0.78246
-0.816425, 0.562469, 0.130686
-0.82844, 0.53261, 0.173247
-0.545189, 0.039875, 0.837364
-0.348083, 0.0953906, 0.932598
0.0252128, -0.0743356, 0.996915
0.479702, -0.335004, 0.810961
0.675799, -0.471437, 0.566606
0.728169, -0.555696, 0.401213
0.71589, -0.53166, 0.452591
-0.951218, -0.102059, 0.291151
-0.943112, -0.00762494, 0.332389
-0.864119, -0.440992, 0.242536
-0.924168, -0.28468, 0.254698
-0.464481, -0.394459, 0.79288
0.257412, -0.371093, 0.892204
0.734089, -0.313173, 0.602525
0.856495, -0.22525, 0.464413
0.972852, 0.004004, 0.231395
-0.293405, 0.752502, 0.589622
-0.366514, 0.657903, 0.657899
-0.529669, 0.565094, 0.63255
-0.494141, 0.561956, 0.663347
-0.385322, 0.364818, 0.847605
-0.179754, 0.0501325, 0.982433
-0.0388576, -0.165152, 0.985502
-0.00943566, -0.353542, 0.935371
0.0200966, -0.598365, 0.800972
0.135444, -0.63968, 0.756614
-0.845739, 0.486234, 0.219779
-0.820107, 0.556526, 0.133056
-0.957862, 0.0724493, 0.27794
-0.328201, 0.0510461, 0.943228
-0.212877, 0.0407634, 0.976228
0.137087, -0.0938472, 0.986103
0.502119, -0.382755, 0.775484
0.677629, -0.487198, 0.55087
0.734824, -0.546851, 0.401233
0.864241, -0.394415, 0.312289
0.948544, -0.275576, 0.155954
-0.937346, -0.212987, 0.275715
-0.949161, -0.195403, 0.246802
-0.852507, -0.46458, 0.239578
-0.920432, -0.162247, 0.355641
-0.325406, -0.389225, 0.861751
0.313038, -0.315543, 0.89579
0.76047, -0.24898, 0.599746
0.99985, -0.0136814, -0.0105986
0.954039, 0.284949, -0.0928167
0.80059, -0.594067, 0.078358
0.32864, -0.927978, 0.175647
-0.494129, 0.614563, 0.614938
-0.452347, 0.708889, 0.541164
-0.58041, 0.534301, 0.61453
-0.460096, 0.446784, 0.767265
-0.32166, 0.252627, 0.912532
-0.237924, 0.0726448, 0.968563
-0.221224, -0.0978789, 0.970299
-0.243424, -0.278364, 0.929117
-0.292447, -0.473579, 0.830781
-0.935527, 0.289549, 0.202363
-0.915201, 0.358559, 0.183963
-0.691768, 0.213735, 0.689764
-0.169438, 0.0606423, 0.983673
-0.118261, 0.0451417, 0.991956
0.137399, -0.0884061, 0.986563
0.51794, -0.362481, 0.77482
0.748765, -0.436633, 0.498702
0.856829, -0.402391, 0.322376
0.990755, -0.134378, -0.0186069
0.902128, -0.413016, 0.124827
0.036649, -0.939038, 0.341854
0.0394016, -0.941021, 0.336046
0.0453934, -0.942242, 0.331842
-0.90231, -0.358321, 0.239671
-0.874029, -0.42554, 0.234499
-0.931054, -0.268653, 0.246909
-0.594204, -0.358, 0.720248
-0.102154, -0.25863, 0.96056
0.44044, -0.136763, 0.887304
0.871964, 0.0611157, 0.485741
0.999436, 0.0332309, -0.00489194
0.933999, -0.357275, -0.00105612
0.542608, -0.830656, 0.12485
0.0956646, -0.971632, 0.216286
0.243776, -0.950605, 0.192153
0.50017, -0.855421, 0.134476
0.593834, -0.797376, 0.107486
-0.519785, 0.625696, 0.58166
-0.511227, 0.597868, 0.617414
-0.527958, 0.673318, 0.517593
-0.457419, 0.636836, 0.62065
-0.403246, 0.495761, 0.769164
-0.418987, 0.297979, 0.857705
-0.444271, 0.0464068, 0.89469
-0.50029, -0.239176, 0.832169
-0.943118, -0.082395, 0.322087
-0.826679, 0.54406, 0.143525
-0.9546, 0.0932887, 0.282906
-0.501445, 0.192624, 0.843475
-0.064213, 0.0573355, 0.996288
-0.0352069, 0.0666946, 0.997152
0.218156, -0.0939259, 0.971383
0.693555, -0.252815, 0.674586
0.8424, -0.345839, 0.413228
0.884147, -0.375024, 0.278643
0.725386, -0.681074, 0.0997654
0.658198, -0.721908, 0.2136
0.318608, -0.908795, 0.269407
0.110066, -0.950934, 0.289155
0.0342114, -0.94851, 0.314893
0.0200291, -0.937473, 0.34748
0.0220172, -0.920669, 0.389722
0.0289003, -0.905095, 0.424226
0.0299415, -0.893269, 0.448524
0.0255399, -0.900926, 0.43322
0.0274118, -0.938423, 0.344398
0.0458828, -0.939567, 0.339278
0.0449012, -0.944859, 0.324385
0.0731087, -0.911637, 0.404442
0.113291, -0.906107, 0.407598
0.138868, -0.914877, 0.379099
0.18148, -0.917206, 0.354681
0.251034, -0.907158, 0.337707
0.306888, -0.899839, 0.310016
0.336162, -0.893445, 0.297912
-0.896445, -0.374833, 0.236403
-0.864175, -0.44625, 0.232514
-0.930753, -0.133868, 0.340261
-0.420272, -0.267676, 0.867019
0.183486, -0.0788228, 0.979857
0.699471, 0.111468, 0.705915
0.888031, 0.252711, 0.384108
0.945104, 0.00954319, 0.326629
0.323855, -0.907612, 0.267131
0.0912956, -0.970672, 0.222396
0.0578893, -0.972669, 0.224863
0.294562, -0.937948, 0.182992
0.509176, -0.850722, 0.130434
0.672234, -0.735626, 0.0834046
0.398659, -0.899856, 0.177002
0.461522, -0.875883, 0.140809
0.599593, -0.793737, 0.10232
-0.510533, 0.679718, 0.52663
-0.539884, 0.720561, 0.435107
-0.508691, 0.736366, 0.446093
-0.560088, 0.603309, 0.567732
-0.704972, 0.192604, 0.682582
-0.686664, -0.202646, 0.69816
-0.450061, -0.713538, 0.536944
-0.960416, -0.0978117, 0.260834
-0.968788, 0.0422078, 0.244269
-0.665491, 0.274937, 0.693925
-0.323152, 0.195167, 0.926004
-0.0646194, 0.0608978, 0.99605
0.102852, 0.0651151, 0.992563
0.502627, -0.0744023, 0.861296
0.78567, -0.257772, 0.562384
0.853862, -0.36843, 0.367667
0.903006, -0.366659, 0.223924
0.621738, -0.751976, 0.21903
0.241619, -0.933227, 0.265908
0.0615028, -0.952863, 0.297102
0.0255421, -0.953463, 0.300426
0.0155402, -0.937847, 0.3467
0.018954, -0.91873, 0.394432
0.0315132, -0.903582, 0.427254
0.0362034, -0.89202, 0.450545
0.022091, -0.883705, 0.467523
0.0162892, -0.883774, 0.467631
0.0239564, -0.888427, 0.458393
0.042023, -0.893637, 0.446819
0.0848422, -0.89589, 0.436099
0.120118, -0.905305, 0.407424
0.134734, -0.915691, 0.378625
0.161567, -0.922428, 0.350746
0.247408, -0.909802, 0.333242
0.341929, -0.881303, 0.326174
0.330066, -0.904712, 0.269357
0.351561, -0.880645, 0.317599
0.426617, -0.855611, 0.293134
0.470491, -0.839372, 0.2722
-0.867184, -0.326796, 0.37576
-0.938926, -0.247606, 0.238976
-0.650598, -0.240064, 0.72048
-0.176202, -0.100963, 0.979163
0.498935, 0.0646301, 0.864226
0.818784, 0.184685, 0.543585
0.839552, 0.0353927, 0.542125
0.602676, -0.35788, 0.713234
0.358963, -0.66587, 0.654036
0.240551, -0.746678, 0.620167
0.189823, -0.760257, 0.62127
0.201532, -0.766569, 0.609718
0.163503, -0.908321, 0.384993
0.171042, -0.945532, 0.276973
0.147716, -0.967343, 0.205978
0.548986, -0.827548, 0.117385
0.647844, -0.756806, 0.0868532
0.554959, -0.817814, 0.152317
-0.524375, 0.728585, 0.440674
-0.592045, 0.658822, 0.464152
-0.737671, 0.55074, 0.390547
-0.867777, 0.0694637, 0.492075
-0.853995, -0.30692, 0.42011
-0.736926, -0.60628, 0.298939
-0.759072, -0.587066, 0.28136
-0.940446, 0.0343195, 0.338206
-0.668614, 0.199078, 0.716466
-0.469352, 0.179874, 0.864496
-0.226988, 0.0726274, 0.971186
0.0313087, 0.000948635, 0.999509
0.306607, -0.047193, 0.950666
0.591067, -0.212547, 0.778115
0.791395, -0.360551, 0.493657
0.82156, -0.458874, 0.33834
0.722562, -0.616354, 0.313069
0.482914, -0.757365, 0.439535
0.131636, -0.797345, 0.588993
0.0771268, -0.81414, 0.575523
0.0768032, -0.816787, 0.571805
0.0686345, -0.818761, 0.570018
0.0534618, -0.820539, 0.569085
0.0322857, -0.824361, 0.565144
0.0149616, -0.827367, 0.561462
0.00607246, -0.830604, 0.556831
-0.00399039, -0.83396, 0.551811
0.0195448, -0.84199, 0.539139
0.08188, -0.847567, 0.524333
0.112824, -0.853144, 0.50933
0.103224, -0.861198, 0.497678
0.12918, -0.869845, 0.476112
0.238623, -0.86886, 0.433752
0.303101, -0.866656, 0.39628
0.295447, -0.878486, 0.375465
0.335559, -0.881326, 0.332664
0.441616, -0.849147, 0.289697
0.498785, -0.82856, 0.254368
0.447394, -0.840756, 0.304907
0.434382, -0.845379, 0.310881
0.228217, -0.910024, 0.346083
0.1332, -0.919372, 0.370153
-0.827867, -0.227999, 0.512496
-0.733213, -0.261945, 0.627522
-0.507105, -0.155168, 0.847801
0.0835502, -0.00359198, 0.996497
0.608313, 0.0376335, 0.792805
0.674959, -0.122227, 0.727662
0.487425, -0.481053, 0.7287
0.38899, -0.607776, 0.692312
0.315868, -0.652291, 0.689017
0.248637, -0.674764, 0.694891
0.267612, -0.646742, 0.714219
0.346586, -0.586744, 0.731853
0.403876, -0.529613, 0.745918
0.402178, -0.536454, 0.741937
0.386935, -0.612077, 0.689669
0.392299, -0.700288, 0.596404
0.232061, -0.935467, 0.266549
0.729048, -0.678756, 0.0882007
0.691454, -0.684861, 0.229906
0.632242, -0.764435, 0.12613
-0.873698, 0.248152, 0.418417
-0.936753, 0.101846, 0.334846
-0.880789, -0.374103, 0.290271
-0.832619, -0.47152, 0.290541
-0.715495, -0.573706, 0.398659
-0.803464, 0.00540035, 0.595328
-0.663318, -0.0126806, 0.74823
-0.517768, -0.0613558, 0.853318
-0.318183, -0.0875073, 0.943982
-0.0628168, -0.11912, 0.990891
0.198553, -0.162136, 0.966586
0.39249, -0.230899, 0.890302
0.564097, -0.357323, 0.744389
0.700554, -0.512231, 0.496833
0.740299, -0.56704, 0.361143
0.622467, -0.671912, 0.401334
0.297571, -0.670796, 0.679326
-0.0258369, -0.687986, 0.725264
0.0111179, -0.723359, 0.690383
0.0130101, -0.748908, 0.662547
0.014677, -0.766216, 0.642415
0.00657149, -0.775806, 0.630937
-0.0132651, -0.780197, 0.625393
-0.0236413, -0.785509, 0.618399
-0.0305043, -0.790647, 0.611511
-0.0043267, -0.797538, 0.603253
0.0571674, -0.806342, 0.58868
0.0865569, -0.814305, 0.573948
0.0888936, -0.820818, 0.56423
0.115806, -0.825078, 0.553024
0.224421, -0.82542, 0.517994
0.301558, -0.823454, 0.480611
0.309849, -0.829984, 0.46381
0.378677, -0.821312, 0.426673
0.4471, -0.810724, 0.377925
0.449499, -0.821986, 0.349699
0.437988, -0.839284, 0.322131
0.400798, -0.868481, 0.291723
0.463608, -0.826912, 0.318251
-0.213248, -0.901127, 0.377485
-0.715183, -0.5005, 0.487866
-0.910424, -0.155972, 0.383146
-0.633803, -0.22028, 0.741466
-0.333478, -0.103189, 0.937094
0.141685, -0.100678, 0.984779
0.304747, -0.288547, 0.907673
0.220104, -0.537542, 0.814004
0.18864, -0.633571, 0.750336
0.223124, -0.675089, 0.703186
0.24364, -0.701625, 0.669599
0.301552, -0.675633, 0.672746
0.402265, -0.629857, 0.664427
0.441103, -0.616698, 0.652006
0.43301, -0.617615, 0.656547
0.429546, -0.607183, 0.668446
0.474612, -0.535634, 0.698455
0.549852, -0.424509, 0.719343
0.624905, -0.340882, 0.702348
0.69626, -0.456627, 0.553818
0.632328, -0.759235, 0.154023
0.631647, -0.76902, 0.0981358
0.683592, -0.71208, 0.160137
-0.932181, -0.199791, 0.301865
-0.894974, -0.349248, 0.277575
-0.927344, -0.150751, 0.3425
-0.859664, -0.119364, 0.496719
-0.774099, -0.0965426, 0.62566
-0.688855, -0.136422, 0.711947
-0.513606, -0.125257, 0.848834
-0.268995, -0.0781213, 0.959968
-0.055197, -0.0517351, 0.997134
0.140886, -0.0839294, 0.986462
0.306889, -0.158605, 0.938437
0.413868, -0.254712, 0.873976
0.584928, -0.341148, 0.735851
0.684562, -0.481805, 0.547027
0.720371, -0.560084, 0.40911
0.523016, -0.64713, 0.554685
-0.040857, -0.580644, 0.813132
-0.0999682, -0.598748, 0.794674
-0.0775442, -0.619781, 0.780934
-0.0475321, -0.643413, 0.764042
-0.0311051, -0.667003, 0.744406
-0.038879, -0.68288, 0.729496
-0.051871, -0.688993, 0.722909
-0.0586961, -0.693701, 0.717868
-0.0264918, -0.697526, 0.716069
0.0435245, -0.70844, 0.704428
0.0811627, -0.715421, 0.693964
0.084534, -0.722324, 0.686369
0.111729, -0.729867, 0.674396
0.242789, -0.735521, 0.632505
0.342822, -0.740957, 0.577456
0.344102, -0.756168, 0.556601
0.387145, -0.760869, 0.520765
0.491885, -0.747332, 0.446703
0.54409, -0.737792, 0.399536
0.558085, -0.737728, 0.379867
0.558514, -0.732139, 0.389917
0.5365, -0.726446, 0.42947
-0.561434, -0.648596, 0.513921
-0.786085, -0.476358, 0.393896
-0.812401, -0.115869, 0.571471
-0.562271, -0.0634133, 0.824518
-0.303402, -0.0346009, 0.952234
-0.169741, -0.124337, 0.977614
-0.0807772, -0.358589, 0.929994
0.0446725, -0.478737, 0.876821
0.164958, -0.497177, 0.851824
0.220096, -0.504628, 0.83481
0.337546, -0.51689, 0.786694
0.44009, -0.497255, 0.747702
0.401303, -0.505951, 0.763524
0.376365, -0.539468, 0.753209
0.420489, -0.561135, 0.712963
0.538118, -0.529909, 0.655458
0.651969, -0.476738, 0.589624
0.690019, -0.427286, 0.584209
0.673132, -0.369216, 0.64076
0.677263, -0.305433, 0.669347
0.716215, -0.354442, 0.601171
0.49001, -0.81089, 0.319918
0.868557, -0.493242, 0.0481702
0.780208, -0.584086, 0.223873
-0.919801, -0.225333, 0.321235
-0.945579, -0.162522, 0.281898
-0.912257, -0.0871832, 0.400232
-0.860155, -0.0780779, 0.504021
-0.775036, -0.0691841, 0.628119
-0.647782, -0.035786, 0.760985
-0.408537, 0.0256369, 0.912382
-0.198087, 0.0760477, 0.97723
-0.0612518, 0.121866, 0.990655
0.0558692, 0.132592, 0.989595
0.165811, 0.0924363, 0.981816
0.351577, 0.0292848, 0.935701
0.529225, -0.0900526, 0.843689
0.60977, -0.231417, 0.758042
0.694635, -0.360567, 0.622474
0.606522, -0.564674, 0.559708
0.294003, -0.474043, 0.829967
-0.100958, -0.422525, 0.900711
-0.0913972, -0.43071, 0.897851
-0.10695, -0.445123, 0.88906
-0.114919, -0.470087, 0.875107
-0.102008, -0.493091, 0.863977
-0.0821111, -0.504558, 0.859464
-0.0678765, -0.508417, 0.858432
-0.0298072, -0.51458, 0.856924
0.0456915, -0.534329, 0.844041
0.0884961, -0.548874, 0.831208
0.0858503, -0.556795, 0.826202
0.0998325, -0.566492, 0.817998
0.209033, -0.581811, 0.786003
0.312438, -0.612149, 0.726399
0.332219, -0.643951, 0.689172
0.385314, -0.659428, 0.645513
0.48232, -0.665446, 0.569692
0.542434, -0.679091, 0.494571
0.629759, -0.66211, 0.40622
0.702571, -0.62941, 0.332018
0.728945, -0.567487, 0.382881
-0.646015, -0.460751, 0.608583
-0.895702, 0.0868648, 0.436088
-0.709745, 0.118369, 0.694443
-0.545527, 0.162932, 0.822103
-0.38581, 0.14801, 0.910628
-0.319496, 0.132722, 0.938247
-0.246494, 0.0473241, 0.967988
0.0150147, 0.0493341, 0.998669
0.206665, -0.00622806, 0.978392
0.256241, -0.0974686, 0.961686
0.327355, -0.159142, 0.931403
0.432796, -0.226043, 0.872692
0.465201, -0.292239, 0.835574
0.44663, -0.307702, 0.840143
0.49442, -0.295759, 0.817358
0.567721, -0.274505, 0.776106
0.622486, -0.334165, 0.707704
0.685138, -0.397867, 0.610154
0.710023, -0.432358, 0.555818
0.733834, -0.365049, 0.572911
0.77365, -0.264515, 0.575759
0.819502, -0.195198, 0.538807
0.877566, -0.279262, 0.389731
0.450385, -0.871865, 0.192366
0.777076, -0.556665, 0.29373
-0.900798, -0.194648, 0.388169
-0.902964, -0.160338, 0.398684
-0.911376, -0.0517897, 0.408303
-0.848498, -0.0442024, 0.52735
-0.746832, 0.0558274, 0.662666
-0.638216, 0.146325, 0.755824
-0.421827, 0.235718, 0.875499
-0.165655, 0.27839, 0.946075
0.0114356, 0.264021, 0.964449
0.0985012, 0.274035, 0.956662
0.181915, 0.263364, 0.947389
0.203643, 0.246646, 0.947468
0.327948, 0.169066, 0.929444
0.534649, 0.0322828, 0.844458
0.588195, -0.0748941, 0.805244
0.662931, -0.258401, 0.702674
0.459552, -0.336979, 0.821741
-0.0592712, -0.217021, 0.974366
-0.148198, -0.19347, 0.969849
-0.148236, -0.214874, 0.965326
-0.141787, -0.226021, 0.963748
-0.121913, -0.233373, 0.964715
-0.101072, -0.235906, 0.966506
-0.0970753, -0.243281, 0.965086
-0.0784112, -0.260641, 0.962246
-0.00157374, -0.294414, 0.955677
0.0684624, -0.331527, 0.940958
0.0811806, -0.360342, 0.929281
0.0969742, -0.376252, 0.921429
0.211027, -0.388695, 0.896875
0.31953, -0.409709, 0.854423
0.348683, -0.439596, 0.827753
0.40309, -0.471837, 0.784148
0.508156, -0.510164, 0.693909
0.559975, -0.53962, 0.62868
0.584143, -0.577355, 0.570472
0.739464, -0.556574, 0.378705
0.785957, -0.543048, 0.295586
0.33755, -0.716692, 0.610256
-0.738374, 0.51179, 0.439176
-0.814497, 0.277555, 0.509467
-0.563537, 0.351613, 0.747525
-0.360147, 0.369775, 0.856482
-0.300199, 0.352968, 0.886168
-0.201485, 0.404712, 0.891971
-0.0202495, 0.43915, 0.898186
0.00459998, 0.383372, 0.923582
0.0594927, 0.283452, 0.957139
0.23769, 0.173599, 0.955702
0.353057, 0.0228993, 0.935322
0.373557, -0.084626, 0.923739
0.46001, -0.106557, 0.881497
0.553576, -0.114397, 0.824904
0.581531, -0.164285, 0.796764
0.580004, -0.19778, 0.79024
0.597109, -0.24639, 0.763383
0.705784, -0.306445, 0.638718
0.79307, -0.317416, 0.519892
0.826075, -0.273116, 0.492958
0.837175, -0.231126, 0.4957
0.847578, -0.203356, 0.490162
0.881182, -0.288573, 0.374492
0.86964, -0.416417, 0.265185
0.940392, -0.250254, 0.230293
-0.871233, -0.232158, 0.432498
-0.86083, -0.245357, 0.445838
-0.882681, -0.207967, 0.421454
-0.894059, -0.0495599, 0.445199
-0.835926, 0.00236182, 0.548837
-0.693174, 0.0849929, 0.715742
-0.550339, 0.294056, 0.781446
-0.323352, 0.43572, 0.839995
-0.207304, 0.445298, 0.871054
-0.0838635, 0.406854, 0.909636
0.0486877, 0.383779, 0.922141
0.121596, 0.38832, 0.913467
0.225005, 0.354428, 0.907609
0.287686, 0.351255, 0.890986
0.386042, 0.271738, 0.88155
0.489564, 0.136269, 0.861254
0.561665, 0.0554578, 0.825504
0.45998, -0.124474, 0.879161
0.123981, -0.0229079, 0.99202
-0.112009, 0.0532048, 0.992282
-0.173273, 0.0445783, 0.983864
-0.163203, 0.0303083, 0.986127
-0.136093, 0.0142094, 0.990594
-0.114228, -0.00708101, 0.993429
-0.119485, -0.0239474, 0.992547
-0.108491, -0.0358483, 0.993451
-0.0474326, -0.0541022, 0.997408
0.00555405, -0.0857995, 0.996297
0.0323899, -0.122266, 0.991969
0.0759149, -0.15753, 0.984592
0.19542, -0.196532, 0.960826
0.30572, -0.231696, 0.9235
0.31733, -0.265889, 0.910277
0.330411, -0.30625, 0.89277
0.458941, -0.349033, 0.817037
0.574031, -0.374775, 0.728033
0.613733, -0.397584, 0.682099
0.715448, -0.418951, 0.55912
0.782639, -0.498802, 0.372388
0.828891, -0.486033, 0.276969
-0.265111, -0.0289132, 0.963784
-0.754938, 0.532269, 0.38309
-0.603896, 0.483939, 0.633334
-0.433501, 0.475085, 0.765749
-0.290066, 0.453067, 0.842966
-0.154873, 0.503039, 0.850274
-0.0459289, 0.479253, 0.876474
-0.0330299, 0.433452, 0.900571
-0.0369806, 0.359542, 0.932396
-0.00573742, 0.288912, 0.957339
0.133464, 0.174407, 0.975587
0.35097, 0.105148, 0.930465
0.443369, 0.0814373, 0.892632
0.456628, 0.0392079, 0.888793
0.51004, -0.0352461, 0.859428
0.590921, -0.0986597, 0.800674
0.641084, -0.116336, 0.758602
0.689164, -0.108421, 0.716448
0.770646, -0.182829, 0.610474
0.816365, -0.26335, 0.513998
0.837451, -0.252792, 0.484532
0.862322, -0.196713, 0.466587
0.906101, -0.132146, 0.401893
0.950762, -0.168443, 0.260151
0.974397, -0.158883, 0.159082
0.967487, -0.171501, 0.185893
-0.888414, -0.188206, 0.418688
-0.881236, -0.218853, 0.41896
-0.873906, -0.170531, 0.4552
-0.864744, -0.0963658, 0.492881
-0.814871, 0.0479337, 0.577656
-0.597255, 0.123098, 0.792548
-0.377791, 0.358362, 0.853728
-0.318798, 0.448658, 0.834909
-0.252262, 0.473876, 0.843685
-0.11896, 0.507944, 0.853136
0.0473887, 0.495424, 0.867358
0.125278, 0.501717, 0.855912
0.141087, 0.492335, 0.858895
0.208756, 0.440343, 0.873223
0.271503, 0.400182, 0.875294
0.358426, 0.294091, 0.886025
0.462713, 0.194027, 0.865014
0.417443, 0.112021, 0.901772
0.188964, 0.159103, 0.969009
-0.0676816, 0.176364, 0.981995
-0.183858, 0.172342, 0.967726
-0.188666, 0.157254, 0.969369
-0.177217, 0.140427, 0.974102
-0.156781, 0.113782, 0.981057
-0.140938, 0.0949878, 0.985451
-0.122978, 0.0850372, 0.988759
-0.0678909, 0.0758864, 0.994803
-0.0176144, 0.063216, 0.997844
-0.00871181, 0.0461828, 0.998895
0.0037736, 0.0123381, 0.999917
0.126618, -0.0358978, 0.991302
0.259828, -0.0810912, 0.962244
0.291556, -0.117709, 0.949284
0.329918, -0.14569, 0.9327
0.472573, -0.168785, 0.864978
0.5817, -0.200411, 0.788328
0.601049, -0.244036, 0.761043
0.685611, -0.283717, 0.670405
0.768983, -0.352309, 0.533426
0.855368, -0.398888, 0.330507
0.793236, -0.519584, 0.317505
-0.498352, 0.599435, 0.626356
-0.765505, 0.484729, 0.423131
-0.513191, 0.545075, 0.662969
-0.332627, 0.520655, 0.786306
-0.204443, 0.515854, 0.831924
-0.152006, 0.449706, 0.880147
-0.178987, 0.346888, 0.920669
-0.155383, 0.28917, 0.944583
-0.0295041, 0.248481, 0.968187
0.110912, 0.275032, 0.955016
0.269312, 0.254817, 0.92873
0.396545, 0.179899, 0.900216
0.443295, 0.127008, 0.887332
0.453498, 0.109735, 0.884476
0.51299, 0.0655403, 0.855889
0.611645, -0.0140366, 0.791008
0.685747, -0.0568039, 0.72562
0.727986, -0.0374574, 0.684568
0.811127, -0.0957879, 0.576973
0.878702, -0.126298, 0.460361
0.90335, -0.0853771, 0.42032
0.913342, -0.0679097, 0.401491
0.944024, -0.0829898, 0.319266
0.959682, -0.18396, 0.212531
0.975489, -0.111962, 0.189438
-0.915989, -0.0859797, 0.391882
-0.916317, -0.0989558, 0.388034
-0.873689, -0.101133, 0.475856
-0.835554, -0.119366, 0.536285
-0.759222, 0.0633704, 0.647739
-0.537158, 0.188555, 0.822137
-0.255371, 0.266081, 0.929509
-0.205892, 0.35362, 0.912448
-0.169482, 0.502284, 0.847931
-0.104361, 0.558085, 0.823195
0.00459362, 0.548916, 0.835865
0.105039, 0.532443, 0.839923
0.114077, 0.533822, 0.837866
0.134848, 0.524161, 0.840875
0.171347, 0.487792, 0.855979
0.217644, 0.428647, 0.876865
0.347667, 0.335732, 0.875449
0.411448, 0.306869, 0.85822
0.20582, 0.34138, 0.917114
-0.0800102, 0.311255, 0.946952
-0.186144, 0.303195, 0.934571
-0.200768, 0.291764, 0.935182
-0.190738, 0.284202, 0.9396
-0.172461, 0.278211, 0.94491
-0.156245, 0.277379, 0.947971
-0.134416, 0.268932, 0.953734
-0.0782951, 0.254704, 0.963844
-0.0346178, 0.233194, 0.971814
-0.0345709, 0.208456, 0.977421
-0.0313085, 0.186409, 0.981973
0.0774364, 0.161908, 0.983763
0.214503, 0.123154, 0.968928
0.252519, 0.0911247, 0.963292
0.280234, 0.0514876, 0.95855
0.417465, 0.00288414, 0.908688
0.543759, -0.0380218, 0.83838
0.575088, -0.0727534, 0.81485
0.650543, -0.114691, 0.750759
0.746845, -0.19523, 0.635695
0.806129, -0.291523, 0.514947
0.856541, -0.42196, 0.297132
0.678193, -0.569425, 0.464553
-0.64357, 0.492391, 0.585976
-0.667908, 0.55821, 0.49224
-0.440506, 0.601181, 0.666735
-0.316066, 0.495149, 0.809277
-0.305312, 0.409271, 0.859815
-0.266972, 0.275439, 0.923504
-0.187731, 0.295338, 0.936767
-0.041517, 0.324226, 0.945068
0.138844, 0.317731, 0.93796
0.232168, 0.307986, 0.922628
0.292024, 0.267688, 0.918186
0.376853, 0.186782, 0.907245
0.450256, 0.132525, 0.88301
0.479187, 0.146165, 0.865456
0.537574, 0.133763, 0.832539
0.680945, 0.066606, 0.729299
0.76378, 0.0662175, 0.642071
0.804722, 0.0831202, 0.587804
0.873181, -0.00923919, 0.487308
0.902995, -0.0408028, 0.427709
0.913344, -0.0331419, 0.405838
0.939171, 0.00956289, 0.343317
0.980875, 0.0082778, 0.194464
0.98647, 0.0191139, 0.162827
-0.931789, 0.0301508, 0.361745
-0.933478, -0.0414649, 0.356229
-0.91738, 0.0168139, 0.397657
-0.885063, -0.0318644, 0.464379
-0.829564, -0.0249021, 0.557856
-0.678694, 0.0751832, 0.730563
-0.488286, 0.238538, 0.83945
-0.254358, 0.256158, 0.932569
-0.00606949, 0.310692, 0.950491
0.0456442, 0.432751, 0.900357
-0.0752504, 0.52559, 0.847403
-0.0292031, 0.565967, 0.823911
0.0862246, 0.552443, 0.829079
0.121797, 0.550576, 0.825852
0.121016, 0.556285, 0.822133
0.106873, 0.546901, 0.830348
0.123048, 0.53538, 0.8356
0.286919, 0.495156, 0.82006
0.386714, 0.460441, 0.799029
0.177034, 0.477874, 0.860404
-0.0905342, 0.440234, 0.893307
-0.184158, 0.432301, 0.882724
-0.20181, 0.426395, 0.881737
-0.18883, 0.420622, 0.887367
-0.161692, 0.418918, 0.893512
-0.149559, 0.423843, 0.893302
-0.152661, 0.421522, 0.893876
-0.118434, 0.417488, 0.900931
-0.0798885, 0.409588, 0.908766
-0.0690909, 0.399628, 0.91407
-0.0595166, 0.391293, 0.91834
0.0372802, 0.384869, 0.922218
0.16581, 0.361488, 0.917515
0.201151, 0.337776, 0.919481
0.223434, 0.309465, 0.924288
0.380685, 0.265366, 0.88581
0.526762, 0.210287, 0.823591
0.552592, 0.158808, 0.818182
0.602471, 0.0962478, 0.792316
0.672661, -0.00906377, 0.739896
0.720484, -0.151221, 0.676783
0.780669, -0.305601, 0.545128
0.775712, -0.522089, 0.354533
0.688863, -0.41739, 0.592667
-0.559858, 0.352028, 0.75009
-0.651922, 0.504378, 0.566216
-0.529387, 0.506087, 0.6809
-0.446767, 0.403591, 0.798445
-0.346229, 0.381186, 0.857218
-0.113241, 0.367229, 0.923211
-0.0187436, 0.392048, 0.919754
0.0815204, 0.374823, 0.923505
0.20414, 0.302705, 0.930965
0.245215, 0.266267, 0.932187
0.282889, 0.234728, 0.929988
0.412301, 0.170341, 0.894981
0.518456, 0.176591, 0.836671
0.547083, 0.215185, 0.808947
0.64953, 0.192662, 0.735522
0.751708, 0.117506, 0.648943
0.778371, 0.147581, 0.610212
0.844896, 0.120568, 0.521166
0.901849, 0.104482, 0.419228
0.926174, 0.140194, 0.350067
0.948099, 0.165542, 0.271485
0.974133, 0.160917, 0.15865
0.992735, 0.090475, 0.0793157
0.985103, 0.151908, 0.0806043
-0.929026, 0.0669377, 0.36391
-0.92529, 0.101611, 0.365395
-0.919088, 0.12706, 0.373005
-0.891134, 0.0742484, 0.447624
-0.820213, 0.12921, 0.557275
-0.635737, 0.19498, 0.746875
-0.416, 0.288374, 0.862429
-0.241094, 0.332286, 0.911844
0.0058894, 0.367177, 0.930132
0.1693, 0.339021, 0.92542
0.126756, 0.448567, 0.884715
0.0301892, 0.569206, 0.82164
0.0594646, 0.584006, 0.809568
0.117736, 0.56201, 0.818708
0.125743, 0.560956, 0.81824
0.127416, 0.564344, 0.815647
0.124293, 0.577664, 0.806756
0.22083, 0.580245, 0.783932
0.339415, 0.559011, 0.756508
0.151724, 0.565884, 0.810405
-0.104504, 0.535147, 0.83827
-0.168875, 0.538423, 0.82558
-0.197973, 0.537139, 0.819932
-0.191518, 0.539542, 0.819887
-0.159249, 0.544708, 0.823367
-0.139043, 0.550303, 0.823307
-0.134781, 0.555042, 0.82083
-0.0980916, 0.562391, 0.821033
-0.0629244, 0.566601, 0.821586
-0.0583581, 0.571228, 0.818714
-0.0565483, 0.572534, 0.817929
0.0168441, 0.576064, 0.817231
0.124209, 0.564381, 0.816117
0.158299, 0.547357, 0.821792
0.170159, 0.529307, 0.831192
0.289672, 0.498481, 0.817072
0.417895, 0.435212, 0.797467
0.445044, 0.383279, 0.809341
0.489614, 0.328517, 0.807685
0.563247, 0.229992, 0.793635
0.620641, 0.101536, 0.777493
0.692961, -0.0557244, 0.718818
0.765929, -0.266277, 0.585191
0.662846, -0.540436, 0.518232
0.488367, -0.514622, 0.704743
-0.27561, -0.00992343, 0.961218
-0.62308, 0.362128, 0.693278
-0.542881, 0.414444, 0.730422
-0.378053, 0.426275, 0.821807
-0.222505, 0.44198, 0.868991
-0.0437095, 0.439523, 0.897167
0.00271201, 0.420134, 0.907458
0.0787929, 0.342125, 0.936345
0.204831, 0.231591, 0.951005
0.262443, 0.225596, 0.938206
0.396275, 0.234265, 0.887742
0.5358, 0.228394, 0.812868
0.561132, 0.28437, 0.777344
0.601666, 0.328995, 0.727846
0.731275, 0.295831, 0.614589
0.788167, 0.321398, 0.524878
0.841484, 0.312252, 0.440912
0.892322, 0.288502, 0.347171
0.911351, 0.282325, 0.299552
0.933428, 0.257636, 0.24967
0.962335, 0.216141, 0.164908
0.973693, 0.212758, 0.0815838
0.974158, 0.214431, 0.0709543
-0.911029, 0.13608, 0.389241
-0.919721, 0.140048, 0.366743
-0.902923, 0.249987, 0.349624
-0.886091, 0.226805, 0.40423
-0.807982, 0.267901, 0.52478
-0.637847, 0.332962, 0.694469
-0.421595, 0.380104, 0.823273
-0.215723, 0.414624, 0.884053
-0.0372758, 0.433114, 0.900568
0.164735, 0.407146, 0.898384
0.294414, 0.461824, 0.836683
0.206453, 0.506675, 0.837053
0.0659165, 0.572959, 0.816929
0.0740002, 0.574257, 0.815323
0.124795, 0.560647, 0.818597
0.136363, 0.567025, 0.812335
0.152335, 0.587358, 0.794862
0.255758, 0.615275, 0.74567
0.32571, 0.615695, 0.717519
0.122419, 0.649615, 0.750342
-0.081804, 0.652706, 0.753182
-0.13336, 0.663093, 0.736562
-0.166203, 0.662548, 0.730347
-0.160115, 0.670717, 0.724225
-0.133531, 0.682178, 0.71889
-0.115944, 0.685493, 0.718789
-0.118627, 0.686153, 0.717719
-0.0955462, 0.690314, 0.717173
-0.0599442, 0.689353, 0.721941
-0.0490366, 0.685706, 0.726225
-0.0522423, 0.680684, 0.730712
0.00165008, 0.680956, 0.732322
0.0859599, 0.669999, 0.737368
0.113688, 0.653532, 0.748312
0.123067, 0.641613, 0.757092
0.220487, 0.624596, 0.749177
0.340346, 0.58309, 0.737679
0.378645, 0.550751, 0.743842
0.397315, 0.526772, 0.751433
0.421785, 0.483019, 0.767327
0.457329, 0.417291, 0.785314
0.511023, 0.317298, 0.79886
0.610157, 0.137677, 0.780226
0.563148, -0.169309, 0.808825
0.410863, -0.418819, 0.809804
0.368093, -0.50808, 0.778693
0.00424295, -0.240102, 0.970738
-0.498003, 0.173851, 0.84957
-0.437506, 0.279433, 0.854696
-0.179544, 0.325881, 0.928205
-0.0922117, 0.352912, 0.931101
-0.0734459, 0.375335, 0.923975
-0.0711076, 0.345674, 0.935657
0.0847444, 0.274903, 0.95773
0.291299, 0.343084, 0.892994
0.415645, 0.426905, 0.803113
0.553058, 0.437519, 0.709016
0.613423, 0.452286, 0.647418
0.6443, 0.470876, 0.602622
0.727785, 0.461078, 0.507677
0.766822, 0.44201, 0.465415
0.807965, 0.424711, 0.408427
0.859863, 0.388848, 0.330807
0.884582, 0.365707, 0.289436
0.906061, 0.359439, 0.223287
0.941995, 0.318585, 0.105588
0.940279, 0.33659, 0.0508149
0.949669, 0.305951, 0.0672554
-0.876044, 0.129594, 0.464491
-0.885269, 0.16616, 0.434385
-0.879116, 0.323919, 0.349617
-0.869171, 0.344669, 0.354605
-0.810665, 0.370761, 0.453164
-0.643039, 0.476981, 0.599157
-0.433735, 0.517581, 0.737553
-0.239817, 0.551005, 0.799301
-0.0483368, 0.571189, 0.819394
0.197476, 0.513402, 0.835118
0.273604, 0.532162, 0.801215
0.214969, 0.532991, 0.818357
0.182665, 0.528989, 0.828737
0.091689, 0.572126, 0.815025
0.10753, 0.595493, 0.796131
0.172761, 0.599984, 0.781136
0.218643, 0.624393, 0.749885
0.280444, 0.657206, 0.699594
0.360741, 0.663145, 0.655823
0.197295, 0.744416, 0.637902
-0.0179173, 0.768509, 0.639589
-0.0903876, 0.778216, 0.621458
-0.133869, 0.776269, 0.616024
-0.123849, 0.788939, 0.601862
-0.108142, 0.802856, 0.586282
-0.102289, 0.807554, 0.580856
-0.0985496, 0.809495, 0.578797
-0.0838399, 0.810862, 0.579201
-0.0688618, 0.804328, 0.590182
-0.0644938, 0.79302, 0.605772
-0.0638335, 0.78086, 0.621437
-0.0249407, 0.773937, 0.632772
0.0397688, 0.763491, 0.644593
0.0760164, 0.749369, 0.657775
0.0948569, 0.734163, 0.672314
0.168543, 0.719978, 0.673219
0.26148, 0.697035, 0.667661
0.302828, 0.671574, 0.676228
0.331183, 0.644783, 0.688892
0.35705, 0.614147, 0.703803
0.367156, 0.594648, 0.715255
0.371156, 0.574495, 0.729519
0.369881, 0.530566, 0.762684
0.29642, 0.389855, 0.871865
0.0670262, 0.239181, 0.968659
0.0413924, -0.0293823, 0.998711
0.193336, -0.181371, 0.964223
0.0153819, 0.0333897, 0.999324
-0.264066, 0.306569, 0.914486
-0.197239, 0.305028, 0.931694
0.0148527, 0.305445, 0.952094
-0.0103195, 0.35292, 0.935597
-0.0734973, 0.378732, 0.922584
0.185523, 0.475618, 0.859865
0.442044, 0.526855, 0.725962
0.50084, 0.567626, 0.653422
0.539884, 0.592099, 0.598285
0.560082, 0.593855, 0.577619
0.60363, 0.583138, 0.543674
0.679388, 0.563087, 0.470495
0.73397, 0.525794, 0.429917
0.78305, 0.515763, 0.347593
0.826531, 0.490297, 0.276504
0.851952, 0.474609, 0.221189
0.885458, 0.441167, 0.146071
0.91218, 0.404011, 0.0685715
0.927972, 0.366231, 0.0688676
0.941998, 0.284347, 0.178288
-0.815768, 0.0477906, 0.576401
-0.851473, 0.0229628, 0.523895
-0.830961, 0.186725, 0.524059
-0.854097, 0.331367, 0.400892
-0.831652, 0.452348, 0.322081
-0.775673, 0.512749, 0.367993
-0.643007, 0.594132, 0.483269
-0.481012, 0.634867, 0.604626
-0.240704, 0.677006, 0.695503
-0.149855, 0.693851, 0.704354
0.0647771, 0.680429, 0.729945
0.30353, 0.592108, 0.746511
0.180096, 0.614202, 0.768324
0.132794, 0.589319, 0.796912
0.186823, 0.623686, 0.759021
0.164407, 0.661309, 0.731875
0.186521, 0.653219, 0.733836
0.276123, 0.63531, 0.721205
0.351399, 0.66879, 0.655163
0.458436, 0.682468, 0.569275
0.305659, 0.775986, 0.551741
0.0523512, 0.826031, 0.561188
-0.0417304, 0.838402, 0.543453
-0.0822998, 0.85342, 0.514686
-0.0576667, 0.868585, 0.492174
-0.0549644, 0.874731, 0.481483
-0.0684029, 0.877796, 0.474127
-0.0829885, 0.878603, 0.470286
-0.0945482, 0.876988, 0.471119
-0.0988963, 0.873852, 0.476027
-0.0989079, 0.868088, 0.486457
-0.0972437, 0.861613, 0.498163
-0.0622327, 0.859219, 0.507809
-0.00754702, 0.852771, 0.52223
0.0156735, 0.844382, 0.535512
0.0324486, 0.832634, 0.552873
0.113414, 0.817712, 0.564345
0.199379, 0.795983, 0.57154
0.222748, 0.776579, 0.589329
0.236108, 0.754971, 0.611778
0.271731, 0.729497, 0.627691
0.319894, 0.69679, 0.641991
0.32816, 0.674601, 0.661229
0.263229, 0.667423, 0.696604
0.128112, 0.642044, 0.755888
-0.0727685, 0.580186, 0.811227
-0.0819557, 0.530569, 0.84367
0.0810795, 0.505514, 0.859
0.0708949, 0.457273, 0.886496
-0.127726, 0.460793, 0.878269
-0.200378, 0.467117, 0.861191
-0.0425887, 0.462533, 0.885578
0.0379069, 0.447621, 0.89342
0.109071, 0.542081, 0.833218
0.319919, 0.629796, 0.70782
0.443018, 0.648481, 0.619038
0.492894, 0.660123, 0.566827
0.533445, 0.665736, 0.521758
0.550196, 0.663841, 0.506556
0.602677, 0.646151, 0.468262
0.663967, 0.628044, 0.405843
0.720388, 0.595323, 0.355855
0.760383, 0.588174, 0.275444
0.797642, 0.560758, 0.222075
0.812071, 0.557685, 0.171837
0.863185, 0.491757, 0.114402
0.895438, 0.439604, 0.0702711
0.922417, 0.359655, 0.140691
0.897678, 0.0508711, 0.437705
0.735177, 0.0710064, 0.674146
-0.794507, 0.0946619, 0.599832
-0.776271, 0.0723963, 0.626228
-0.762151, 0.226738, 0.606395
-0.765517, 0.370169, 0.526269
-0.789245, 0.4918, 0.367729
-0.749716, 0.587188, 0.305184
-0.646859, 0.681349, 0.342544
-0.483814, 0.773112, 0.410148
-0.265686, 0.832788, 0.485669
-0.115477, 0.822024, 0.557622
-0.0628924, 0.838461, 0.54132
0.0921552, 0.801333, 0.591077
0.15641, 0.752883, 0.639299
0.165234, 0.753038, 0.636892
0.213331, 0.715684, 0.665046
0.154167, 0.710221, 0.68689
0.118461, 0.705944, 0.698291
0.273913, 0.694091, 0.66574
0.437232, 0.680665, 0.587812
0.555345, 0.661368, 0.504167
0.441596, 0.739503, 0.508063
0.160676, 0.834285, 0.5274
0.0706121, 0.861795, 0.502318
0.0173158, 0.882533, 0.469931
-0.0242424, 0.892237, 0.450915
-0.0391114, 0.899778, 0.434591
-0.0462846, 0.904839, 0.423231
-0.0631539, 0.907499, 0.41528
-0.0739547, 0.910823, 0.406119
-0.0853701, 0.912669, 0.399683
-0.0970434, 0.910601, 0.401733
-0.098747, 0.908677, 0.405655
-0.086156, 0.908176, 0.409627
-0.0484765, 0.905933, 0.420638
-0.020998, 0.901074, 0.433157
-0.0208703, 0.893427, 0.448724
0.0261046, 0.885795, 0.463342
0.100552, 0.871511, 0.479955
0.131688, 0.860034, 0.492949
0.152285, 0.848326, 0.507101
0.169809, 0.834753, 0.523787
0.189837, 0.814908, 0.547619
0.225235, 0.78424, 0.578132
0.209705, 0.752703, 0.624069
0.0764414, 0.733766, 0.675088
-0.117097, 0.702641, 0.701844
-0.0968037, 0.699524, 0.708022
0.0372421, 0.710782, 0.702426
-0.0325783, 0.637352, 0.769884
-0.198771, 0.508782, 0.837634
-0.192238, 0.506534, 0.840516
-0.0523673, 0.538787, 0.840813
0.107947, 0.601782, 0.791332
0.252511, 0.687211, 0.68116
0.401778, 0.69917, 0.591385
0.494643, 0.697545, 0.51842
0.514565, 0.709068, 0.482126
0.516429, 0.718197, 0.466362
0.512229, 0.72315, 0.46333
0.571071, 0.710158, 0.411768
0.6402, 0.679811, 0.357772
0.712523, 0.636293, 0.295706
0.750054, 0.623175, 0.221522
0.767198, 0.619386, 0.166638
0.775902, 0.618009, 0.126656
0.806713, 0.584733, 0.0854473
0.829159, 0.551795, 0.0895403
0.793732, 0.528664, 0.300838
0.516867, 0.339615, 0.785818
0.68619, -0.187589, 0.702818
0.528238, -0.0413169, 0.848091
0.646548, -0.239782, 0.72421
0, 0, 0
-0.768562, 0.168609, 0.617158
-0.744478, 0.187281, 0.640842
-0.678595, 0.267561, 0.684047
-0.688493, 0.369068, 0.624313
-0.716683, 0.437158, 0.543377
-0.666703, 0.642733, 0.37736
-0.629864, 0.711782, 0.310867
-0.507249, 0.809287, 0.296232
-0.368614, 0.878326, 0.304413
-0.200694, 0.918522, 0.340645
-0.0624279, 0.919855, 0.38726
-0.0553945, 0.907691, 0.415967
0.00564037, 0.89937, 0.437151
0.017642, 0.889103, 0.457368
0.0414873, 0.870374, 0.49064
0.101729, 0.831776, 0.545711
0.136542, 0.807271, 0.574168
0.261829, 0.786574, 0.559237
0.410619, 0.728762, 0.547995
0.578024, 0.659877, 0.480053
0.554415, 0.676061, 0.485351
0.313233, 0.799784, 0.512085
0.175532, 0.843363, 0.507866
0.0952119, 0.868926, 0.485699
0.0654753, 0.879585, 0.471215
0.0352658, 0.895289, 0.444088
9.87654e-05, 0.911427, 0.411461
-0.0163705, 0.920457, 0.390502
-0.0302299, 0.926573, 0.374898
-0.0614006, 0.932485, 0.355952
-0.0872139, 0.935948, 0.341166
-0.0961352, 0.933002, 0.346793
-0.0972531, 0.930275, 0.353738
-0.0822398, 0.928906, 0.361068
-0.0654073, 0.926572, 0.370387
-0.0618662, 0.922855, 0.380147
-0.0277061, 0.921448, 0.387511
0.0421158, 0.916592, 0.3976
0.0831006, 0.910319, 0.405479
0.0894596, 0.904511, 0.416961
0.0968327, 0.896522, 0.432288
0.100424, 0.883184, 0.458149
0.0853191, 0.866672, 0.491529
0.0625809, 0.840187, 0.538673
0.0105835, 0.811527, 0.58422
-0.103282, 0.785476, 0.610214
-0.0777346, 0.789426, 0.608904
-0.0774987, 0.744155, 0.663497
-0.282623, 0.555048, 0.782334
-0.318725, 0.465607, 0.825605
-0.177887, 0.514173, 0.839037
0.0874949, 0.587587, 0.804417
0.304929, 0.693998, 0.652216
0.345941, 0.742814, 0.573194
0.412533, 0.756799, 0.507023
0.478864, 0.754355, 0.44904
0.486591, 0.764138, 0.423464
0.492222, 0.765616, 0.414184
0.51438, 0.766117, 0.385329
0.554367, 0.765841, 0.32583
0.58616, 0.762912, 0.27273
0.620458, 0.762304, 0.184184
0.668728, 0.733968, 0.118717
0.646437, 0.759355, 0.0741575
0.746962, 0.659975, 0.0805062
0.790833, 0.604507, 0.0956765
0.814302, 0.558103, 0.159477
0.572813, 0.646686, 0.503669
-0.16343, 0.811129, 0.561569
-0.106529, 0.516971, 0.849348
0.560387, -0.171088, 0.810367
0.720058, -0.303785, 0.623884
0.708009, -0.228288, 0.668287
-0.549346, -0.47546, 0.687137
-0.503071, -0.468263, 0.726395
-0.349697, -0.472303, 0.809099
0.0218902, -0.3936, 0.919021
0.472853, -0.200235, 0.858089
0.703464, 0.0656254, 0.707695
0.766194, 0.153817, 0.623928
0.728978, 0.222837, 0.647252
-0.77785, 0.246673, 0.578016
-0.777933, 0.244612, 0.578779
-0.663349, 0.295944, 0.687303
-0.669821, 0.292604, 0.682439
-0.657452, 0.344639, 0.67006
-0.592755, 0.480809, 0.646115
-0.509806, 0.707038, 0.490098
-0.434861, 0.817279, 0.378088
-0.40563, 0.851893, 0.331274
-0.376956, 0.873022, 0.309413
-0.268728, 0.910039, 0.315616
-0.0831105, 0.946973, 0.310377
-0.0260941, 0.950134, 0.310748
-0.0262859, 0.9443, 0.328034
-0.0714448, 0.933462, 0.351489
-0.0921457, 0.91809, 0.385513
-0.0134955, 0.917677, 0.397099
0.0909166, 0.902056, 0.421935
0.257203, 0.845318, 0.468277
0.516262, 0.717392, 0.467785
0.614584, 0.627962, 0.477442
0.435312, 0.740409, 0.51215
0.281081, 0.800377, 0.529519
0.172102, 0.843353, 0.509055
0.114222, 0.873752, 0.472768
0.151788, 0.893262, 0.423135
0.120969, 0.920908, 0.370535
0.052897, 0.9445, 0.324224
0.0472948, 0.953718, 0.296959
0.0446183, 0.956129, 0.289528
-0.0397533, 0.957187, 0.286728
-0.107692, 0.951719, 0.287461
-0.108535, 0.950942, 0.289706
-0.0902114, 0.951744, 0.293334
-0.0728992, 0.950151, 0.30315
-0.0714201, 0.947633, 0.311272
-0.0571828, 0.94724, 0.315382
-0.010254, 0.946471, 0.322625
0.0304573, 0.942296, 0.333391
0.0410577, 0.936823, 0.347385
0.02348, 0.929576, 0.367881
0.00770975, 0.920543, 0.390566
0.000570177, 0.911907, 0.410397
-0.0246702, 0.89958, 0.436059
-0.0646354, 0.885702, 0.459732
-0.122953, 0.866685, 0.483466
-0.172783, 0.855739, 0.487705
-0.339801, 0.757739, 0.557106
-0.421421, 0.644719, 0.637762
-0.261935, 0.679351, 0.685472
-0.0551892, 0.744118, 0.665764
0.239147, 0.803211, 0.545582
0.387511, 0.799779, 0.458464
0.398616, 0.802683, 0.443628
0.445101, 0.807458, 0.387165
0.473856, 0.812254, 0.340153
0.445406, 0.834369, 0.324719
0.420582, 0.859497, 0.290474
0.442978, 0.864675, 0.23687
0.47032, 0.866194, 0.168838
0.517451, 0.850308, 0.0960185
0.636546, 0.767383, 0.0770269
0.657978, 0.752058, 0.0383892
0.681363, 0.727767, 0.0780958
0.698449, 0.711448, 0.0775261
-0.297452, 0.671847, 0.678339
-0.58561, 0.604349, 0.540206
-0.2944, 0.47096, 0.83158
0.690426, -0.151006, 0.707467
0.588147, -0.130215, 0.798203
-0.625443, -0.444456, 0.641311
-0.550571, -0.517114, 0.655336
-0.546612, -0.432499, 0.717049
-0.405015, -0.448645, 0.796668
-0.0743744, -0.504579, 0.860156
0.538736, -0.11387, 0.834743
0.798283, 0.0837677, 0.596429
0.728978, 0.222837, 0.647252
0.728978, 0.222837, 0.647252
0.129322, -0.63817, 0.758956
0.129322, -0.63817, 0.758956
-0.792047, 0.275609, 0.544703
-0.804322, 0.305966, 0.509363
-0.685924, 0.290918, 0.666989
-0.68232, 0.249821, 0.687044
-0.680827, 0.205954, 0.702893
-0.589069, 0.185267, 0.786558
-0.439072, 0.385452, 0.811568
-0.341904, 0.596157, 0.726428
-0.281667, 0.745194, 0.604441
-0.228505, 0.836915, 0.497351
-0.196133, 0.889717, 0.412233
-0.150396, 0.905075, 0.397769
-0.0980388, 0.913273, 0.395375
-0.11549, 0.91215, 0.39325
-0.132175, 0.912844, 0.386324
-0.0862594, 0.935646, 0.342235
-0.0679094, 0.945546, 0.318326
-0.0981032, 0.937462, 0.333976
-0.0681188, 0.931552, 0.35717
0.155951, 0.910292, 0.383467
0.482429, 0.76533, 0.426067
0.513588, 0.710826, 0.480577
0.359444, 0.805812, 0.470602
0.30663, 0.850611, 0.427128
0.257694, 0.895873, 0.361946
0.263817, 0.914377, 0.307109
0.294366, 0.918061, 0.265542
0.220972, 0.94513, 0.240626
0.0791409, 0.971159, 0.224916
0.0226428, 0.975717, 0.217862
0.00263904, 0.97544, 0.220251
-0.0530345, 0.974663, 0.217298
-0.0905949, 0.972446, 0.214805
-0.105745, 0.970534, 0.21652
-0.0995297, 0.97096, 0.217555
-0.0790165, 0.972445, 0.219333
-0.067387, 0.972683, 0.222141
-0.048438, 0.972242, 0.228911
-0.0264175, 0.969306, 0.244434
-0.0237373, 0.964374, 0.263476
-0.0286557, 0.959037, 0.281828
-0.0260107, 0.955995, 0.292227
-0.038682, 0.951158, 0.306271
-0.0550086, 0.945135, 0.322017
-0.0798064, 0.937585, 0.338473
-0.111546, 0.932741, 0.342859
-0.196878, 0.917273, 0.346193
-0.331938, 0.876118, 0.349621
-0.305163, 0.894021, 0.328026
-0.140084, 0.93962, 0.312234
0.0679797, 0.945411, 0.318712
0.227189, 0.930272, 0.288062
0.253943, 0.926065, 0.279137
0.293738, 0.917101, 0.269525
0.372642, 0.900719, 0.223257
0.395873, 0.895771, 0.202186
0.404082, 0.898001, 0.174102
0.405837, 0.905593, 0.123276
0.505491, 0.856211, 0.106683
0.561812, 0.825616, 0.0522062
0.548468, 0.830306, 0.0988713
0.605891, 0.7924, 0.0706998
0.647439, 0.759928, 0.0577238
-0.512899, 0.543628, 0.664382
-0.626388, 0.52134, 0.579519
-0.102099, 0.252611, 0.962166
0.789935, -0.262385, 0.554217
0.63139, -0.169746, 0.756659
-0.668449, -0.404323, 0.624259
-0.715473, -0.399076, 0.573443
-0.601041, -0.410608, 0.685675
-0.315053, -0.190387, 0.929782
0.202906, 0.2457, 0.947872
0.501324, 0.552242, 0.666111
0.646941, 0.653853, 0.392357
0.637898, 0.608801, 0.471644
0.744035, 0.31457, 0.589455
-0.437319, -0.0474378, 0.898055
-0.177586, -0.281098, 0.943105
-0.0883446, -0.708801, 0.699854
0.339764, -0.53189, 0.775663
0.583384, -0.30433, 0.753025
0.822028, -0.236498, 0.518015
-0.765229, 0.243854, 0.595785
-0.768326, 0.213611, 0.603362
-0.7326, 0.188047, 0.654167
-0.734204, 0.0530635, 0.676852
-0.574333, 0.120735, 0.809669
-0.302047, 0.280442, 0.911109
-0.198269, 0.409244, 0.890623
-0.175514, 0.525911, 0.832234
-0.142867, 0.602298, 0.785383
-0.151999, 0.656616, 0.73875
-0.118938, 0.71225, 0.691776
-0.0428118, 0.744317, 0.666453
0.014231, 0.777505, 0.628716
0.11559, 0.837874, 0.533485
0.145659, 0.892175, 0.42756
0.0229884, 0.930408, 0.365805
-0.0568552, 0.945598, 0.320331
-0.0697629, 0.952679, 0.295865
-0.0962201, 0.948975, 0.300313
0.00764027, 0.950043, 0.312025
0.291291, 0.908948, 0.298267
0.411117, 0.86829, 0.277588
0.389188, 0.882245, 0.264907
0.359857, 0.903348, 0.233379
0.310899, 0.927349, 0.208242
0.282827, 0.942236, 0.179446
0.310542, 0.933454, 0.179521
0.265644, 0.943065, 0.200154
0.0961281, 0.978898, 0.180329
0.0144391, 0.986522, 0.162991
-0.0316758, 0.978441, 0.204081
-0.0831454, 0.972789, 0.216261
-0.0986252, 0.971333, 0.216298
-0.0883038, 0.976341, 0.197383
-0.0686498, 0.988395, 0.135511
-0.0740556, 0.987907, 0.13622
-0.0900326, 0.984859, 0.148144
-0.0958297, 0.9818, 0.163967
-0.0841386, 0.979868, 0.181051
-0.0683165, 0.97767, 0.198733
-0.0621526, 0.974154, 0.217165
-0.0770738, 0.966964, 0.24298
-0.0974654, 0.959472, 0.264411
-0.0627779, 0.983835, 0.167715
-0.0596703, 0.979354, 0.193144
-0.0821616, 0.975985, 0.20175
-0.105957, 0.974855, 0.19604
-0.1045, 0.977797, 0.181641
-0.140991, 0.973656, 0.179206
-0.0748538, 0.983262, 0.16611
0.107341, 0.983939, 0.142629
0.172364, 0.976599, 0.128625
0.224054, 0.9685, 0.10866
0.352856, 0.924945, 0.141316
0.367134, 0.923088, 0.114551
0.427308, 0.901558, 0.0678338
0.436457, 0.891929, 0.118184
0.492568, 0.865145, 0.0943464
0.534124, 0.841658, 0.0795148
-0.481063, 0.544735, 0.686908
-0.518926, 0.642374, 0.563978
0.267538, 0.164741, 0.94936
0.702093, -0.375407, 0.605091
0.543599, -0.150228, 0.825792
0.627671, -0.396903, 0.669699
0.661121, -0.500413, 0.559022
-0.538508, -0.655809, 0.529078
-0.575355, -0.513833, 0.63635
-0.692385, -0.462803, 0.553549
-0.585279, -0.343706, 0.734381
-0.144772, 0.137721, 0.979834
0.332696, 0.513647, 0.790873
0.47373, 0.658881, 0.584342
0.618419, 0.697517, 0.361978
0.573776, 0.694457, 0.434178
0.620573, 0.65346, 0.433449
-0.431341, 0.0809371, 0.898551
-0.437319, -0.0474378, 0.898055
0.0366346, -0.0178345, 0.99917
0.190339, -0.122005, 0.974108
0.711713, -0.198546, 0.673828
0.901198, -0.265489, 0.342575
0.783548, -0.424041, 0.454138
-0.771389, 0.178017, 0.610958
-0.788988, 0.160667, 0.59303
-0.782008, 0.106642, 0.614078
-0.741979, 0.0628066, 0.667475
-0.442994, 0.236404, 0.864794
-0.167719, 0.389487, 0.905633
-0.0661529, 0.454904, 0.88808
-0.0682812, 0.528113, 0.846424
-0.101775, 0.551464, 0.827967
-0.101634, 0.570324, 0.815108
-0.0817262, 0.602544, 0.79389
-0.0210774, 0.613994, 0.789029
0.128101, 0.656444, 0.743419
0.340607, 0.695758, 0.632382
0.478, 0.71958, 0.503708
0.428451, 0.800581, 0.418927
0.209289, 0.91001, 0.357883
0.0293121, 0.952484, 0.303176
0.0215663, 0.971236, 0.237141
0.0756173, 0.980331, 0.182298
0.102937, 0.982454, 0.155524
0.171774, 0.974347, 0.145399
0.271407, 0.95371, 0.129518
0.335578, 0.93315, 0.12891
0.322699, 0.927697, 0.187732
0.301482, 0.93453, 0.189107
0.286403, 0.939799, 0.186416
0.22512, 0.956117, 0.187514
0.126133, 0.975136, 0.182212
0.0553322, 0.983575, 0.171811
-0.071353, 0.988154, 0.135866
-0.0775839, 0.987112, 0.139966
-0.0866489, 0.984964, 0.14946
-0.0900097, 0.982278, 0.164404
-0.0827753, 0.979942, 0.18128
-0.0715469, 0.977381, 0.199014
-0.0691943, 0.973118, 0.219669
-0.0789217, 0.967163, 0.241594
-0.079186, 0.971075, 0.225264
-0.0733809, 0.975236, 0.208641
-0.0682141, 0.979881, 0.187566
-0.0826117, 0.976914, 0.197015
-0.0975488, 0.976306, 0.193162
-0.117169, 0.975603, 0.185661
-0.106824, 0.978627, 0.175722
-0.0363737, 0.98586, 0.163573
0.0686691, 0.986808, 0.146611
0.168131, 0.977576, 0.126798
0.250568, 0.959784, 0.12661
0.315437, 0.941097, 0.121801
0.38283, 0.917483, 0.108012
0.397533, 0.913038, 0.0912637
-0.547961, 0.645989, 0.531449
-0.575946, 0.648367, 0.497902
-0.523443, 0.678623, 0.515246
0.128019, 0.433637, 0.891947
0.515833, -0.162583, 0.84112
0.620744, -0.439157, 0.649475
0.69253, -0.554882, 0.460985
0.658035, -0.343782, 0.669929
0.646989, -0.494195, 0.580669
0.643885, -0.572459, 0.507644
-0.11995, -0.852026, 0.509571
-0.107769, -0.81155, 0.574258
-0.101515, -0.737196, 0.668009
-0.163841, -0.705528, 0.689483
-0.41957, -0.791926, 0.443638
-0.63592, -0.493478, 0.593368
-0.464217, -0.227351, 0.856046
0.047202, 0.391328, 0.91904
0.37761, 0.610408, 0.696285
0.450621, 0.735006, 0.506662
0.604518, 0.726115, 0.327589
0.549394, 0.734513, 0.398317
0.581116, 0.709545, 0.39856
-0.349281, 0.192503, 0.917031
-0.458741, 0.0493748, 0.887197
-0.388187, 0.23904, 0.89004
-0.208082, 0.328374, 0.921343
0.12195, 0.0552555, 0.990997
0.358439, -0.00676404, 0.933529
0.654131, -0.453919, 0.605037
0.752989, -0.529808, 0.39027
0.650617, -0.575471, 0.495511
-0.772687, 0.145608, 0.617862
-0.755518, 0.159465, 0.635424
-0.787799, 0.111395, 0.605776
-0.709206, 0.172866, 0.683479
-0.327207, 0.360117, 0.873643
-0.0652878, 0.485266, 0.871925
0.00498612, 0.524967, 0.851108
-0.0117197, 0.537349, 0.843279
-0.0674599, 0.556363, 0.828197
-0.0763106, 0.564853, 0.821656
-0.0720609, 0.562604, 0.82358
0.0339191, 0.58835, 0.807894
0.228041, 0.649359, 0.725486
0.43827, 0.669137, 0.600146
0.597616, 0.639204, 0.484018
0.62465, 0.674295, 0.393878
0.55655, 0.769176, 0.314039
0.457257, 0.857972, 0.234095
0.362568, 0.913421, 0.184951
0.33054, 0.928235, 0.170655
0.322322, 0.929971, 0.176811
0.217982, 0.963977, 0.152423
0.260223, 0.956073, 0.134939
0.303665, 0.943966, 0.129287
-0.501855, 0.718158, 0.482069
-0.396808, 0.814075, 0.424059
-0.409669, 0.806602, 0.426103
-0.0552481, 0.821458, 0.567587
0.290197, 0.525608, 0.799701
0.557247, 0.121778, 0.821369
0.63086, -0.320882, 0.706435
0.620037, -0.552458, 0.557085
0.665536, -0.590506, 0.456471
0.592452, -0.268134, 0.759674
0.482555, -0.340086, 0.807144
0.427554, -0.413273, 0.803992
0.383622, -0.461368, 0.799984
0.360023, -0.473249, 0.804002
0.349674, -0.465919, 0.812802
0.33588, -0.431201, 0.837407
0.308712, -0.388041, 0.868402
0.211342, -0.498015, 0.84102
-0.0703086, -0.912045, 0.404018
-0.167528, -0.777346, 0.606356
-0.0817071, -0.716922, 0.692348
-0.0545452, -0.71177, 0.700292
-0.081816, -0.525165, 0.847058
0.00062644, 0.149535, 0.988756
0.293772, 0.541003, 0.788044
0.352654, 0.729317, 0.586287
0.468168, 0.785338, 0.405047
0.636585, 0.710304, 0.300378
0.467185, 0.811228, 0.351635
0.541862, 0.759381, 0.360174
-0.349281, 0.192503, 0.917031
-0.22817, 0.329209, 0.916275
-0.131602, 0.400363, 0.906857
-0.242078, 0.355055, 0.902959
-0.264901, 0.325815, 0.907564
-0.0526979, -0.043295, 0.997671
0.373794, -0.184355, 0.909006
0.584945, -0.545807, 0.599945
0.59883, -0.637452, 0.484828
0.556433, -0.6553, 0.510846
0.566204, -0.698089, 0.438275
-0.75722, 0.0961864, 0.646038
-0.803135, 0.0836594, 0.589894
-0.738994, 0.177864, 0.649809
-0.782844, 0.121753, 0.610189
-0.67413, 0.234391, 0.700435
-0.206728, 0.450978, 0.868264
0.0246341, 0.527683, 0.849084
0.0154185, 0.547795, 0.83647
0.000173382, 0.55007, 0.835118
-0.0414821, 0.547814, 0.835571
-0.0919986, 0.530611, 0.842608
-0.0617653, 0.512986, 0.856172
0.134931, 0.600612, 0.788073
0.362689, 0.655134, 0.662764
0.502486, 0.66869, 0.548053
0.659847, 0.623681, 0.419075
0.743912, 0.601146, 0.291924
0.718976, 0.657193, 0.226211
0.627697, 0.748311, 0.214538
0.529803, 0.785173, 0.320642
0.389161, 0.895766, 0.214839
0.326436, 0.929116, 0.173735
-0.40325, 0.810361, 0.425093
-0.327777, 0.822697, 0.46447
-0.430793, 0.801994, 0.413792
-0.280965, 0.868974, 0.407361
0.0367291, 0.859762, 0.509372
0.29158, 0.667831, 0.684822
0.474342, 0.440715, 0.762083
0.55652, 0.161334, 0.81502
0.539145, -0.233675, 0.809147
0.485101, -0.353792, 0.799693
0.416934, -0.42822, 0.801744
0.378184, -0.455445, 0.805945
0.354852, -0.499361, 0.790392
0.346688, -0.464488, 0.814898
0.34694, -0.433186, 0.831855
0.313275, -0.394981, 0.863625
0.264194, -0.333785, 0.90487
0.274976, -0.202245, 0.939939
0.329112, 0.120615, 0.936556
0.347042, 0.321903, 0.880875
0.360938, 0.43942, 0.822578
0.361896, 0.560673, 0.744766
0.295317, 0.733475, 0.612211
0.344652, 0.83086, 0.436907
0.540993, 0.777788, 0.319958
0.559357, 0.769348, 0.308584
0.534993, 0.772185, 0.342801
0.554771, 0.764745, 0.327712
-0.290222, 0.431868, 0.853968
-0.329037, 0.491058, 0.806595
-0.278836, 0.346878, 0.895503
-0.387192, 0.313245, 0.867156
-0.337474, 0.215371, 0.916366
-0.0890079, -0.0306775, 0.995558
0.217129, -0.335799, 0.916566
0.479234, -0.569738, 0.667633
0.559075, -0.664797, 0.49546
0.570825, -0.728289, 0.379149
0.515835, -0.742121, 0.427984
-0.714907, 0.0913965, 0.693221
-0.707203, 0.108192, 0.698683
-0.73805, 0.171084, 0.652696
-0.77801, 0.0796818, 0.623178
-0.596893, 0.275241, 0.753632
-0.111806, 0.490523, 0.864226
0.0546782, 0.514627, 0.855669
0.048561, 0.522624, 0.851179
-0.00265409, 0.526513, 0.850163
-0.0870999, 0.497603, 0.863021
-0.137978, 0.452145, 0.881208
0.0297615, 0.501473, 0.864662
0.324463, 0.599377, 0.731758
0.478669, 0.626383, 0.61524
0.590776, 0.632007, 0.501548
0.703032, 0.619566, 0.349118
0.776069, 0.584931, 0.235739
0.776283, 0.598849, 0.196887
0.669531, 0.631521, 0.391037
0.613002, 0.726398, 0.310763
-0.357085, 0.838316, 0.411968
-0.257011, 0.860935, 0.439017
-0.335634, 0.854781, 0.395852
-0.172383, 0.913229, 0.369183
0.0898908, 0.912415, 0.399273
0.196826, 0.86802, 0.455853
0.263151, 0.836773, 0.480169
0.331835, 0.769942, 0.545046
0.367006, 0.708658, 0.602587
0.363452, 0.706289, 0.607501
0.355148, 0.70254, 0.61669
0.343912, 0.70511, 0.620117
0.340355, 0.701946, 0.625644
0.323419, 0.702219, 0.634263
0.289371, 0.757786, 0.584828
0.273557, 0.801451, 0.53183
0.257995, 0.813147, 0.521757
0.218452, 0.828029, 0.516378
0.201467, 0.86268, 0.463889
0.318055, 0.859554, 0.40001
0.523498, 0.779865, 0.343163
0.57889, 0.749743, 0.320581
0.509166, 0.786869, 0.348694
0.550212, 0.77362, 0.314292
-0.394497, 0.489679, 0.777551
-0.457933, 0.485788, 0.744518
-0.445653, 0.40349, 0.799118
-0.405775, 0.293639, 0.865519
-0.469968, 0.253476, 0.845506
-0.366596, 0.111062, 0.923727
-0.140727, -0.10033, 0.984952
-0.0420582, -0.365144, 0.930001
0.151527, -0.641801, 0.751752
0.314309, -0.764716, 0.562512
0.638422, -0.698902, 0.322418
0.543835, -0.700229, 0.462518
0.570675, -0.74611, 0.343001
-0.679479, 0.0530229, 0.731776
-0.621867, 0.0807379, 0.77895
-0.749541, 0.0226047, 0.661572
-0.766042, 0.0447061, 0.641234
-0.463221, 0.332601, 0.821464
-0.0285166, 0.488065, 0.872341
0.0548316, 0.494604, 0.867387
0.0435709, 0.48931, 0.871021
-0.0230014, 0.461981, 0.886591
-0.144729, 0.40206, 0.904103
-0.10846, 0.413043, 0.90423
0.186105, 0.556925, 0.809444
0.427338, 0.601868, 0.674639
0.565698, 0.600651, 0.564982
0.686918, 0.602696, 0.406081
0.751397, 0.606632, 0.259617
0.798714, 0.568853, 0.196117
0.722593, 0.603456, 0.337194
0.726006, 0.613985, 0.30974
-0.254991, 0.887426, 0.383998
-0.141635, 0.90796, 0.394395
0.0362707, 0.914689, 0.402529
0.0293046, 0.92866, 0.369773
0.0673035, 0.912726, 0.40299
0.0120103, 0.906306, 0.42245
0.135911, 0.899414, 0.41543
0.204494, 0.908669, 0.364009
0.211065, 0.899128, 0.383433
0.205864, 0.896232, 0.392923
0.198453, 0.893511, 0.402807
0.277717, 0.875052, 0.39643
0.356557, 0.846328, 0.395721
0.304531, 0.843501, 0.442456
0.248581, 0.853984, 0.457076
0.35594, 0.83321, 0.423165
0.419065, 0.826632, 0.375586
0.368728, 0.839483, 0.399133
0.477279, 0.802776, 0.357429
0.551503, 0.765233, 0.332058
-0.500936, 0.431937, 0.749996
-0.524577, 0.398296, 0.752449
-0.53825, 0.291647, 0.790715
-0.522542, 0.173034, 0.834871
-0.510088, 0.104416, 0.853761
-0.403138, -0.0564901, 0.913394
-0.311449, -0.196815, 0.929658
-0.225171, -0.299166, 0.927253
0.0750708, -0.426201, 0.901508
0.330407, -0.526097, 0.783616
0.509496, -0.725803, 0.462194
0.621375, -0.752717, 0.21751
0.467346, -0.542533, 0.698029
-0.621084, -0.00234131, 0.783741
-0.756467, 0.0246215, 0.653569
-0.731485, -0.166064, 0.661326
-0.668492, 0.0656565, 0.740816
-0.253751, 0.40736, 0.877307
0.0114439, 0.479756, 0.877327
0.0491979, 0.467947, 0.882386
0.0042538, 0.437135, 0.899386
-0.116093, 0.365284, 0.923629
-0.155291, 0.344199, 0.925965
0.086011, 0.49727, 0.863322
0.35678, 0.615962, 0.702352
0.487141, 0.649168, 0.584187
0.601938, 0.677168, 0.423219
0.709328, 0.654383, 0.261986
0.761428, 0.613209, 0.210242
0.732898, 0.618357, 0.283716
0.753268, 0.598371, 0.273019
0.048321, 0.921016, 0.386517
0.036226, 0.916399, 0.398623
0.0718373, 0.907358, 0.414175
0.117887, 0.907998, 0.402047
0.183973, 0.903138, 0.387939
0.20716, 0.901425, 0.380156
0.205137, 0.896333, 0.393073
0.227502, 0.88888, 0.397662
0.27821, 0.873622, 0.399229
0.31321, 0.855711, 0.411897
0.303625, 0.849063, 0.432324
0.303349, 0.844489, 0.441382
0.342259, 0.840554, 0.419914
0.387807, 0.830574, 0.39969
-0.547969, 0.417371, 0.724936
-0.570447, 0.43575, 0.696213
-0.618067, 0.276788, 0.735787
-0.631053, 0.155891, 0.759915
-0.578098, -0.024455, 0.815601
-0.49278, -0.032105, 0.869561
-0.361811, -0.0451384, 0.931158
-0.1261, 0.031405, 0.99152
0.158569, 0.0698191, 0.984876
0.367825, 0.0495951, 0.928572
0.473442, -0.0161465, 0.880677
0.662516, -0.322432, 0.676099
0.708948, -0.607292, 0.358593
0.484906, -0.470579, 0.737171
-0.732035, -0.0464653, 0.679681
-0.723286, -0.12101, 0.679863
-0.384186, 0.228999, 0.894405
-0.0456083, 0.43662, 0.898489
0.0110427, 0.448438, 0.893746
-0.0128403, 0.411241, 0.911436
-0.0961046, 0.335195, 0.937234
-0.143113, 0.306902, 0.940919
0.0371795, 0.473793, 0.879851
0.321424, 0.626892, 0.709713
0.483268, 0.668132, 0.565731
0.590957, 0.706686, 0.389056
0.668969, 0.700538, 0.248448
0.679355, 0.701238, 0.216199
0.69492, 0.659959, 0.285552
0.73063, 0.63127, 0.26015
0.732898, 0.618357, 0.283716
-0.637265, 0.338771, 0.69219
-0.713463, 0.298554, 0.633905
-0.717309, 0.212288, 0.663628
-0.655901, 0.112498, 0.746416
-0.421747, 0.0574763, 0.90489
-0.246628, 0.117806, 0.961923
-0.0985243, 0.191384, 0.976558
0.109709, 0.192024, 0.975239
0.30342, 0.146721, 0.941493
0.406963, 0.0849294, 0.909488
0.485143, 0.0343986, 0.873758
0.836477, -0.12979, 0.53241
0.638656, -0.327074, 0.69652
-0.617682, -0.165698, 0.768774
-0.630048, 0.0971602, 0.770454
-0.130388, 0.384733, 0.913772
-0.0134457, 0.407365, 0.913167
-0.0328105, 0.37526, 0.926339
-0.110544, 0.307049, 0.945252
-0.133587, 0.311508, 0.940807
0.0791814, 0.500529, 0.862091
0.324419, 0.67574, 0.661913
0.428565, 0.75308, 0.499201
0.560341, 0.756553, 0.337114
0.659124, 0.71498, 0.23315
0.662928, 0.717222, 0.214752
0.630864, 0.711073, 0.310461
0.669326, 0.691735, 0.271121
-0.723452, 0.195955, 0.661981
-0.741331, 0.26406, 0.61701
-0.692313, 0.287421, 0.661885
-0.527408, 0.16298, 0.833833
-0.234011, 0.156779, 0.95951
-0.0462745, 0.197896, 0.97913
0.0873662, 0.229819, 0.969304
0.230628, 0.216918, 0.948556
0.343503, 0.182542, 0.92124
0.473377, 0.159786, 0.866246
0.77929, 0.16351, 0.604956
0.497788, -0.119364, 0.859046
-0.468901, -0.115633, 0.875649
-0.372602, 0.293891, 0.880225
-0.0711384, 0.374988, 0.924296
-0.0761241, 0.323665, 0.943105
-0.126663, 0.261052, 0.956979
-0.0943314, 0.311174, 0.94566
0.173926, 0.552905, 0.81489
0.396144, 0.722615, 0.566478
0.480076, 0.785238, 0.391061
0.562087, 0.776403, 0.285056
0.584802, 0.775686, 0.237316
0.612996, 0.753104, 0.238894
0.646906, 0.670977, 0.362355
0.648304, 0.701277, 0.296498
-0.739018, 0.0550254, 0.671435
-0.700326, 0.00312718, 0.713816
-0.727393, 0.309782, 0.612319
-0.630532, 0.201135, 0.749649
-0.264996, 0.172604, 0.948675
-0.0212984, 0.217054, 0.975927
0.127624, 0.263886, 0.956073
0.237635, 0.287, 0.927987
0.33833, 0.283457, 0.897321
0.506157, 0.292564, 0.811302
0.686108, 0.315243, 0.65565
0.328099, -0.0722775, 0.941874
-0.294484, 0.0489241, 0.954403
-0.203953, 0.282186, 0.93743
-0.150146, 0.254568, 0.955328
-0.170832, 0.226864, 0.958827
-0.0487664, 0.356784, 0.932913
0.286237, 0.627499, 0.724095
0.477784, 0.757238, 0.445324
0.560054, 0.769643, 0.306576
0.584323, 0.765715, 0.26879
0.554754, 0.788511, 0.265515
0.596466, 0.743468, 0.302463
0.611749, 0.737565, 0.285938
0.631781, 0.714109, 0.301498
-0.724929, -0.0506755, 0.686957
-0.746471, -0.104264, 0.657198
-0.569034, -0.191996, 0.799586
-0.718695, 0.0612396, 0.692623
-0.327469, 0.230457, 0.916326
0.0511851, 0.31222, 0.94863
0.175381, 0.349655, 0.920317
0.254674, 0.360023, 0.89751
0.360926, 0.3728, 0.854841
0.544989, 0.397392, 0.738287
0.47518, 0.29731, 0.828137
0.0821766, -0.0527616, 0.99522
-0.0952398, 0.0659339, 0.993268
-0.15327, 0.157569, 0.975541
-0.15518, 0.236605, 0.959134
0.0569114, 0.482781, 0.87389
0.390838, 0.723245, 0.569353
0.54501, 0.769455, 0.33302
0.588743, 0.764428, 0.262739
0.530539, 0.800688, 0.278256
0.537543, 0.785804, 0.305874
0.559535, 0.732146, 0.388436
0.571279, 0.756067, 0.319379
-0.715043, 0.121184, 0.688497
-0.653982, 0.133045, 0.744719
-0.221162, 0.326411, 0.91899
-0.0123205, 0.422461, 0.906297
0.0961184, 0.430563, 0.897428
0.186679, 0.439999, 0.87838
0.266738, 0.459216, 0.847332
0.412089, 0.465208, 0.783431
0.414372, 0.385331, 0.82451
0.173922, 0.15063, 0.973171
-0.00260982, 0.0943537, 0.995535
-0.0365984, 0.165031, 0.985609
0.0206729, 0.381046, 0.924325
0.255892, 0.667219, 0.699527
0.482413, 0.776001, 0.406326
0.566438, 0.781809, 0.26062
0.546013, 0.800763, 0.246269
0.523204, 0.800881, 0.291285
0.566951, 0.737458, 0.367046
0.549494, 0.765211, 0.335423
0.549239, 0.759943, 0.347598
-0.699824, 0.467594, 0.540002
-0.697805, 0.615263, 0.366769
-0.478352, 0.698772, 0.53188
-0.198297, 0.602271, 0.773271
0.0626811, 0.529535, 0.845969
0.209915, 0.511311, 0.833365
0.307352, 0.47408, 0.825096
0.261555, 0.415907, 0.870982
0.130169, 0.313456, 0.940639
0.0779689, 0.349386, 0.933729
0.0958127, 0.527959, 0.843848
0.228555, 0.730209, 0.643862
0.401236, 0.818705, 0.410769
0.492651, 0.828359, 0.266678
0.531411, 0.818426, 0.218591
0.539404, 0.804052, 0.250086
0.515623, 0.784397, 0.344753
0.538835, 0.782163, 0.312854
0.545875, 0.770294, 0.329647
-0.6822, 0.60792, 0.406247
-0.665329, 0.599448, 0.444971
-0.68336, 0.608626, 0.403229
-0.581186, 0.55868, 0.591692
-0.168355, 0.214943, 0.962006
0.0950677, 0.397616, 0.912614
0.106521, 0.570494, 0.814365
0.15843, 0.661067, 0.73341
0.232771, 0.77989, 0.581024
0.289846, 0.855714, 0.428653
0.36733, 0.878019, 0.306841
0.447105, 0.863896, 0.231905
0.486828, 0.847711, 0.210677
0.489081, 0.835359, 0.250948
0.395163, 0.860661, 0.321105
0.497101, 0.819688, 0.284607
0.528168, 0.795211, 0.297789
-0.820896, 0.336244, 0.461596
-0.780497, 0.234726, 0.579421
-0.84545, -0.149945, 0.512573
-0.569946, -0.00434131, 0.821671
0.538945, 0.65639, 0.527912
0.389537, 0.866983, 0.310809
0.36862, 0.892363, 0.260398
0.42942, 0.872241, 0.234082
0.449567, 0.864829, 0.223516
0.391487, 0.890351, 0.232407
0.423988, 0.87164, 0.245922
0.474523, 0.84932, 0.231267
0.457964, 0.849655, 0.261447
0.442919, 0.849539, 0.286542
-0.890564, 0.0247351, 0.454185
-0.936604, -0.187034, 0.296295
-0.767737, -0.253367, 0.588544
-0.555166, 0.0839867, 0.827488
0.157336, 0.666594, 0.728627
0.439095, 0.817775, 0.372074
0.39621, 0.877972, 0.268667
0.416194, 0.877162, 0.239519
0.423643, 0.876121, 0.230084
0.420743, 0.878041, 0.228078
-0.936604, -0.187034, 0.296295
-0.865062, -0.223531, 0.449112
-0.865062, -0.223531, 0.449112
0, 0, 0
