0, 0, 0
-0.513718, 0.688692, 0.511661
-0.250514, 0.743599, 0.619921
0.0709472, 0.700676, 0.709944
0.572791, 0.498795, 0.650472
0.771509, 0.31411, 0.553272
0.861048, 0.237885, 0.449451
0, 0, 0
-0.513718, 0.688692, 0.511661
-0.513718, 0.688692, 0.511661
0.0337356, 0.736036, 0.676102
0.662985, 0.382606, 0.643478
0.861048, 0.237885, 0.449451
0.859669, 0.159308, 0.485377
-0.274399, 0.768162, 0.578474
-0.317941, 0.809011, 0.494383
0.196769, 0.800318, 0.566369
0.820965, 0.29206, 0.490629
0.865188, -0.0579138, 0.498093
0.712775, -0.162066, 0.682413
-0.0627421, 0.833299, 0.54925
0.147901, 0.743147, 0.652578
-0.186738, 0.676522, 0.712353
0.532058, -0.0018467, 0.846706
0.662785, -0.408635, 0.627481
0.564931, -0.295262, 0.770502
0.713556, -0.280918, 0.641812
0.816501, -0.199784, 0.541675
-0.0393718, 0.447054, 0.89364
-0.4472, 0.48214, 0.753361
0.0430364, -0.141808, 0.988958
0.591196, -0.354409, 0.724487
0.816501, -0.199784, 0.541675
0.866431, -0.0337388, 0.498155
-0.417916, -0.594192, 0.687228
-0.30022, -0.646613, 0.701256
-0.113382, -0.696732, 0.708314
-0.0786031, -0.668983, 0.73911
-0.0899455, -0.643513, 0.760132
-0.382507, 0.25815, 0.887156
-0.411514, 0.299146, 0.860911
0.587334, 0.0460364, 0.808034
0.888672, 0.133384, 0.438714
0.872493, 0.0626665, 0.484592
-0.0617641, -0.437876, 0.896911
0.164883, -0.452056, 0.876618
0.406259, -0.426205, 0.808272
-0.64126, -0.163806, 0.749636
-0.586858, -0.461518, 0.665281
-0.229488, -0.699161, 0.677133
-0.055654, -0.717429, 0.694405
-0.0536241, -0.665136, 0.744794
-0.126085, -0.620588, 0.773934
0.00773241, -0.38421, 0.923214
-0.517794, 0.315401, 0.795243
-0.615856, 0.326651, 0.716952
0.544973, 0.208194, 0.812194
0.860064, 0.250647, 0.444372
0.870927, 0.193186, 0.451846
-0.47687, -0.143537, 0.867175
-0.270558, -0.0946385, 0.958041
-0.339925, -0.416421, 0.843235
0.221382, -0.423988, 0.878194
0.575262, -0.411769, 0.706767
0.186469, -0.00478253, 0.982449
-0.126625, -0.107312, 0.986129
-0.130362, -0.285872, 0.949359
0.0745185, -0.536478, 0.840618
0.23451, -0.607533, 0.758887
-0.166046, -0.350856, 0.92159
-0.30424, -0.0653328, 0.950352
-0.667378, -0.208009, 0.71508
-0.593804, 0.197457, 0.780005
-0.477577, -0.00260005, 0.878586
-0.239128, 0.0532679, 0.969526
-0.101024, -0.10817, 0.988986
0.140807, -0.110922, 0.983804
0.00773241, -0.38421, 0.923214
-0.389006, -0.436824, 0.811085
0.0484723, -0.435393, 0.898935
0.304501, -0.365051, 0.879783
0.620745, -0.186097, 0.761606
0.59947, -0.0458028, 0.799086
0.422058, -0.0319892, 0.906004
0.209353, -0.117693, 0.970731
0.152068, -0.263162, 0.952691
0.247037, -0.422275, 0.872156
0.429843, -0.513468, 0.742688
0.539301, -0.605435, 0.585323
0.583153, -0.614882, 0.530898
0.26382, 0.296255, 0.91795
0.494116, 0.249744, 0.832753
0.860561, 0.194755, 0.470643
0.859636, 0.203384, 0.46868
-0.298127, 0.151296, 0.94246
-0.47687, -0.143537, 0.867175
0.0647076, 0.296885, 0.952718
0.324568, 0.431189, 0.841862
0.234049, 0.369001, 0.899477
0.0224268, -0.03057, 0.999281
-0.149852, 0.0558494, 0.98713
-0.244243, -0.340259, 0.908058
0.0182843, -0.53971, 0.841653
0.437087, -0.639995, 0.631951
0.363572, -0.280237, 0.888416
0.535023, -0.0132056, 0.844734
0.641162, 0.568946, 0.514987
-0.321867, -0.377594, 0.86823
-0.0589496, -0.44084, 0.895648
-0.180887, -0.603262, 0.776759
-0.137108, -0.0686592, 0.988174
-0.0491819, 0.65777, 0.751612
-0.421136, 0.693019, 0.585124
-0.478538, 0.587933, 0.652179
-0.179306, 0.732724, 0.65648
-0.21108, 0.775263, 0.595325
-0.0650523, 0.211213, 0.975273
-0.294028, -0.244244, 0.924063
-0.389006, -0.436824, 0.811085
0.476299, -0.347272, 0.8078
0.709583, -0.171238, 0.683498
0.649083, -0.0316054, 0.760061
0.407478, 0.0679002, 0.910687
0.176298, -0.129737, 0.97575
0.0298057, -0.283104, 0.958626
0.245729, -0.369083, 0.896323
0.443916, -0.577615, 0.685054
0.572122, -0.560544, 0.598721
0.589708, -0.664502, 0.459001
0.631759, -0.461915, 0.622507
0.495415, 0.236987, 0.835704
0.495028, 0.246568, 0.833157
0.856179, 0.164251, 0.489877
0.856068, 0.163195, 0.490423
-0.154537, 0.20834, 0.96577
-0.436502, 0.00573076, 0.899685
0.0928052, 0.554233, 0.827172
0.320324, 0.646774, 0.692153
0.24048, 0.444404, 0.862945
0.199992, 0.2649, 0.943309
0.0365821, 0.135275, 0.990133
-0.250545, -0.0690566, 0.965639
-0.588666, 0.0502872, 0.806811
-0.349606, -0.073699, 0.933994
-0.0756163, -0.253806, 0.964295
0.183362, -0.589297, 0.786834
0.641162, 0.568946, 0.514987
0.641162, 0.568946, 0.514987
0, 0, 0
-0.706119, -0.0476512, 0.706488
-0.618973, -0.327137, 0.71404
0.0121215, -0.384782, 0.922928
0.577834, -0.254537, 0.775448
0.748617, 0.0040475, 0.66299
0.375256, 0.585165, 0.718864
-0.153131, 0.673789, 0.722882
-0.36361, 0.678598, 0.638195
-0.293363, 0.707618, 0.642818
-0.195353, 0.754612, 0.626416
-0.543617, -0.0834191, 0.835178
-0.511047, -0.298967, 0.805885
0.0684265, 0.0449741, 0.996642
0.712441, 0.170012, 0.680826
0.826745, 0.331676, 0.454404
0.641572, 0.231082, 0.731427
0.280716, 0.838285, 0.467415
-0.0375329, 0.802994, 0.594804
-0.268997, 0.502057, 0.821936
0.0159466, 0.48662, 0.873468
0.250488, 0.358708, 0.899213
0.441411, 0.149269, 0.884802
0.629875, -0.227204, 0.742722
0.631759, -0.461915, 0.622507
0.485354, 0.208641, 0.849059
0.496902, 0.214553, 0.840866
0.850219, 0.130342, 0.510037
0.852074, 0.116627, 0.510263
-0.190651, -0.0447768, 0.980636
-0.0799839, 0.118921, 0.989677
-0.285421, 0.0734924, 0.95558
0.294447, 0.497081, 0.816218
0.327581, 0.670696, 0.665476
0.249335, 0.630047, 0.735441
-0.446941, 0.0828256, 0.890721
-0.37959, 0.267633, 0.885598
-0.168777, -0.176305, 0.969758
0.311739, -0.11412, 0.94329
0.535023, -0.0132056, 0.844734
-0.706119, -0.0476512, 0.706488
-0.732706, 0.235922, 0.638344
-0.221344, 0.218968, 0.950295
0.320755, -0.0240965, 0.946856
0.778256, -0.224823, 0.586321
0.697999, 0.0435934, 0.71477
-0.554763, 0.0773933, 0.828401
-0.549887, 0.136164, 0.824065
0.293593, 0.349387, 0.889793
0.787467, 0.393554, 0.474353
0.784899, 0.375082, 0.493201
0.123438, 0.8331, 0.539173
-0.00904496, 0.751027, 0.66021
-0.0744368, 0.661133, 0.746567
0.00047317, 0.785028, 0.61946
0.161181, 0.750871, 0.640479
0.406714, 0.282938, 0.868637
0.549373, -0.0399663, 0.834621
0.172688, 0.181623, 0.968087
0.462924, 0.164282, 0.871041
0.846804, 0.0548742, 0.529067
0.961803, 0.132445, 0.239571
-0.104468, -0.0650277, 0.9924
-0.420946, -0.215079, 0.881218
0.0571694, 0.129641, 0.989912
0.35451, 0.45009, 0.819598
0.401932, 0.570936, 0.715879
0.343214, 0.582787, 0.736589
-0.37959, 0.267633, 0.885598
-0.37959, 0.267633, 0.885598
-0.478363, 0.355615, 0.802937
-0.416928, 0.564295, 0.71256
-0.052241, 0.408348, 0.91133
0.553754, 0.0430814, 0.831565
0.812168, -0.203365, 0.546832
0.773238, -0.0958449, 0.626831
-0.611063, 0.124596, 0.781715
-0.754936, 0.0351138, 0.654858
-0.289704, 0.421431, 0.859342
0.516693, 0.600632, 0.610139
0.750856, 0.575416, 0.324211
0.774697, 0.487972, 0.402155
0.0811059, 0.770597, 0.632141
0.0811059, 0.770597, 0.632141
-0.656912, 0.0669402, 0.750989
-0.708087, 0.109774, 0.69754
0.343758, 0.137699, 0.928908
0.999871, -0.0158072, 0.00297676
0.933684, 0.33054, -0.137757
0.907612, 0.0159359, 0.419507
-0.203961, -0.249482, 0.946657
0.338108, 0.286039, 0.896585
0.35721, 0.483317, 0.799253
0.301362, 0.420578, 0.855743
0.379533, 0.512284, 0.770402
-0.31736, 0.510447, 0.799203
-0.460546, 0.522724, 0.717396
0.186629, 0.363865, 0.912563
0.719248, 0.0135421, 0.694621
0.66331, -0.046566, 0.746894
-0.446325, 0.188587, 0.874774
-0.439814, 0.208497, 0.873552
0.242401, 0.613966, 0.751191
0.637374, 0.688301, 0.346404
0.644171, 0.63045, 0.433101
-0.632352, 0.0229602, 0.774341
-0.600935, 0.0236169, 0.798949
0.105122, 3.85603e-05, 0.994459
0.998673, -0.0366365, -0.0361835
0.970011, -0.235479, -0.0602373
0.998725, -0.0477725, -0.0162859
0.571021, 0.2596, 0.778808
0.459899, 0.538206, 0.706277
0.389105, 0.440419, 0.809091
-0.325525, 0.486531, 0.810754
-0.26625, 0.552668, 0.789727
0.463712, 0.118059, 0.878085
0.594564, -0.110039, 0.796483
0.584609, -0.0751857, 0.807824
-0.0826944, 0.235823, 0.968271
-0.0717514, 0.291529, 0.953867
0.681876, 0.581262, 0.44405
0.608539, 0.62266, 0.49191
-0.636236, -0.0165787, 0.771316
-0.57759, -0.0648895, 0.813744
-0.0879788, -0.145738, 0.985404
0.833723, -0.202726, 0.513622
0.939743, -0.338984, -0.0444196
0.995592, 0.00309341, -0.0937353
0.751233, 0.385467, 0.535784
0.605596, 0.40209, 0.686715
-0.487795, 0.48336, 0.726925
-0.68113, 0.3861, 0.622084
-0.138009, 0.307322, 0.941545
0.533966, -0.124694, 0.83626
0.620521, 0.0097898, 0.784129
0.582538, -0.0683339, 0.809926
-0.227208, -0.0460439, 0.972757
-0.420226, -0.0500158, 0.90604
0.641334, 0.378301, 0.667517
0.781769, 0.51427, 0.352651
0.733919, 0.549335, 0.399492
-0.674658, 0.00301936, 0.738124
-0.722226, -0.00825622, 0.691608
-0.194544, -0.0371323, 0.980191
0.822509, -0.0159435, 0.568529
0.995217, -0.00173824, -0.0976771
0.994684, 0.0242329, -0.100078
0.981416, 0.147773, 0.12242
-0.437486, 0.397886, 0.806407
-0.446363, 0.457532, 0.769041
0.285242, 0.0245771, 0.95814
0.539771, -0.145896, 0.829073
0.573165, -0.0782235, 0.815698
-0.318011, -0.134512, 0.938497
-0.47596, -0.234169, 0.847719
0.264262, 0.156124, 0.95173
0.757752, 0.509929, 0.407165
0.749514, 0.479424, 0.456487
-0.692572, 0.0733742, 0.717607
-0.712774, 0.0821529, 0.696566
-0.101188, 0.26012, 0.960259
0.848726, 0.281955, 0.447398
0.993593, 0.0424743, -0.104728
0.994489, 0.0262582, -0.1015
-0.18569, 0.299183, 0.935954
-0.353821, 0.347563, 0.868338
0.51643, -0.142664, 0.844362
0.607688, -0.0329977, 0.79349
0.522833, -0.104663, 0.845986
-0.158958, -0.0522603, 0.985901
-0.146349, -0.0290541, 0.988806
0.749739, 0.401091, 0.526324
0.783311, 0.493519, 0.377973
0.770703, 0.501835, 0.392656
-0.651511, 0.0511291, 0.756914
-0.636082, 0.145523, 0.757775
0.203059, 0.389575, 0.898331
0.899091, 0.259534, 0.35253
0.993828, 0.040047, -0.103451
0.994139, 0.0319919, -0.103267
-0.0571758, 0.189975, 0.980123
0.0334873, 0.123572, 0.99177
0.560193, -0.206977, 0.802088
0.386501, -0.0711899, 0.919537
0.395139, -0.127407, 0.909743
-0.252104, -0.278099, 0.926879
-0.492314, -0.141233, 0.858883
0.5501, 0.218859, 0.80591
0.783802, 0.511587, 0.352042
0.785963, 0.464095, 0.408508
-0.843138, -0.0769938, 0.532156
-0.69858, -0.0958211, 0.709087
-0.53781, 0.0710296, 0.840069
0.254319, 0.20973, 0.944106
0.913119, 0.0836317, 0.399022
0.994735, 0.0134461, -0.101595
0.99437, 0.026749, -0.102532
-0.191272, 0.249766, 0.949227
-0.402976, 0.358913, 0.841898
0.408037, -0.170876, 0.896832
0.533813, -0.240595, 0.810653
0.250682, -0.0657867, 0.965832
0.404649, -0.150402, 0.902019
-0.390363, -0.437345, 0.810152
-0.340939, -0.49188, 0.801133
0.115046, -0.159151, 0.980528
0.829853, 0.341939, 0.440933
0.815575, 0.443437, 0.371755
0.800293, 0.477873, 0.362172
-0.812629, -0.169543, 0.557575
-0.943384, -0.0541201, 0.327258
-0.384364, -0.0570511, 0.921417
0.282535, 0.0353589, 0.958605
0.918518, 0.00713643, 0.395316
0.958353, 0.0303041, 0.283973
-0.225584, -0.0155728, 0.974099
-0.2627, -0.0791554, 0.961625
0.456682, -0.374455, 0.806985
0.51556, -0.277292, 0.810745
0.432575, -0.102503, 0.895752
-0.0781573, -0.688431, 0.721079
-0.512255, -0.40523, 0.757221
-0.601936, -0.385313, 0.699433
-0.207681, -0.411837, 0.887276
0.783972, 0.0261028, 0.620247
0.89727, 0.309932, 0.314401
0.861172, 0.357106, 0.361742
-0.92538, -0.267606, 0.268436
-0.933353, -0.256067, 0.25156
-0.508262, -0.237334, 0.827854
-0.194038, -0.134259, 0.971763
0.354273, -0.0257287, 0.934788
0.909993, 0.0139335, 0.41439
0.912524, 0.0149953, 0.408749
-0.480579, -0.137058, 0.866175
-0.556319, -0.165072, 0.814408
0.282157, -0.261426, 0.923062
0.593908, -0.205041, 0.777966
0.233297, -0.875011, 0.424179
-0.833835, -0.501953, 0.229699
-0.70773, -0.460555, 0.535731
-0.564738, -0.473359, 0.676019
-0.352699, -0.34326, 0.870503
0.429092, 0.168711, 0.887365
0.861481, 0.357095, 0.361016
0.890473, 0.32834, 0.315042
0.871349, 0.346064, 0.347836
-0.879942, -0.399729, 0.256745
-0.849207, -0.46064, 0.258184
-0.955703, -0.0751586, 0.284576
-0.231592, -0.241876, 0.942264
-0.0401206, -0.169385, 0.984733
0.48285, -0.0244272, 0.875362
0.908846, 0.0239125, 0.416445
0.907484, 0.0259569, 0.419283
-0.367431, -0.649838, 0.665361
-0.631481, -0.327144, 0.703
-0.426403, 0.0360904, 0.903813
0.201035, -0.862754, 0.463939
-0.295764, -0.914918, 0.274677
-0.650666, -0.720631, 0.239427
-0.670929, -0.703194, 0.235315
-0.905866, -0.217148, 0.363665
-0.258444, -0.208748, 0.943203
0.324761, 0.423688, 0.845588
0.705619, 0.585091, 0.399714
0.81367, 0.504329, 0.289124
0.820125, 0.397467, 0.4116
0.857343, 0.363771, 0.364189
-0.90315, -0.342636, 0.25869
-0.90658, -0.336958, 0.254111
-0.926712, -0.0755202, 0.368105
-0.0496326, -0.20546, 0.977406
0.12429, -0.113347, 0.985751
0.588705, -0.00694155, 0.808318
0.903405, 0.0400187, 0.426917
0.907871, 0.0342155, 0.417851
-0.0735824, -0.934578, 0.348065
-0.264428, -0.846428, 0.46221
-0.355152, -0.485934, 0.798583
-0.011407, -0.952055, 0.305714
-0.284112, -0.926602, 0.246351
-0.666505, -0.70596, 0.239568
-0.670587, -0.703303, 0.235962
-0.384444, -0.885633, 0.260494
-0.0101508, -0.926869, 0.375248
0.303486, -0.447697, 0.841109
0.684854, 0.121439, 0.718489
0.720381, 0.556351, 0.414155
0.664313, 0.670479, 0.330371
0.698228, 0.592866, 0.401233
0.782283, 0.501388, 0.369654
-0.886178, -0.386486, 0.255573
-0.909998, -0.327594, 0.254138
-0.933894, -0.240449, 0.264626
-0.521037, -0.132308, 0.843217
0.0842714, -0.127735, 0.988222
0.240338, -0.0239002, 0.970395
0.650704, -0.0107673, 0.759255
0.91121, 0.0387096, 0.41012
0.912311, 0.030755, 0.408341
-0.372626, -0.778283, 0.505397
-0.369577, -0.825064, 0.427413
-0.299757, -0.894279, 0.332282
-0.152684, -0.901478, 0.405
0.00629883, -0.957777, 0.287442
-0.492029, -0.835191, 0.245691
-0.757057, -0.612254, 0.228056
-0.541383, -0.805444, 0.241175
-0.076599, -0.967542, 0.240821
-0.0540697, -0.92784, 0.369038
0.0939554, -0.607814, 0.788502
0.427267, -0.384661, 0.818217
0.76491, -0.0896908, 0.637863
0.902369, 0.184979, 0.389248
0.872529, 0.390363, 0.293785
0.756019, 0.523447, 0.392987
0.708329, 0.597405, 0.376001
-0.882353, -0.394444, 0.256645
-0.85878, -0.443818, 0.255976
-0.959601, -0.0376919, 0.278827
-0.382821, -0.0325962, 0.923247
0.156649, -0.0250383, 0.987337
0.284077, 0.0246609, 0.958484
0.663581, -0.0015584, 0.748103
0.921686, 0.0135154, 0.387701
0.94304, 0.0241699, 0.3318
-0.269081, -0.800772, 0.535126
-0.391001, -0.774065, 0.497937
-0.546386, -0.602455, 0.581816
-0.173919, -0.902006, 0.395142
-0.354977, -0.896057, 0.266597
-0.501456, -0.829869, 0.244663
-0.669444, -0.703945, 0.237289
-0.533366, -0.810927, 0.240662
-0.0990498, -0.955278, 0.278627
-0.2069, -0.713731, 0.669165
-0.0387637, -0.582525, 0.811888
0.27, -0.363257, 0.891708
0.537916, -0.120745, 0.834306
0.719259, 0.0910496, 0.68875
0.852713, 0.274977, 0.444149
0.892977, 0.368168, 0.258929
0.865296, 0.370733, 0.337372
0.818493, 0.459272, 0.345165
-0.686825, -0.675121, 0.269226
-0.847658, -0.463916, 0.257406
-0.905096, -0.338926, 0.256769
-0.726573, -0.0654859, 0.683961
-0.258747, 0.0586517, 0.964163
0.171953, 0.0342505, 0.98451
0.272763, 0.06105, 0.960142
0.652423, 0.011475, 0.757768
0.923735, 0.0171054, 0.38265
0.990103, 0.0266977, 0.13778
0.998777, 0.0392973, 0.030003
-0.616353, -0.620053, 0.485431
-0.563946, -0.647758, 0.512225
-0.449548, -0.702114, 0.552216
-0.364862, -0.755576, 0.54404
-0.170259, -0.836922, 0.520166
-0.450871, -0.838698, 0.305452
-0.660089, -0.711574, 0.240719
-0.681193, -0.692621, 0.237175
-0.416261, -0.870979, 0.261004
-0.0831119, -0.95588, 0.281757
-0.23904, -0.645632, 0.725272
-0.140165, -0.5135, 0.846565
0.123857, -0.292688, 0.948153
0.441083, 0.0217023, 0.897204
0.575442, 0.257084, 0.776385
0.632698, 0.458519, 0.624062
0.758775, 0.501847, 0.415223
0.838621, 0.490312, 0.237295
0.86882, 0.381057, 0.316144
-0.508313, -0.808359, 0.29694
-0.562095, -0.782333, 0.268338
-0.613777, -0.742797, 0.267451
-0.932545, -0.0546216, 0.356898
-0.632775, 0.0636082, 0.771718
-0.230404, 0.159247, 0.959976
0.153965, 0.0662546, 0.985853
0.257823, 0.0488722, 0.964955
0.644779, 0.0757976, 0.760602
0.932531, 0.0531188, 0.357162
0.998374, 0.0166729, -0.0545138
0.99723, 0.0741033, 0.00642366
0.640494, -0.708427, 0.296475
0.215551, -0.876609, 0.430226
0.0969305, -0.891834, 0.441856
0.108013, -0.895293, 0.432184
0.115511, -0.897874, 0.424829
0.136576, -0.898892, 0.416342
0.157321, -0.901417, 0.403358
0.167472, -0.906976, 0.386456
0.180128, -0.915126, 0.360692
0.185016, -0.919227, 0.34755
-0.67508, -0.553131, 0.488173
-0.641154, -0.617677, 0.455409
-0.590614, -0.621485, 0.514715
-0.452045, -0.694895, 0.559264
-0.380826, -0.721125, 0.578749
-0.812607, -0.499582, 0.300147
-0.750915, -0.617764, 0.233441
-0.630051, -0.732641, 0.257436
-0.180146, -0.905244, 0.384812
-0.258733, -0.569517, 0.780197
-0.144769, -0.48309, 0.86352
0.0390324, -0.32372, 0.945347
0.297748, -0.0451881, 0.953574
0.504758, 0.271283, 0.819528
0.597259, 0.458687, 0.657942
0.692171, 0.530762, 0.489072
0.742099, 0.556329, 0.373881
0.784811, 0.549425, 0.286713
0.819681, 0.47079, 0.326313
-0.753976, -0.543394, 0.369111
-0.668459, -0.637372, 0.3833
-0.504534, -0.809848, 0.299318
-0.456227, -0.829583, 0.321948
-0.575124, -0.702223, 0.419661
-0.688415, -0.10281, 0.717994
-0.535849, 0.0599866, 0.84218
-0.291351, 0.137514, 0.946681
0.00735923, 0.0954698, 0.995405
0.300471, 0.0587417, 0.95198
0.693239, 0.10402, 0.713162
0.932413, 0.0296694, 0.360174
0.994148, -0.00637811, 0.107839
0.628294, -0.761558, 0.158986
0.453777, -0.807305, 0.377287
0.0746861, -0.887687, 0.45435
0.107754, -0.892391, 0.438209
0.108302, -0.894969, 0.432783
0.107977, -0.898475, 0.425539
0.130226, -0.899962, 0.416064
0.171373, -0.897229, 0.406955
0.17024, -0.906342, 0.386733
0.16071, -0.916848, 0.365463
0.209153, -0.920763, 0.329318
0.204205, -0.901336, 0.381961
0.226109, -0.905332, 0.359512
0.281224, -0.899511, 0.334354
0.339829, -0.891998, 0.298088
0.387556, -0.875556, 0.288447
-0.736986, -0.466596, 0.489019
-0.704692, -0.48505, 0.517818
-0.599513, -0.541937, 0.588972
-0.344293, -0.824997, 0.448154
-0.467475, -0.835362, 0.289201
-0.767899, -0.595162, 0.236881
-0.834351, -0.488139, 0.256084
-0.529514, -0.416908, 0.738784
-0.349117, -0.354554, 0.867415
-0.153954, -0.289834, 0.944613
0.098208, -0.21269, 0.972172
0.357355, -0.0776621, 0.930734
0.602958, 0.0961241, 0.791961
0.734944, 0.230501, 0.637752
0.783579, 0.322016, 0.531328
0.780957, 0.413673, 0.467953
0.802957, 0.397075, 0.444512
0.87426, 0.328795, 0.35716
0.87992, 0.319238, 0.351893
-0.764287, -0.49295, 0.415771
-0.753976, -0.543394, 0.369111
-0.713288, -0.526855, 0.462216
-0.686456, -0.499739, 0.528242
-0.661445, -0.307741, 0.683949
-0.550646, -0.274722, 0.788236
-0.405737, -0.202498, 0.891275
-0.20598, -0.13494, 0.969208
0.0276374, -0.062395, 0.997669
0.294232, 0.00250407, 0.955731
0.643279, 0.0464697, 0.76422
0.906521, -0.0402833, 0.420235
0.973109, -0.108793, 0.203034
0.872088, -0.419483, 0.251986
0.420996, -0.757735, 0.498598
0.0851767, -0.812883, 0.576165
0.12248, -0.819311, 0.560115
0.101927, -0.830305, 0.547909
0.0865976, -0.843589, 0.52996
0.0966862, -0.852478, 0.513744
0.108638, -0.860803, 0.497207
0.116705, -0.871822, 0.475716
0.134337, -0.879805, 0.455957
0.17074, -0.884518, 0.434138
0.205817, -0.891524, 0.403514
0.230184, -0.904451, 0.359142
0.241768, -0.917784, 0.314993
0.369712, -0.869876, 0.326541
0.4047, -0.87966, 0.249833
0.394272, -0.868885, 0.299314
0.437246, -0.858439, 0.26814
0.47327, -0.846836, 0.242663
-0.677736, -0.61689, 0.400151
-0.825997, -0.321403, 0.463064
-0.751397, -0.426613, 0.503393
-0.59857, -0.726098, 0.338371
-0.702906, -0.662834, 0.258021
-0.725399, -0.642093, 0.248018
-0.543526, -0.790649, 0.281875
-0.624446, -0.289552, 0.725415
-0.432228, -0.194147, 0.880616
-0.235809, -0.118426, 0.964557
-0.0698112, -0.0645185, 0.995472
0.141155, -0.114074, 0.983393
0.44606, -0.148872, 0.882535
0.66663, -0.0672693, 0.742347
0.767203, -0.0365639, 0.640361
0.828912, 0.0110836, 0.559269
0.8493, 0.0774662, 0.522197
0.853631, 0.128939, 0.504668
0.920052, 0.0574953, 0.387556
0.91373, 0.1424, 0.380553
-0.809169, -0.397456, 0.432752
-0.726886, -0.546894, 0.415384
-0.802613, -0.382508, 0.457712
-0.745462, -0.410836, 0.524881
-0.675899, -0.373618, 0.635271
-0.609932, -0.360511, 0.705701
-0.498472, -0.336812, 0.798801
-0.290091, -0.279409, 0.915302
-0.0600841, -0.208279, 0.976222
0.202137, -0.1717, 0.964189
0.429492, -0.130073, 0.893654
0.627205, -0.102994, 0.772014
0.837233, -0.172297, 0.518994
0.914994, -0.259787, 0.308701
0.815559, -0.473655, 0.332436
0.4252, -0.66319, 0.615942
0.0353706, -0.734327, 0.677874
0.0717009, -0.766991, 0.637639
0.0230072, -0.78693, 0.616614
0.0217954, -0.799313, 0.60052
0.0731834, -0.809424, 0.582647
0.10016, -0.815791, 0.569608
0.0923792, -0.82351, 0.559729
0.107298, -0.833443, 0.542089
0.166052, -0.839275, 0.51773
0.199546, -0.844938, 0.496247
0.193187, -0.856066, 0.479406
0.227501, -0.866682, 0.443967
0.324132, -0.85915, 0.39598
0.378475, -0.854797, 0.355076
0.362584, -0.876257, 0.317344
0.429439, -0.860663, 0.27357
0.515648, -0.830411, 0.211011
0.494391, -0.825149, 0.273326
0.476712, -0.838447, 0.264106
0.481167, -0.838755, 0.254888
-0.466813, -0.818682, 0.334432
-0.452719, -0.842513, 0.29192
-0.609022, -0.746204, 0.268834
-0.77032, -0.587035, 0.248992
-0.693081, -0.667583, 0.271975
-0.567962, -0.720585, 0.397714
-0.701254, -0.224199, 0.676741
-0.522115, -0.105213, 0.84636
-0.349847, -0.0014725, 0.936806
-0.203482, 0.0356871, 0.978428
-0.150975, 0.0195833, 0.988344
-0.0251756, -0.00441188, 0.999673
0.395273, -0.0837239, 0.91474
0.674169, -0.0859155, 0.733563
0.775643, -0.114574, 0.620685
0.854523, -0.0810618, 0.513049
0.880627, -0.0286285, 0.472944
0.851695, 0.0699553, 0.519348
0.921586, 0.0369683, 0.38641
0.923507, 0.024928, 0.382771
-0.814106, -0.365775, 0.451043
-0.832538, -0.329851, 0.44506
-0.850043, -0.306763, 0.428163
-0.809164, -0.337505, 0.480983
-0.740282, -0.329748, 0.585875
-0.671775, -0.273736, 0.688322
-0.562082, -0.26251, 0.784316
-0.349062, -0.193426, 0.91692
-0.129834, -0.0992439, 0.986556
-0.0107571, -0.0334349, 0.999383
0.142053, -0.0191373, 0.989674
0.360302, -0.0869711, 0.928773
0.506543, -0.164238, 0.846428
0.723013, -0.197767, 0.661922
0.842742, -0.326152, 0.428265
0.809121, -0.469347, 0.353606
0.496196, -0.601425, 0.626161
-0.131401, -0.65128, 0.747374
-0.0592983, -0.699677, 0.711994
-0.0250982, -0.726262, 0.686959
0.0121146, -0.742462, 0.669779
0.0534108, -0.757363, 0.650806
0.0697564, -0.771292, 0.632648
0.0589297, -0.782115, 0.620341
0.0761821, -0.791569, 0.606313
0.132376, -0.798882, 0.586741
0.170622, -0.809697, 0.561497
0.175456, -0.820533, 0.544004
0.211997, -0.825739, 0.522697
0.317386, -0.817716, 0.480215
0.37956, -0.813708, 0.440243
0.384157, -0.825108, 0.414271
0.459025, -0.810389, 0.364096
0.50076, -0.804361, 0.319755
0.467655, -0.837568, 0.282452
0.491527, -0.824963, 0.278995
0.470385, -0.851811, 0.230556
0.266182, -0.90962, 0.318966
0.0782668, -0.940733, 0.329995
-0.0410375, -0.946411, 0.320348
-0.100961, -0.947744, 0.302634
-0.123936, -0.933784, 0.335688
-0.059703, -0.952987, 0.297071
0.130891, -0.972878, 0.190723
-0.530989, -0.807459, 0.257022
-0.408314, -0.873848, 0.263951
-0.38991, -0.859712, 0.329947
-0.737208, -0.437936, 0.514525
-0.717902, -0.238106, 0.654158
-0.592563, -0.10948, 0.79805
-0.420603, 0.0336283, 0.906621
-0.284523, 0.109305, 0.952418
-0.216855, 0.150881, 0.964473
-0.124595, 0.176078, 0.976459
-0.000902993, 0.210852, 0.977518
0.344073, 0.159824, 0.92524
0.620107, 0.072789, 0.781134
0.75556, -0.0245281, 0.65462
0.857487, -0.0503497, 0.512036
0.895558, -0.0762224, 0.438368
0.883385, 0.004293, 0.468628
0.883448, 0.0873611, 0.460312
0.953356, -0.0825335, 0.290347
0.943097, -0.011153, 0.332329
-0.814534, -0.369818, 0.446954
-0.792087, -0.391338, 0.468457
-0.816327, -0.375522, 0.438856
-0.840577, -0.29282, 0.455727
-0.809043, -0.269702, 0.522216
-0.703211, -0.215377, 0.677574
-0.605721, -0.121937, 0.786278
-0.542887, 0.0103107, 0.839742
-0.312449, 0.108355, 0.943734
-0.0832088, 0.111991, 0.990219
0.0505448, 0.134616, 0.989608
0.135721, 0.157949, 0.978076
0.241015, 0.139763, 0.960405
0.476842, 0.0187897, 0.878788
0.634619, -0.0661248, 0.769991
0.751733, -0.196575, 0.629488
0.821092, -0.366315, 0.437747
0.521822, -0.581164, 0.62446
-0.136942, -0.551298, 0.822993
-0.114417, -0.557636, 0.822162
-0.106307, -0.572827, 0.812754
-0.0767255, -0.599764, 0.79649
-0.0131602, -0.633201, 0.773876
0.0246479, -0.658097, 0.75253
0.0290557, -0.675209, 0.737054
0.0640898, -0.687342, 0.723501
0.12437, -0.695296, 0.707881
0.148867, -0.709634, 0.688664
0.158886, -0.727149, 0.667839
0.226399, -0.739241, 0.634245
0.351817, -0.738441, 0.575265
0.402678, -0.749068, 0.526069
0.402016, -0.765987, 0.501645
0.502219, -0.745159, 0.438764
0.570906, -0.729945, 0.375828
0.51417, -0.766089, 0.385664
0.341971, -0.842134, 0.416973
0.233685, -0.890845, 0.389597
0.253469, -0.914069, 0.316593
0.0952539, -0.940968, 0.324816
-0.116662, -0.934239, 0.337028
-0.101108, -0.950273, 0.294547
-0.084974, -0.957419, 0.275912
-0.184251, -0.882552, 0.432612
-0.0977946, -0.956261, 0.275684
-0.169, -0.917539, 0.359945
-0.303874, -0.776923, 0.551409
-0.428213, -0.604926, 0.671341
-0.619868, -0.306484, 0.722379
-0.645989, -0.155604, 0.747319
-0.488713, -0.0217364, 0.872174
-0.294167, 0.0900591, 0.951501
-0.222659, 0.166722, 0.960535
-0.127126, 0.236509, 0.963277
-0.0837629, 0.284673, 0.954958
-0.0476928, 0.309326, 0.949759
0.243714, 0.275895, 0.929777
0.526418, 0.201283, 0.826056
0.705046, 0.125731, 0.697927
0.8321, 0.0722375, 0.549901
0.899698, 0.00308394, 0.436502
0.911679, 0.0321163, 0.409647
0.883918, 0.128489, 0.449643
0.926272, 0.0603053, 0.371998
0.946782, 0.0384981, 0.319564
-0.841161, -0.322417, 0.43416
-0.835817, -0.347769, 0.424813
-0.809627, -0.347558, 0.472976
-0.822716, -0.27101, 0.499691
-0.788596, -0.167907, 0.591543
-0.638533, -0.0612893, 0.76715
-0.524661, 0.0881258, 0.846738
-0.384949, 0.253242, 0.887515
-0.258283, 0.323045, 0.910457
-0.114853, 0.298812, 0.947375
0.044507, 0.302285, 0.952178
0.147055, 0.293343, 0.944629
0.188213, 0.284514, 0.940015
0.270758, 0.269356, 0.924196
0.533771, 0.104583, 0.839137
0.662795, -9.716e-05, 0.748801
0.754074, -0.18008, 0.631621
0.525594, -0.459774, 0.715793
-0.00240375, -0.366814, 0.930291
-0.126175, -0.348446, 0.928798
-0.133443, -0.357616, 0.924285
-0.121197, -0.367913, 0.921928
-0.0667143, -0.396459, 0.915625
-0.0189339, -0.427552, 0.903792
-0.00168616, -0.45573, 0.890116
0.0563665, -0.487423, 0.871345
0.125529, -0.520235, 0.844747
0.145253, -0.546112, 0.825023
0.140591, -0.563959, 0.813747
0.182776, -0.587154, 0.788571
0.301826, -0.610263, 0.732448
0.387511, -0.640692, 0.662834
0.420906, -0.663886, 0.618137
0.509113, -0.662941, 0.54892
0.587906, -0.666934, 0.457783
0.588753, -0.694616, 0.413374
0.43606, -0.76541, 0.473286
0.213878, -0.830651, 0.514077
0.170301, -0.859185, 0.482491
0.0897558, -0.892674, 0.441675
-0.111776, -0.864721, 0.489657
-0.266698, -0.807848, 0.525598
-0.271273, -0.778479, 0.566023
-0.201432, -0.745276, 0.635601
-0.0386616, -0.704648, 0.708503
0.0337753, -0.643552, 0.764657
-0.021559, -0.465939, 0.884554
-0.334906, -0.333517, 0.881252
-0.569889, -0.28338, 0.771312
-0.526665, -0.179741, 0.830854
-0.341954, -0.0535768, 0.938188
-0.210071, -0.0255356, 0.977353
-0.111235, 0.0878733, 0.989902
-0.0721984, 0.141583, 0.98729
-0.0295854, 0.191997, 0.980949
-0.0184141, 0.279747, 0.959897
0.218024, 0.314741, 0.923799
0.504023, 0.291112, 0.813151
0.689004, 0.24627, 0.681634
0.809799, 0.19761, 0.552428
0.891528, 0.129562, 0.434041
0.918683, 0.110559, 0.379208
0.889087, 0.17215, 0.424132
0.946657, 0.137151, 0.2916
0.937887, 0.130835, 0.321325
-0.892641, -0.226138, 0.38994
-0.880523, -0.27699, 0.38465
-0.848514, -0.270617, 0.454743
-0.80897, -0.289178, 0.511805
-0.791161, -0.237312, 0.563691
-0.728124, -0.0610156, 0.682724
-0.510597, 0.0675433, 0.857163
-0.33719, 0.26683, 0.902831
-0.342486, 0.363045, 0.866546
-0.286213, 0.394251, 0.873297
-0.142628, 0.432774, 0.890148
0.0243641, 0.431195, 0.90193
0.101497, 0.433299, 0.895517
0.201101, 0.391866, 0.897775
0.259654, 0.384428, 0.885886
0.360226, 0.335236, 0.870548
0.520967, 0.171144, 0.836243
0.640402, 0.0629834, 0.765453
0.52871, -0.168299, 0.83195
0.095485, -0.154518, 0.983365
-0.148983, -0.105196, 0.983228
-0.169631, -0.120259, 0.978143
-0.158548, -0.13386, 0.978235
-0.111664, -0.153612, 0.981802
-0.0704303, -0.183367, 0.980518
-0.0708702, -0.210983, 0.974917
-0.0361311, -0.247182, 0.968295
0.0492531, -0.293565, 0.95467
0.111921, -0.344315, 0.932159
0.128695, -0.379137, 0.916347
0.189516, -0.398319, 0.897455
0.321458, -0.404263, 0.856292
0.401756, -0.434269, 0.806228
0.429238, -0.486744, 0.760812
0.51175, -0.53027, 0.675963
0.573486, -0.560554, 0.597405
0.566717, -0.614928, 0.548357
0.376669, -0.715269, 0.588651
0.112607, -0.762248, 0.637415
0.0603189, -0.771686, 0.633136
0.0797676, -0.771488, 0.631224
0.0628028, -0.748025, 0.660692
0.0824911, -0.643264, 0.761188
0.222954, -0.456061, 0.861568
0.239496, -0.216617, 0.946424
0.0210569, -0.208487, 0.977798
0.0245074, -0.218835, 0.975454
-0.0444537, -0.206825, 0.977368
-0.463621, -0.241748, 0.852416
-0.554552, -0.229801, 0.79979
-0.42775, -0.0915295, 0.899251
-0.289597, -0.0751301, 0.954196
-0.116499, 0.00157667, 0.993189
-0.0083266, 0.0463074, 0.998893
0.00689777, 0.085193, 0.996341
0.102621, 0.160736, 0.981648
0.121018, 0.228961, 0.965884
0.286916, 0.337403, 0.89657
0.505058, 0.333978, 0.795849
0.672936, 0.292226, 0.67953
0.792093, 0.243348, 0.559795
0.877975, 0.193487, 0.437862
0.914855, 0.173336, 0.364684
0.893097, 0.211973, 0.396795
0.934527, 0.194182, 0.29825
0.930353, 0.199988, 0.307323
-0.904869, -0.158088, 0.395247
-0.902295, -0.174661, 0.394153
-0.859412, -0.176473, 0.479863
-0.817854, -0.223382, 0.530298
-0.756838, -0.138064, 0.638854
-0.616052, 0.00406548, 0.787695
-0.37215, 0.178188, 0.910908
-0.217068, 0.213106, 0.952611
-0.229534, 0.373968, 0.898589
-0.196729, 0.489067, 0.849771
-0.108098, 0.530887, 0.84052
0.0132273, 0.528854, 0.84861
0.073218, 0.528328, 0.845877
0.105207, 0.513905, 0.851372
0.187574, 0.454794, 0.87062
0.27146, 0.419513, 0.866209
0.391574, 0.316694, 0.86393
0.504795, 0.198684, 0.840063
0.392044, 0.0901206, 0.915521
0.100068, 0.0315227, 0.994481
-0.104651, 0.0670449, 0.992247
-0.188473, 0.0510244, 0.980752
-0.178591, 0.0443055, 0.982925
-0.140794, 0.0330022, 0.989489
-0.102937, 0.00202643, 0.994686
-0.0947327, -0.0247369, 0.995195
-0.0528029, -0.0431975, 0.99767
0.0043335, -0.061412, 0.998103
0.0398903, -0.105039, 0.993668
0.082289, -0.155441, 0.984412
0.17672, -0.201906, 0.96333
0.303442, -0.225374, 0.925813
0.352525, -0.264198, 0.897733
0.344436, -0.313869, 0.884788
0.469694, -0.361756, 0.805308
0.607052, -0.38496, 0.695194
0.636897, -0.415619, 0.649325
0.469815, -0.506938, 0.722695
0.259433, -0.479046, 0.838576
0.309482, -0.386604, 0.868768
0.367285, -0.286733, 0.884808
0.312269, -0.207041, 0.927158
0.302388, -0.0920769, 0.948727
0.302209, -0.0361195, 0.952557
0.0457832, -0.150648, 0.987527
-0.0608713, -0.254227, 0.965227
0.0463393, -0.197927, 0.979121
-0.130356, -0.252951, 0.958657
-0.437615, -0.261304, 0.860356
-0.468405, -0.108567, 0.876818
-0.343102, 0.00194275, 0.939296
-0.224971, 0.0801416, 0.971064
-0.0497175, 0.176489, 0.983046
-0.0022071, 0.180989, 0.983483
0.0778346, 0.231823, 0.969639
0.160166, 0.288432, 0.94401
0.230163, 0.306734, 0.923547
0.381907, 0.41127, 0.82765
0.506144, 0.400126, 0.764014
0.6556, 0.378693, 0.653284
0.778076, 0.329842, 0.534605
0.868621, 0.280855, 0.40819
0.906656, 0.253148, 0.337476
0.887435, 0.274308, 0.370425
0.905064, 0.267597, 0.33053
0.910063, 0.259991, 0.322786
-0.925098, -0.0432, 0.377262
-0.914804, -0.120782, 0.385417
-0.909613, -0.0577799, 0.41142
-0.872598, -0.113103, 0.475163
-0.820599, -0.0996957, 0.562742
-0.690987, -0.0323915, 0.722141
-0.521078, 0.11346, 0.845934
-0.323681, 0.208588, 0.922887
-0.103828, 0.23928, 0.965383
0.0415414, 0.361848, 0.931311
-0.0728283, 0.494529, 0.866104
-0.113967, 0.538057, 0.835168
-0.00875467, 0.551684, 0.834007
0.0633961, 0.551031, 0.832073
0.06733, 0.552027, 0.831103
0.101833, 0.530837, 0.841333
0.163468, 0.480268, 0.861755
0.241709, 0.400529, 0.883829
0.395472, 0.333062, 0.855962
0.341136, 0.312022, 0.886718
0.0670309, 0.264575, 0.962033
-0.12391, 0.225942, 0.966228
-0.199714, 0.199636, 0.959302
-0.186332, 0.18093, 0.965684
-0.170225, 0.16213, 0.971976
-0.148864, 0.138143, 0.979161
-0.133414, 0.106375, 0.985335
-0.0864618, 0.080552, 0.992993
-0.03023, 0.064961, 0.99743
-0.00609631, 0.0475281, 0.998851
0.00765282, 0.0135167, 0.999879
0.109803, -0.0371967, 0.993257
0.268035, -0.0749742, 0.960488
0.334878, -0.119345, 0.934673
0.347182, -0.157615, 0.924458
0.467997, -0.182448, 0.864691
0.594531, -0.216166, 0.774471
0.622141, -0.268568, 0.735399
0.556021, -0.331468, 0.762214
0.463749, -0.270791, 0.843569
0.426095, -0.203848, 0.881413
0.415062, -0.175947, 0.892618
0.38432, -0.146803, 0.911453
0.350035, -0.0924413, 0.932164
0.184651, -0.062421, 0.98082
-0.0626435, -0.180484, 0.981581
-0.0446442, -0.158186, 0.9864
0.0206671, -0.16041, 0.986834
-0.204626, -0.184935, 0.961211
-0.354661, -0.189852, 0.915517
-0.309443, 0.055002, 0.949326
-0.211239, 0.12537, 0.969361
-0.0841864, 0.251524, 0.964183
0.00887473, 0.28257, 0.959206
0.0624427, 0.300692, 0.951675
0.148393, 0.377046, 0.91423
0.200651, 0.402425, 0.893193
0.308481, 0.425646, 0.850685
0.431135, 0.47396, 0.767779
0.518166, 0.457338, 0.722735
0.654045, 0.459974, 0.60054
0.762672, 0.410486, 0.499833
0.854957, 0.338942, 0.392641
0.894659, 0.296462, 0.334209
0.879635, 0.304826, 0.365134
0.886174, 0.316931, 0.338009
0.913711, 0.28703, 0.287656
-0.925304, 0.00847089, 0.379133
-0.929665, 0.0346492, 0.366772
-0.918698, 0.0588003, 0.390558
-0.88196, -0.000945554, 0.471323
-0.814278, 0.0644995, 0.57688
-0.656239, 0.116574, 0.745494
-0.429908, 0.218128, 0.876127
-0.27136, 0.272643, 0.923054
-0.0493665, 0.347353, 0.936434
0.142284, 0.337225, 0.93061
0.0972466, 0.418582, 0.902957
-0.022749, 0.545274, 0.837949
0.00673162, 0.575609, 0.817697
0.0638621, 0.561944, 0.824706
0.0646967, 0.566694, 0.821384
0.0553382, 0.565456, 0.82292
0.0568812, 0.552455, 0.8316
0.175339, 0.517808, 0.837336
0.367545, 0.497835, 0.785539
0.264881, 0.483104, 0.834535
-0.0160702, 0.411436, 0.911297
-0.16607, 0.35202, 0.921142
-0.232861, 0.330436, 0.914652
-0.223266, 0.310229, 0.924073
-0.194591, 0.294716, 0.935562
-0.174322, 0.289419, 0.941195
-0.169038, 0.275837, 0.946224
-0.10907, 0.258326, 0.959881
-0.0407186, 0.237761, 0.97047
-0.0281571, 0.209797, 0.977339
-0.0284359, 0.178269, 0.983571
0.0647972, 0.147851, 0.986885
0.20934, 0.117701, 0.970733
0.266607, 0.0666444, 0.961498
0.280699, 0.0128329, 0.95971
0.423598, -0.017237, 0.905686
0.570837, -0.049375, 0.819577
0.613829, -0.0941915, 0.783799
0.587039, -0.151511, 0.795254
0.512091, -0.156869, 0.844485
0.47503, -0.131675, 0.870062
0.463097, -0.102079, 0.88041
0.432264, -0.0730784, 0.898781
0.41559, -0.0319813, 0.90899
0.180655, -0.0172245, 0.983396
-0.0863469, -0.0888859, 0.992292
-0.0326399, -0.0628457, 0.997489
-0.00287696, -0.045423, 0.998964
-0.208902, -0.0541871, 0.976434
-0.205285, -0.0215998, 0.978464
-0.108382, 0.146221, 0.983297
-0.118421, 0.26961, 0.955661
-0.0311234, 0.313173, 0.949186
0.0118258, 0.28987, 0.956993
0.131328, 0.344997, 0.929371
0.221717, 0.400793, 0.888936
0.23893, 0.418698, 0.87613
0.361173, 0.463864, 0.80894
0.459245, 0.482459, 0.745874
0.558278, 0.472884, 0.681694
0.674141, 0.485883, 0.556283
0.748769, 0.4381, 0.497407
0.845217, 0.357818, 0.396957
0.894001, 0.293432, 0.338615
0.887644, 0.293809, 0.354634
0.893975, 0.315695, 0.318034
0.956551, 0.243786, 0.159933
0.949014, 0.269271, 0.16391
-0.906281, 0.0836586, 0.414314
-0.91832, 0.111425, 0.379833
-0.90808, 0.198286, 0.368881
-0.88733, 0.135045, 0.440918
-0.797552, 0.200744, 0.56887
-0.638675, 0.268664, 0.721051
-0.420714, 0.323889, 0.847405
-0.214432, 0.381446, 0.899176
-0.0520935, 0.41132, 0.910001
0.136488, 0.41367, 0.900138
0.264722, 0.455475, 0.849979
0.149934, 0.515401, 0.843731
0.0105135, 0.577753, 0.816144
0.0397526, 0.569386, 0.821109
0.0738752, 0.565064, 0.821733
0.0741073, 0.572805, 0.816335
0.0690985, 0.583456, 0.8092
0.14846, 0.600287, 0.785885
0.303947, 0.604727, 0.736153
0.168295, 0.561983, 0.809847
-0.10904, 0.501669, 0.85816
-0.194813, 0.461249, 0.86562
-0.231562, 0.450919, 0.862004
-0.226435, 0.445775, 0.866032
-0.193547, 0.445272, 0.874227
-0.167136, 0.447132, 0.878714
-0.171808, 0.436958, 0.882921
-0.141707, 0.42716, 0.893002
-0.0971623, 0.416718, 0.903828
-0.0832741, 0.398372, 0.913436
-0.0748105, 0.379832, 0.922026
0.025069, 0.366787, 0.929967
0.161049, 0.349727, 0.922905
0.205326, 0.315872, 0.926319
0.249179, 0.27436, 0.928782
0.408671, 0.228864, 0.883521
0.541983, 0.160205, 0.824978
0.565861, 0.101531, 0.818226
0.552852, 0.03621, 0.832492
0.528419, 0.00987189, 0.848926
0.513253, 0.0181754, 0.858045
0.500696, 0.0276113, 0.865183
0.480261, 0.0497829, 0.875712
0.426646, 0.10189, 0.898661
0.10846, 0.113229, 0.987631
-0.125387, 0.0849634, 0.988463
0.0148845, 0.142535, 0.989678
0.0297175, 0.196913, 0.979971
-0.186173, 0.152514, 0.970608
-0.140592, 0.169782, 0.975401
0.0631668, 0.191678, 0.979423
0.0071681, 0.2865, 0.958053
-0.0650545, 0.272701, 0.959897
0.0498672, 0.268673, 0.96194
0.223106, 0.350047, 0.909775
0.261541, 0.36893, 0.891901
0.315551, 0.409102, 0.856191
0.429104, 0.486198, 0.761236
0.494548, 0.493398, 0.715528
0.606964, 0.486659, 0.628297
0.691811, 0.48216, 0.537513
0.738, 0.446027, 0.506374
0.82642, 0.388021, 0.408007
0.8809, 0.317869, 0.350676
0.888981, 0.303865, 0.342605
0.911234, 0.297787, 0.284561
0.940791, 0.294561, 0.167768
0.945197, 0.288731, 0.152435
-0.854983, 0.0496389, 0.516275
-0.876096, 0.00824272, 0.482066
-0.888349, 0.179146, 0.422781
-0.891317, 0.286188, 0.351639
-0.8842, 0.253223, 0.392515
-0.778365, 0.36782, 0.508779
-0.638913, 0.395854, 0.659613
-0.398323, 0.476374, 0.783841
-0.212528, 0.537256, 0.816203
-0.0411911, 0.495061, 0.867881
0.189839, 0.518893, 0.833494
0.246656, 0.548378, 0.799026
0.191371, 0.511581, 0.837653
0.107837, 0.540755, 0.834239
0.03358, 0.565993, 0.823726
0.0679558, 0.569407, 0.819242
0.0889439, 0.583663, 0.80711
0.103803, 0.61351, 0.782835
0.215721, 0.640577, 0.736971
0.266222, 0.666485, 0.696364
0.0724465, 0.638237, 0.766424
-0.127984, 0.61313, 0.779546
-0.192333, 0.598949, 0.777347
-0.220948, 0.585345, 0.780098
-0.215623, 0.576636, 0.788034
-0.184307, 0.577885, 0.795035
-0.171791, 0.570335, 0.803247
-0.183552, 0.560425, 0.807609
-0.13844, 0.564291, 0.813886
-0.0860395, 0.567095, 0.819146
-0.0792103, 0.564852, 0.821382
-0.0775092, 0.562524, 0.823139
0.00457853, 0.564837, 0.82519
0.116094, 0.552059, 0.825683
0.145016, 0.526417, 0.837768
0.158077, 0.497162, 0.853137
0.282617, 0.456711, 0.84353
0.431271, 0.388119, 0.814475
0.487514, 0.325857, 0.810029
0.503096, 0.27147, 0.820487
0.50335, 0.234038, 0.831784
0.503023, 0.210863, 0.838156
0.503339, 0.201594, 0.840244
0.514472, 0.208022, 0.831893
0.478134, 0.2407, 0.844661
0.155099, 0.2673, 0.95105
-0.0480207, 0.291938, 0.955231
0.109878, 0.371522, 0.921899
0.0191311, 0.388196, 0.921378
-0.232443, 0.292915, 0.927454
-0.165295, 0.308749, 0.93667
0.0431803, 0.300189, 0.952902
-0.00481392, 0.253904, 0.967218
-0.0578307, 0.230899, 0.971258
0.118793, 0.286133, 0.950798
0.276195, 0.33226, 0.901843
0.319377, 0.345362, 0.882453
0.442486, 0.387266, 0.808846
0.515075, 0.448662, 0.730342
0.530832, 0.473326, 0.702979
0.634399, 0.472403, 0.611861
0.703485, 0.459503, 0.542186
0.743778, 0.442237, 0.501219
0.817019, 0.417801, 0.397394
0.866342, 0.359412, 0.346806
0.875478, 0.358034, 0.324575
0.912726, 0.329958, 0.240956
0.936079, 0.327183, 0.129253
0.936337, 0.332172, 0.113729
-0.832029, 0.0725423, 0.549968
-0.831023, 0.0908698, 0.548765
-0.847207, 0.215357, 0.485656
-0.874698, 0.313066, 0.36999
-0.831719, 0.439633, 0.339066
-0.768273, 0.464011, 0.440965
-0.651782, 0.538339, 0.534201
-0.386094, 0.61025, 0.691756
-0.263017, 0.617782, 0.741058
-0.127327, 0.658007, 0.742169
0.197291, 0.624749, 0.75549
0.234887, 0.583044, 0.777745
0.124418, 0.596308, 0.793055
0.110605, 0.555967, 0.823812
0.0905761, 0.607997, 0.788755
0.0976659, 0.629732, 0.770649
0.15204, 0.619173, 0.770395
0.177122, 0.659852, 0.730221
0.252896, 0.692204, 0.675942
0.261186, 0.728801, 0.632955
0.0635493, 0.743662, 0.665528
-0.102424, 0.74211, 0.662406
-0.175236, 0.72468, 0.666431
-0.219621, 0.704376, 0.674997
-0.211837, 0.700991, 0.680982
-0.18364, 0.706, 0.683988
-0.167229, 0.70113, 0.693146
-0.161887, 0.694834, 0.700712
-0.131792, 0.691457, 0.710294
-0.0937754, 0.686708, 0.720859
-0.0790939, 0.679295, 0.72959
-0.0757149, 0.670503, 0.738033
-0.0155354, 0.668848, 0.743236
0.0666531, 0.6552, 0.752509
0.0881697, 0.637079, 0.76574
0.116467, 0.620615, 0.775417
0.233926, 0.603389, 0.762365
0.351548, 0.566377, 0.745406
0.391721, 0.52142, 0.758074
0.412211, 0.475654, 0.777069
0.430055, 0.44041, 0.788094
0.450513, 0.418447, 0.788632
0.474545, 0.399881, 0.784157
0.498076, 0.383399, 0.77777
0.446759, 0.414497, 0.792842
0.155975, 0.40945, 0.898901
0.0221452, 0.431162, 0.902003
0.143871, 0.47811, 0.866437
-0.0530291, 0.428746, 0.901867
-0.267267, 0.323935, 0.907543
-0.150601, 0.378477, 0.913277
-0.0300945, 0.366023, 0.930119
-0.0828382, 0.296356, 0.951478
-0.0237653, 0.319639, 0.947241
0.186122, 0.409298, 0.893215
0.305863, 0.414501, 0.85711
0.356849, 0.415225, 0.836808
0.487952, 0.438312, 0.754841
0.562648, 0.453074, 0.691485
0.576079, 0.48214, 0.660056
0.658685, 0.491535, 0.569673
0.714025, 0.477109, 0.512382
0.755977, 0.472647, 0.452883
0.796438, 0.483424, 0.3633
0.835218, 0.447266, 0.319944
0.850239, 0.449663, 0.273672
0.890109, 0.419506, 0.178104
0.926852, 0.372894, 0.0435241
0.919972, 0.38646, 0.0655795
-0.799077, 0.129398, 0.587138
-0.78075, 0.117798, 0.61364
-0.78161, 0.281959, 0.556403
-0.81197, 0.368336, 0.452806
-0.790162, 0.520147, 0.324178
-0.757818, 0.556351, 0.340859
-0.626397, 0.656201, 0.420746
-0.472474, 0.721131, 0.506694
-0.205677, 0.78358, 0.586259
-0.100548, 0.808387, 0.580001
-0.0149044, 0.803041, 0.595737
0.156452, 0.741642, 0.652296
0.114001, 0.716752, 0.687947
0.117412, 0.691412, 0.712856
0.1598, 0.69217, 0.703822
0.0816823, 0.68686, 0.722185
0.147845, 0.657371, 0.738922
0.262882, 0.677957, 0.686489
0.360725, 0.706969, 0.608336
0.325148, 0.769321, 0.54993
0.109295, 0.811968, 0.573378
-0.07644, 0.811255, 0.579675
-0.18011, 0.801895, 0.569671
-0.202852, 0.800311, 0.564229
-0.178429, 0.808182, 0.561252
-0.159184, 0.812899, 0.560228
-0.160485, 0.811639, 0.561682
-0.169465, 0.807455, 0.565065
-0.142794, 0.805544, 0.575072
-0.105605, 0.79906, 0.591905
-0.0986634, 0.784535, 0.612185
-0.0963796, 0.766981, 0.63439
-0.0475061, 0.759651, 0.648593
0.0249602, 0.747743, 0.663519
0.0553518, 0.728253, 0.683069
0.0787178, 0.715961, 0.693689
0.17355, 0.701485, 0.69123
0.266789, 0.671213, 0.69159
0.300556, 0.635278, 0.711399
0.336405, 0.599232, 0.726466
0.378837, 0.567755, 0.730846
0.407151, 0.547186, 0.73131
0.41991, 0.529443, 0.737134
0.479229, 0.508644, 0.715277
0.431473, 0.504767, 0.747691
0.133641, 0.511702, 0.848706
0.0595033, 0.522507, 0.850556
0.104518, 0.54809, 0.829863
-0.167324, 0.426507, 0.888872
-0.281944, 0.366744, 0.88657
-0.134171, 0.424468, 0.895447
-0.0849963, 0.416324, 0.905235
-0.0697321, 0.44152, 0.894537
0.0948595, 0.507557, 0.85638
0.239374, 0.558979, 0.793878
0.274469, 0.559448, 0.782103
0.361646, 0.548848, 0.753644
0.502389, 0.547808, 0.668963
0.566299, 0.540015, 0.622647
0.600131, 0.54194, 0.58834
0.659998, 0.549243, 0.512577
0.704436, 0.538923, 0.461878
0.762953, 0.52345, 0.379346
0.793978, 0.523527, 0.309061
0.805794, 0.529096, 0.265996
0.8326, 0.513181, 0.208379
0.884587, 0.45619, 0.0969395
0.889574, 0.456189, 0.0234329
0.909283, 0.414592, 0.0362931
-0.767839, 0.201189, 0.608232
-0.782268, 0.179011, 0.596667
-0.702249, 0.311854, 0.639995
-0.707728, 0.430345, 0.560289
-0.741461, 0.517254, 0.427416
-0.710643, 0.628403, 0.31638
-0.617871, 0.723055, 0.308913
-0.40704, 0.85687, 0.316374
-0.242462, 0.905767, 0.347559
-0.111457, 0.907908, 0.404079
-0.0671482, 0.895949, 0.439051
-0.0506371, 0.886017, 0.46088
-0.0111154, 0.881788, 0.471514
0.0289713, 0.875451, 0.482437
0.063099, 0.809721, 0.583413
0.0138376, 0.740468, 0.671949
0.128457, 0.746371, 0.653015
0.319251, 0.72256, 0.613177
0.470118, 0.70632, 0.529246
0.437452, 0.750168, 0.495867
0.157595, 0.829685, 0.535525
-0.0183981, 0.84673, 0.531704
-0.0987217, 0.854634, 0.50976
-0.150195, 0.862585, 0.483104
-0.14966, 0.870269, 0.469291
-0.137144, 0.872742, 0.468522
-0.130899, 0.876628, 0.463021
-0.144546, 0.874267, 0.463426
-0.15205, 0.870564, 0.467972
-0.145792, 0.864167, 0.481622
-0.143793, 0.855951, 0.496659
-0.133374, 0.848602, 0.511944
-0.0859076, 0.845987, 0.526237
-0.0373817, 0.8397, 0.541762
-0.00637723, 0.825932, 0.563733
0.0364817, 0.809262, 0.586314
0.116406, 0.787826, 0.604797
0.186464, 0.763514, 0.618286
0.212993, 0.741122, 0.636688
0.252324, 0.712358, 0.654888
0.302501, 0.681399, 0.666475
0.345584, 0.647195, 0.679493
0.384965, 0.62121, 0.682569
0.415701, 0.593551, 0.689123
0.36408, 0.559476, 0.744602
0.125388, 0.587425, 0.799506
0.0802675, 0.60867, 0.789353
0.0132841, 0.596431, 0.802554
-0.276976, 0.398496, 0.874348
-0.269178, 0.400447, 0.875891
-0.11007, 0.464365, 0.878777
-0.0115773, 0.568299, 0.82274
0.0490538, 0.602027, 0.796968
0.158344, 0.630478, 0.759885
0.25601, 0.641056, 0.723537
0.2738, 0.642814, 0.715419
0.362847, 0.637132, 0.680004
0.486645, 0.637099, 0.59773
0.535028, 0.63335, 0.559117
0.590321, 0.618514, 0.518614
0.658784, 0.607779, 0.443406
0.704651, 0.589044, 0.395592
0.745779, 0.587266, 0.314534
0.789174, 0.557623, 0.257414
0.794462, 0.568643, 0.213248
0.828502, 0.540862, 0.145097
0.877624, 0.476553, 0.0517054
0.909416, 0.413777, 0.0418423
0.931632, 0.295848, 0.211038
-0.765972, 0.265618, 0.585434
-0.732846, 0.304753, 0.608328
-0.64246, 0.340797, 0.686369
-0.646383, 0.40861, 0.644381
-0.658477, 0.454969, 0.59951
-0.584793, 0.657783, 0.474699
-0.514543, 0.782797, 0.349963
-0.458162, 0.831326, 0.314619
-0.393156, 0.868823, 0.300956
-0.300235, 0.906136, 0.297955
-0.143067, 0.941295, 0.305772
0.00235697, 0.952806, 0.30357
-0.00289296, 0.953762, 0.300548
-0.140455, 0.936779, 0.320495
-0.209251, 0.910755, 0.356006
-0.0814242, 0.910318, 0.405823
0.0939158, 0.876048, 0.472989
0.261205, 0.794991, 0.547504
0.476102, 0.727497, 0.494039
0.506609, 0.718937, 0.475895
0.286737, 0.807384, 0.515668
0.0815757, 0.848592, 0.522721
-0.0128269, 0.866794, 0.498501
-0.0665896, 0.875279, 0.479012
-0.116781, 0.880595, 0.459254
-0.117241, 0.892993, 0.434532
-0.114715, 0.898461, 0.423803
-0.142706, 0.89671, 0.418982
-0.1521, 0.898975, 0.410742
-0.146399, 0.900458, 0.409565
-0.141864, 0.899211, 0.413876
-0.140383, 0.896932, 0.419291
-0.111394, 0.897234, 0.427272
-0.0761665, 0.893, 0.443564
-0.0694322, 0.883246, 0.463741
-0.0597029, 0.870668, 0.488235
0.015994, 0.861165, 0.508075
0.103985, 0.847561, 0.52041
0.129129, 0.835034, 0.534831
0.156729, 0.81865, 0.552492
0.198631, 0.795612, 0.572317
0.249067, 0.761712, 0.598131
0.288348, 0.719491, 0.631814
0.319204, 0.683148, 0.656824
0.331345, 0.64904, 0.684805
0.1754, 0.649335, 0.739999
0.0740427, 0.674873, 0.73421
-0.185378, 0.54575, 0.817185
-0.40794, 0.352032, 0.842412
-0.218061, 0.424927, 0.878571
0.0991535, 0.536667, 0.837948
0.130853, 0.653282, 0.745721
0.0461447, 0.691309, 0.721084
0.167179, 0.70691, 0.687262
0.249236, 0.708369, 0.660374
0.262042, 0.71458, 0.648621
0.387539, 0.707634, 0.59082
0.507119, 0.693428, 0.511847
0.531577, 0.686629, 0.49595
0.589029, 0.66968, 0.452299
0.644832, 0.657584, 0.389582
0.710599, 0.619064, 0.334377
0.746054, 0.613813, 0.258141
0.768809, 0.604138, 0.209643
0.785022, 0.599561, 0.15578
0.840159, 0.533655, 0.0966722
0.855387, 0.514639, 0.0588227
0.902773, 0.393737, 0.173121
0.816428, -0.146472, 0.558562
0.643169, 0.0231739, 0.765374
-0.75555, 0.308166, 0.578081
-0.777165, 0.311136, 0.547
-0.657403, 0.360359, 0.661787
-0.649776, 0.336066, 0.681799
-0.634973, 0.403219, 0.658956
-0.56669, 0.401036, 0.719745
-0.493306, 0.56421, 0.662055
-0.388038, 0.735938, 0.554817
-0.254122, 0.854521, 0.453007
-0.225984, 0.894691, 0.385304
-0.220674, 0.907722, 0.356852
-0.0956184, 0.930958, 0.352384
-0.00026033, 0.935178, 0.354178
-0.0925669, 0.92929, 0.357563
-0.226999, 0.915926, 0.330987
-0.310444, 0.899613, 0.307117
-0.273245, 0.908512, 0.316136
-0.0422715, 0.925248, 0.376999
0.3666, 0.820032, 0.439491
0.536811, 0.697834, 0.474196
0.35932, 0.774315, 0.520889
0.182697, 0.817495, 0.546191
0.0655407, 0.851169, 0.520783
-0.0215081, 0.86121, 0.507794
-0.0134524, 0.880629, 0.473615
-0.030936, 0.903589, 0.427282
-0.0694529, 0.913736, 0.400329
-0.0826182, 0.918259, 0.387267
-0.100867, 0.924276, 0.368157
-0.123955, 0.928016, 0.351315
-0.136577, 0.924543, 0.355764
-0.141921, 0.919801, 0.365821
-0.138502, 0.917177, 0.373636
-0.127055, 0.913565, 0.386337
-0.114857, 0.90967, 0.399134
-0.0943183, 0.907795, 0.408671
-0.0309377, 0.909197, 0.415215
0.0422667, 0.903548, 0.426396
0.0686829, 0.894265, 0.442236
0.079524, 0.885034, 0.458684
0.0927601, 0.868724, 0.486533
0.101695, 0.849262, 0.518085
0.153243, 0.819197, 0.55266
0.213321, 0.792675, 0.571105
0.209119, 0.756433, 0.619741
0.12898, 0.705787, 0.696584
-0.0693099, 0.707086, 0.703723
-0.396333, 0.508113, 0.764684
-0.420395, 0.44238, 0.792192
-0.0763474, 0.536887, 0.840192
0.246163, 0.624826, 0.740943
0.285977, 0.645889, 0.707845
0.162796, 0.72563, 0.668549
0.191568, 0.762487, 0.617993
0.257338, 0.76303, 0.592928
0.292296, 0.764843, 0.574089
0.40271, 0.755748, 0.5164
0.478446, 0.743175, 0.46774
0.497172, 0.741857, 0.449964
0.573877, 0.723588, 0.383516
0.645569, 0.683701, 0.340286
0.68745, 0.676619, 0.263818
0.730851, 0.655117, 0.191517
0.743858, 0.653223, 0.141333
0.742727, 0.660297, 0.111191
0.802932, 0.590778, 0.0792602
0.815583, 0.568167, 0.109589
0.683313, 0.596162, 0.421515
0.3519, 0.386217, 0.852645
0.643706, -0.174456, 0.745123
0.46687, -0.0499505, 0.882914
0.60507, -0.267291, 0.749964
-0.325959, -0.743226, 0.584265
-0.226638, -0.749582, 0.621901
-0.0648894, -0.738375, 0.671261
0.115509, -0.732574, 0.670815
0.222974, -0.731263, 0.644622
0.301643, -0.740863, 0.600111
0.346136, -0.742423, 0.573584
-0.26406, -0.435169, 0.860756
-0.110989, -0.487913, 0.865807
0.250785, -0.566521, 0.784959
0.42431, -0.551502, 0.718197
-0.726686, 0.340451, 0.596674
-0.682251, 0.377908, 0.625874
-0.634355, 0.359278, 0.68448
-0.682392, 0.294854, 0.668882
-0.66402, 0.186087, 0.724189
-0.460362, 0.265711, 0.847033
-0.274001, 0.465038, 0.841821
-0.195764, 0.584464, 0.787451
-0.184637, 0.651867, 0.735513
-0.160734, 0.730887, 0.663302
-0.110235, 0.787576, 0.606278
-0.034783, 0.785195, 0.618271
0.0244307, 0.79702, 0.603458
0.076298, 0.845738, 0.528115
0.00298081, 0.915394, 0.402549
-0.232835, 0.92295, 0.306516
-0.337811, 0.899104, 0.278379
-0.17124, 0.93566, 0.308573
0.252498, 0.889498, 0.380837
0.399828, 0.773599, 0.491612
0.247766, 0.832647, 0.495288
0.157768, 0.860792, 0.483886
0.0742571, 0.896044, 0.43771
0.0910235, 0.916816, 0.388796
0.093084, 0.932265, 0.349597
0.0189401, 0.948002, 0.317701
-0.0221371, 0.954434, 0.2976
-0.0127539, 0.955608, 0.294365
-0.0724239, 0.952274, 0.296529
-0.14554, 0.942992, 0.299306
-0.157292, 0.939125, 0.305458
-0.145125, 0.938415, 0.313555
-0.133038, 0.935575, 0.32711
-0.118231, 0.9359, 0.331832
-0.104469, 0.936118, 0.33581
-0.069657, 0.936139, 0.344661
-0.0218265, 0.932092, 0.361564
0.00507912, 0.926515, 0.376224
0.0054362, 0.918952, 0.394331
0.00671171, 0.908675, 0.41745
0.0215259, 0.898875, 0.437676
0.0586554, 0.888586, 0.454944
0.0845555, 0.862216, 0.499434
0.0404378, 0.819617, 0.571483
0.0380037, 0.763463, 0.644733
-0.150686, 0.75308, 0.640441
-0.426495, 0.670891, 0.606636
-0.376213, 0.671924, 0.637952
-0.00408127, 0.77536, 0.631506
0.244716, 0.787214, 0.566046
0.290843, 0.775457, 0.560425
0.267306, 0.797967, 0.540181
0.245965, 0.822894, 0.512198
0.242438, 0.830515, 0.501466
0.28184, 0.825928, 0.488272
0.399013, 0.807545, 0.43435
0.469385, 0.796608, 0.380911
0.494234, 0.799695, 0.340911
0.501937, 0.816556, 0.285125
0.555788, 0.80382, 0.212067
0.608009, 0.782519, 0.134123
0.612025, 0.786283, 0.0847615
0.703264, 0.705443, 0.0881549
0.668901, 0.739774, 0.0728408
0.760647, 0.642382, 0.0936033
0.7781, 0.593288, 0.206325
0.665066, 0.557174, 0.497237
0.419659, 0.387224, 0.820941
-0.229229, 0.529719, 0.81661
0.481454, -0.220359, 0.848318
0.712255, -0.306965, 0.631242
0.674556, -0.280032, 0.683049
-0.473922, -0.57918, 0.663285
-0.376389, -0.597418, 0.708113
-0.326107, -0.769833, 0.548645
-0.325166, -0.71515, 0.618731
-0.0204641, -0.736719, 0.675889
0.154914, -0.718286, 0.678282
0.210354, -0.731784, 0.648262
0.302074, -0.738537, 0.602755
0.389225, -0.744224, 0.542802
0.502001, -0.348547, 0.791524
0.587815, -0.358443, 0.725253
0.670898, -0.431425, 0.603133
0.718463, -0.459609, 0.522083
0.748324, -0.444534, 0.492342
-0.408179, -0.15937, 0.898883
-0.407652, -0.316798, 0.856422
-0.111318, -0.538463, 0.835264
0.198445, -0.553779, 0.808671
0.625054, -0.516573, 0.585201
0.654954, -0.352187, 0.66858
-0.767745, 0.294726, 0.56895
-0.780393, 0.307935, 0.544208
-0.713097, 0.302362, 0.63251
-0.757348, 0.162006, 0.632597
-0.675507, 0.144646, 0.723027
-0.372839, 0.279894, 0.884675
-0.163207, 0.407417, 0.89854
-0.108405, 0.484453, 0.868075
-0.0893341, 0.549775, 0.830522
-0.0780908, 0.591319, 0.802648
-0.0683798, 0.622437, 0.779677
-0.0258523, 0.641453, 0.766727
0.0625967, 0.641439, 0.764616
0.265141, 0.680106, 0.683488
0.493635, 0.689065, 0.530579
0.355599, 0.831291, 0.427206
-0.0691281, 0.946628, 0.314829
-0.261692, 0.934264, 0.242214
-0.251317, 0.93804, 0.238578
0.00688357, 0.968012, 0.25081
0.236045, 0.931326, 0.277334
0.234776, 0.919336, 0.315755
0.211526, 0.932817, 0.291734
0.189242, 0.943194, 0.273082
0.192407, 0.948812, 0.250472
0.143622, 0.961309, 0.235071
0.0213931, 0.974189, 0.224719
-0.0482878, 0.973969, 0.221479
-0.0594036, 0.97131, 0.23028
-0.0999933, 0.967135, 0.233775
-0.142967, 0.9615, 0.234688
-0.165015, 0.956617, 0.240113
-0.146683, 0.958464, 0.244605
-0.112542, 0.960989, 0.252657
-0.115392, 0.957639, 0.263841
-0.114379, 0.954945, 0.273856
-0.0757854, 0.955566, 0.284868
-0.0424817, 0.953763, 0.297544
-0.0445259, 0.947045, 0.318
-0.0422735, 0.940804, 0.336303
-0.030413, 0.935649, 0.35162
-0.0467605, 0.926814, 0.372598
-0.0858829, 0.906921, 0.412455
-0.12081, 0.887717, 0.444256
-0.0269164, 0.885381, 0.464087
-0.0215811, 0.870714, 0.491315
-0.288477, 0.849915, 0.440937
-0.238158, 0.889035, 0.391022
0.0444949, 0.921907, 0.384848
0.182777, 0.902084, 0.390944
0.217274, 0.893955, 0.391965
0.224016, 0.890314, 0.396432
0.22247, 0.894194, 0.388489
0.210933, 0.902272, 0.376048
0.249595, 0.902212, 0.351734
0.356245, 0.890021, 0.284522
0.406113, 0.884016, 0.231492
0.419655, 0.891069, 0.172874
0.459428, 0.882007, 0.104832
0.576472, 0.812474, 0.0869872
0.615862, 0.786496, 0.0462334
0.635978, 0.766618, 0.0884835
0.662243, 0.744786, 0.082024
0.686305, 0.722843, 0.080524
-0.256241, 0.337616, 0.905735
-0.442284, 0.368652, 0.817606
0.633599, -0.251745, 0.731558
0.491506, -0.229638, 0.840053
-0.567374, -0.466751, 0.678403
-0.483294, -0.376338, 0.79044
-0.547421, -0.616768, 0.565622
-0.392674, -0.532122, 0.750102
-0.198777, -0.406544, 0.891745
0.0406445, -0.0286318, 0.998763
0.198225, 0.154068, 0.967972
0.246337, 0.158208, 0.956184
0.276799, 0.156495, 0.948099
0.353952, 0.11249, 0.928474
0.435726, -0.00794259, 0.900044
0.509546, -0.191429, 0.838879
0.572932, -0.380762, 0.725789
0.65446, -0.486976, 0.578391
0.767267, -0.41494, 0.489006
0.72845, -0.473575, 0.495064
0.797391, -0.319957, 0.511658
-0.475133, 0.0084377, 0.879873
-0.397853, 0.00229563, 0.917446
-0.0984133, 0.134518, 0.986012
0.169844, -0.0162561, 0.985337
0.442566, -0.116348, 0.889156
0.812156, -0.377887, 0.444527
0.710657, -0.396235, 0.581347
-0.809139, 0.217415, 0.545917
-0.827529, 0.193321, 0.527089
-0.765085, 0.228993, 0.601837
-0.779554, 0.172941, 0.601985
-0.656141, 0.208534, 0.725254
-0.261302, 0.375571, 0.889195
-0.0432377, 0.471786, 0.880652
0.0046937, 0.522011, 0.852926
-0.0264179, 0.560393, 0.827806
-0.0598394, 0.575548, 0.815575
-0.0513651, 0.58605, 0.808645
-0.0270061, 0.584627, 0.810853
0.120733, 0.605352, 0.786748
0.360873, 0.639209, 0.679104
0.572839, 0.611082, 0.546291
0.715941, 0.551889, 0.427606
0.60816, 0.729927, 0.312007
0.252366, 0.938035, 0.237489
-0.0206032, 0.982916, 0.182897
-0.153438, 0.973733, 0.168226
-0.13756, 0.975116, 0.173858
0.0495903, 0.987477, 0.149766
0.143202, 0.979621, 0.140837
0.198378, 0.956291, 0.214833
0.223939, 0.952249, 0.207541
0.222521, 0.954084, 0.200518
0.15384, 0.969619, 0.190191
0.0134664, 0.982557, 0.185472
-0.0550132, 0.976247, 0.209562
-0.0805592, 0.981142, 0.175703
-0.101688, 0.980023, 0.17092
-0.127963, 0.976331, 0.174364
-0.147394, 0.972129, 0.182318
-0.158156, 0.966307, 0.203071
-0.143066, 0.966755, 0.211937
-0.128403, 0.968376, 0.213915
-0.112202, 0.96884, 0.220814
-0.0809169, 0.984033, 0.158532
-0.0872756, 0.978386, 0.187468
-0.0793097, 0.973713, 0.213525
-0.0710277, 0.969659, 0.233915
-0.0901851, 0.960928, 0.261695
-0.0935911, 0.956171, 0.27745
-0.0919204, 0.954332, 0.284255
-0.0831975, 0.953854, 0.288515
-0.0143855, 0.951194, 0.308258
-0.0227873, 0.951382, 0.307169
-0.128608, 0.950462, 0.282986
-0.0954508, 0.960246, 0.262331
0.0528588, 0.966706, 0.25037
0.125293, 0.961977, 0.242696
0.149871, 0.958818, 0.24126
0.187348, 0.952582, 0.239766
0.197427, 0.954868, 0.221924
0.263348, 0.947759, 0.180003
0.339072, 0.933301, 0.118234
0.47647, 0.872017, 0.112085
0.521186, 0.851655, 0.0552109
0.495765, 0.862048, 0.105312
0.552425, 0.829752, 0.0796157
0.596457, 0.799874, 0.0666427
-0.567351, 0.421695, 0.707309
-0.675045, 0.461826, 0.575353
-0.236151, 0.149815, 0.960098
0.634332, -0.40594, 0.657903
0.445357, -0.356185, 0.821456
0.523044, -0.527433, 0.669507
-0.575799, -0.513952, 0.635853
-0.553013, -0.343767, 0.758947
-0.679817, -0.494975, 0.541155
-0.436618, -0.423461, 0.793754
-0.0984206, 0.16293, 0.981716
0.192459, 0.496963, 0.846161
0.245601, 0.622547, 0.743045
0.164994, 0.752509, 0.637579
0.139384, 0.822014, 0.552146
0.159523, 0.833022, 0.529742
0.1627, 0.877982, 0.450197
0.20122, 0.823498, 0.530435
0.212927, 0.799316, 0.561921
0.241128, 0.757798, 0.6063
0.285341, 0.682833, 0.672547
0.405168, 0.49928, 0.765871
0.611048, 0.139249, 0.77925
0.843506, -0.157181, 0.513606
0.761623, 0.140562, 0.632592
-0.510816, 0.129978, 0.849807
-0.510816, 0.129978, 0.849807
-0.539656, 0.217483, 0.813309
-0.158096, 0.359517, 0.919648
-0.0915598, 0.208807, 0.973661
0.0826712, -0.00321456, 0.996572
0.535289, -0.244693, 0.80845
0.723069, -0.531859, 0.440791
0.592351, -0.562559, 0.576756
0.581818, -0.635031, 0.508157
-0.803374, 0.171179, 0.57034
-0.813337, 0.149336, 0.5623
-0.754157, 0.231485, 0.614543
-0.77889, 0.220875, 0.58698
-0.634869, 0.291477, 0.715529
-0.174778, 0.46865, 0.865921
0.0185846, 0.533302, 0.845721
0.0410623, 0.550153, 0.834054
0.0167757, 0.556669, 0.830565
-0.0274085, 0.567443, 0.822957
-0.0614483, 0.554431, 0.829958
-0.0103406, 0.54115, 0.840862
0.200775, 0.609075, 0.767279
0.434203, 0.635314, 0.638626
0.602519, 0.604894, 0.520648
0.786762, 0.506576, 0.352684
0.841252, 0.485588, 0.237697
0.718059, 0.665821, 0.202665
0.477673, 0.847877, 0.230073
0.0430472, 0.979715, 0.195716
-0.0808193, 0.983033, 0.164663
0.0185395, 0.987598, 0.155903
0.13072, 0.976926, 0.168904
0.188732, 0.963873, 0.187962
0.214965, 0.954292, 0.207649
0.200218, 0.959218, 0.199534
0.130449, 0.972527, 0.192808
0.083862, 0.978525, 0.1883
-0.0911289, 0.98064, 0.173322
-0.103423, 0.979354, 0.173696
-0.125706, 0.976349, 0.175901
-0.144527, 0.971744, 0.186614
-0.149554, 0.968494, 0.199128
-0.143221, 0.967229, 0.209659
-0.127902, 0.968075, 0.215574
-0.107239, 0.974344, 0.197874
-0.0935055, 0.977511, 0.18902
-0.0825227, 0.978972, 0.186558
-0.0792209, 0.974123, 0.21168
-0.0801934, 0.968332, 0.236435
-0.0875391, 0.969425, 0.229241
-0.0948368, 0.985233, 0.142553
-0.0984957, 0.976587, 0.191252
-0.104483, 0.972332, 0.208937
-0.0855896, 0.970566, 0.225113
-0.0782582, 0.963973, 0.254229
0.00126387, 0.968265, 0.249921
0.0725264, 0.970682, 0.229163
0.0832638, 0.973048, 0.215047
0.116739, 0.970821, 0.209471
0.110383, 0.97365, 0.199554
0.163357, 0.971498, 0.171773
0.24147, 0.963169, 0.118315
0.26094, 0.952004, 0.159994
0.361405, 0.922222, 0.137449
0.447372, 0.889228, 0.0955603
0.49918, 0.862445, 0.0837073
-0.564527, 0.479068, 0.672163
-0.596496, 0.582928, 0.551713
-0.0585495, 0.160257, 0.985337
0.475145, -0.400574, 0.78344
0.554535, -0.637748, 0.534573
0.484659, -0.370569, 0.792329
0.55959, -0.48583, 0.671438
0.604669, -0.532969, 0.591878
-0.655528, -0.434716, 0.617499
-0.573625, -0.364493, 0.733552
-0.606765, -0.58026, 0.543263
-0.536813, -0.440485, 0.719586
-0.180258, 0.270197, 0.945781
0.209141, 0.620915, 0.755463
0.235451, 0.70817, 0.665626
0.120402, 0.831842, 0.541795
0.226387, 0.870315, 0.43738
0.37197, 0.842417, 0.389836
0.312634, 0.853438, 0.417018
0.321837, 0.874448, 0.362991
0.119797, 0.917435, 0.379422
-0.0723785, 0.905458, 0.418219
0.085624, 0.889766, 0.448314
0.0923375, 0.874055, 0.476972
0.0697724, 0.862822, 0.500669
0.0769946, 0.8906, 0.448223
0.201359, 0.848099, 0.490084
0.39661, 0.758199, 0.517527
0.661866, 0.358019, 0.658601
0.571037, 0.622849, 0.534767
-0.452134, 0.336804, 0.825916
-0.157944, 0.4989, 0.852146
-0.192924, 0.373305, 0.907427
-0.306947, 0.341025, 0.88853
-0.183574, 0.160924, 0.969745
0.102731, -0.054994, 0.993188
0.435898, -0.404181, 0.804134
0.534525, -0.645305, 0.545769
0.626925, -0.622372, 0.468635
0.534249, -0.700676, 0.472896
0.533047, -0.753314, 0.3852
-0.766761, 0.15367, 0.623268
-0.766291, 0.17025, 0.619527
-0.736261, 0.240713, 0.632437
-0.775682, 0.207032, 0.596201
-0.614641, 0.329049, 0.716898
-0.109621, 0.507103, 0.854886
0.0568921, 0.541559, 0.838735
0.0467094, 0.547346, 0.835602
0.0146535, 0.551278, 0.834193
-0.0523246, 0.53426, 0.843699
-0.104551, 0.493581, 0.863393
0.0601924, 0.513212, 0.856148
0.358921, 0.584363, 0.727802
0.52072, 0.598558, 0.608752
0.648685, 0.57962, 0.493202
0.77825, 0.535814, 0.327462
0.876668, 0.440026, 0.194498
0.832402, 0.509305, 0.218439
0.690389, 0.688642, 0.221665
-0.096696, 0.981212, 0.166954
-0.0993132, 0.978458, 0.180989
-0.096202, 0.973288, 0.208461
-0.0894654, 0.969192, 0.229482
-0.0542413, 0.968434, 0.243297
-0.00149226, 0.969543, 0.244918
0.0523915, 0.97141, 0.231555
0.0908622, 0.971723, 0.21794
0.103475, 0.972629, 0.208051
0.130213, 0.972385, 0.193678
0.172086, 0.971411, 0.163546
0.202642, 0.968427, 0.145208
-0.615476, 0.603225, 0.507256
-0.632765, 0.621864, 0.461404
-0.577897, 0.653371, 0.48902
-0.168849, 0.605005, 0.778112
0.257041, 0.0951108, 0.961709
0.452328, -0.376803, 0.808344
0.560535, -0.475521, 0.677998
0.641145, -0.583667, 0.498263
0.516343, -0.409157, 0.752317
0.392513, -0.563797, 0.726682
0.22755, -0.662559, 0.713609
-0.0238752, -0.695955, 0.717689
-0.351428, -0.499292, 0.791963
-0.713284, -0.467885, 0.521833
-0.588865, -0.395639, 0.704775
-0.232821, 0.0828823, 0.968981
0.177044, 0.60561, 0.775817
0.247671, 0.729177, 0.637934
0.167653, 0.811925, 0.55917
0.345956, 0.84405, 0.409749
0.516918, 0.783236, 0.345452
0.385951, 0.837499, 0.386829
0.324974, 0.852855, 0.408694
0.335706, 0.857343, 0.39021
0.252676, 0.88617, 0.388404
0.124766, 0.911396, 0.392162
0.0445243, 0.907827, 0.416975
0.0353099, 0.89268, 0.449305
0.0826056, 0.875841, 0.475478
0.0797285, 0.876123, 0.475449
0.116302, 0.869119, 0.480735
0.227407, 0.841249, 0.490496
0.381397, 0.736852, 0.558198
0.201164, 0.858311, 0.472054
0.749485, 0.542492, 0.379439
0.749485, 0.542492, 0.379439
-0.361819, 0.492091, 0.791791
-0.54932, 0.463013, 0.695605
-0.336408, 0.406816, 0.849312
-0.350314, 0.333408, 0.875282
-0.419492, 0.282244, 0.862766
-0.239307, 0.0843214, 0.967276
-0.0237745, -0.17409, 0.984443
0.205693, -0.466969, 0.860018
0.423467, -0.647009, 0.634078
0.524212, -0.729025, 0.440141
0.539917, -0.774826, 0.328838
0.518146, -0.753369, 0.40492
-0.768886, 0.102251, 0.631157
-0.715802, 0.140451, 0.684033
-0.738732, 0.176576, 0.650458
-0.776767, 0.134417, 0.615276
-0.563286, 0.336259, 0.754744
-0.0752134, 0.498438, 0.863657
0.0641508, 0.51371, 0.855562
0.0644226, 0.517135, 0.853476
0.00803204, 0.508095, 0.861264
-0.109291, 0.456753, 0.882855
-0.116743, 0.427603, 0.896397
0.156735, 0.540368, 0.826702
0.444835, 0.573963, 0.687523
0.597051, 0.553904, 0.580276
0.728552, 0.542532, 0.418176
0.803528, 0.538815, 0.253025
0.849084, 0.493343, 0.188863
0.835899, 0.501979, 0.222013
-0.605692, 0.637998, 0.475495
-0.478604, 0.679909, 0.555573
-0.481201, 0.763103, 0.431415
-0.30191, 0.815393, 0.493948
-0.0279718, 0.7062, 0.707459
0.252439, 0.338502, 0.906472
0.434801, -0.0179395, 0.900348
0.459137, -0.451019, 0.765359
0.449026, -0.519609, 0.726899
0.256539, -0.702325, 0.664024
-0.0398956, -0.716299, 0.696652
-0.286375, -0.614052, 0.735479
-0.256038, -0.0424823, 0.965733
0.14562, 0.564277, 0.812641
0.289285, 0.718183, 0.632872
0.225521, 0.812411, 0.537707
0.287384, 0.849062, 0.443289
0.507941, 0.786894, 0.35042
0.446717, 0.805435, 0.38951
0.425018, 0.81974, 0.383908
0.45267, 0.812586, 0.367143
0.501662, 0.73921, 0.449337
0.501662, 0.73921, 0.449337
0.749485, 0.542492, 0.379439
0, 0, 0
-0.457343, 0.453456, 0.764994
-0.468233, 0.454478, 0.757764
-0.429686, 0.354039, 0.830678
-0.469161, 0.254334, 0.845696
-0.473463, 0.214719, 0.854241
-0.300254, -0.0113428, 0.953792
-0.1542, -0.185132, 0.97054
-0.122011, -0.460322, 0.879328
0.0142918, -0.657511, 0.753309
0.317261, -0.767654, 0.556825
0.669126, -0.676723, 0.307111
0.574594, -0.657748, 0.487041
0.250959, -0.689095, 0.67983
-0.884106, 0.0019594, 0.467282
-0.678681, 0.0922659, 0.728614
-0.739743, -0.00685084, 0.672855
-0.749762, 0.0437281, 0.660261
-0.453581, 0.352714, 0.818448
-0.0268428, 0.494584, 0.868715
0.0715473, 0.492413, 0.867416
0.0444737, 0.477028, 0.877762
-0.0623264, 0.422936, 0.904014
-0.166543, 0.37018, 0.913909
0.007416, 0.452325, 0.891822
0.324288, 0.584658, 0.743648
0.485695, 0.610543, 0.62557
0.620576, 0.625717, 0.472614
0.742822, 0.609327, 0.277373
0.803597, 0.558764, 0.204977
0.777764, 0.56063, 0.284213
0.76759, 0.550445, 0.328353
-0.393468, 0.793103, 0.464941
-0.324219, 0.784955, 0.527947
-0.454965, 0.780489, 0.42877
-0.227176, 0.85766, 0.461314
0.00315625, 0.822173, 0.569228
0.160004, 0.643896, 0.748195
0.281498, 0.462202, 0.840909
0.273017, 0.327324, 0.904611
0.21906, 0.339981, 0.914563
0.221133, 0.537358, 0.813847
0.260316, 0.724324, 0.638428
0.238456, 0.841411, 0.48494
0.322743, 0.846512, 0.423384
0.461159, 0.808674, 0.365212
0.441781, 0.802629, 0.400768
0.422704, 0.814373, 0.397641
0.477664, 0.796724, 0.370225
-0.467442, 0.467654, 0.750199
-0.466542, 0.480722, 0.742459
-0.565437, 0.333962, 0.754155
-0.546314, 0.234711, 0.804022
-0.531358, 0.0998203, 0.841246
-0.504492, 0.00346081, 0.86341
-0.405941, -0.122636, 0.905634
-0.298937, -0.174825, 0.938122
-0.00775347, -0.183024, 0.983078
0.318228, -0.183134, 0.930158
0.429635, -0.372843, 0.822437
0.56508, -0.661862, 0.492568
0.536904, -0.807801, 0.243292
0.493044, -0.484378, 0.722693
-0.723458, 0.0642818, 0.687369
-0.745048, -0.139893, 0.652176
-0.636163, 0.0645396, 0.76885
-0.185628, 0.408257, 0.893794
0.0136244, 0.475275, 0.879732
0.0274627, 0.452483, 0.89135
-0.0321386, 0.398369, 0.916662
-0.130768, 0.320156, 0.938296
-0.0756878, 0.384929, 0.919837
0.219685, 0.570371, 0.791464
0.455908, 0.624473, 0.634178
0.594238, 0.653274, 0.469164
0.689282, 0.670006, 0.275651
0.717819, 0.66296, 0.212651
0.717124, 0.650362, 0.250526
0.646719, 0.576423, 0.499491
0.717988, 0.573113, 0.395013
-0.34361, 0.825172, 0.448356
-0.25431, 0.843125, 0.473779
-0.321388, 0.856262, 0.404382
-0.217138, 0.866915, 0.448675
0.0146401, 0.911203, 0.411698
0.104221, 0.9008, 0.421542
0.152687, 0.89145, 0.426618
0.213626, 0.88324, 0.417435
0.406742, 0.834332, 0.372091
0.493277, 0.776088, 0.392894
0.378575, 0.822855, 0.423782
0.401835, 0.821744, 0.404062
0.451564, 0.80582, 0.383071
-0.55647, 0.387655, 0.734891
-0.629396, 0.342682, 0.697445
-0.656706, 0.256553, 0.709167
-0.654431, 0.0447743, 0.754795
-0.531414, -0.00646796, 0.847088
-0.378, 0.0134917, 0.925707
-0.19233, 0.0881659, 0.977362
0.0391109, 0.152714, 0.987496
0.266115, 0.112162, 0.957394
0.415074, 0.0562255, 0.908049
0.481331, -0.0073384, 0.876508
0.782593, -0.277933, 0.557047
0.705272, -0.52503, 0.476376
-0.493443, -0.0361292, 0.869028
-0.739581, -0.0685317, 0.66957
-0.371975, 0.269805, 0.888166
-0.0323875, 0.426911, 0.903714
0.0073489, 0.422936, 0.90613
-0.0445501, 0.374508, 0.926153
-0.136152, 0.305085, 0.942542
-0.078331, 0.359588, 0.929818
0.202399, 0.573718, 0.793651
0.400429, 0.689716, 0.603282
0.533987, 0.723781, 0.437034
0.668417, 0.69588, 0.262621
0.708949, 0.674762, 0.205153
0.71407, 0.654056, 0.24963
0.704308, 0.640841, 0.305405
0.688179, 0.61902, 0.378449
-0.2697, 0.862986, 0.42722
-0.176461, 0.887343, 0.426009
-0.0330738, 0.90155, 0.431409
0.090669, 0.902675, 0.420663
0.157007, 0.892754, 0.422302
0.259367, 0.875352, 0.408028
0.374207, 0.837919, 0.397317
0.426939, 0.812501, 0.396944
0.436817, 0.801105, 0.409172
-0.689552, 0.286546, 0.665138
-0.728361, 0.268849, 0.630247
-0.7093, 0.226813, 0.66742
-0.5385, 0.172712, 0.824735
-0.320848, 0.130015, 0.938164
-0.157195, 0.183949, 0.970285
0.0150977, 0.214764, 0.976549
0.203662, 0.197574, 0.958899
0.33919, 0.142425, 0.929874
0.422552, 0.0883065, 0.902027
0.658444, 0.0628921, 0.749998
0.801554, -0.152632, 0.578112
-0.188203, -0.211957, 0.958986
-0.643257, 0.109123, 0.757834
-0.166562, 0.385208, 0.907674
-0.0338333, 0.393224, 0.91882
-0.0657701, 0.337748, 0.938936
-0.130905, 0.274768, 0.952558
-0.05047, 0.366299, 0.929127
0.255672, 0.607654, 0.751923
0.44106, 0.731193, 0.520406
0.522247, 0.772756, 0.360703
0.616552, 0.745704, 0.252565
0.644446, 0.733446, 0.216208
0.659743, 0.695498, 0.284643
0.69493, 0.675429, 0.246716
-0.732727, 0.272091, 0.62376
-0.737041, 0.275314, 0.617229
-0.710681, 0.356842, 0.606297
-0.634669, 0.357124, 0.685316
-0.414624, 0.140353, 0.899104
-0.107783, 0.187762, 0.976283
0.0422067, 0.223337, 0.973827
0.164775, 0.248134, 0.954609
0.279719, 0.23051, 0.931999
0.399066, 0.214235, 0.891544
0.651852, 0.208705, 0.729062
0.708229, 0.174461, 0.684087
-0.117384, -0.213521, 0.969861
-0.424105, 0.25325, 0.869482
-0.103963, 0.340436, 0.934503
-0.121594, 0.283636, 0.951191
-0.153738, 0.240482, 0.958401
-0.00442088, 0.381894, 0.924195
0.340949, 0.642212, 0.686525
0.508085, 0.749499, 0.424382
0.584315, 0.755716, 0.295753
0.607531, 0.750895, 0.258965
0.593888, 0.76441, 0.250945
0.608804, 0.716869, 0.339789
0.638704, 0.716437, 0.28067
-0.717793, 0.135791, 0.682887
-0.70246, -0.0228177, 0.711358
-0.752355, 0.0892301, 0.652687
-0.611372, 0.118542, 0.782414
-0.0890849, 0.224376, 0.970422
0.0859888, 0.273918, 0.957901
0.208283, 0.304453, 0.929476
0.293973, 0.31869, 0.90112
0.422164, 0.318179, 0.848846
0.623332, 0.356954, 0.695731
0.481743, 0.153159, 0.862824
-0.0718543, -0.0927784, 0.993091
-0.190065, 0.20936, 0.959189
-0.189227, 0.214514, 0.958215
-0.169438, 0.239325, 0.956041
0.0629449, 0.459866, 0.885754
0.421858, 0.699761, 0.576516
0.570164, 0.750386, 0.334417
0.612622, 0.745128, 0.263587
0.562156, 0.779008, 0.277718
0.586592, 0.752349, 0.299802
0.592286, 0.683475, 0.426684
0.600222, 0.723871, 0.340214
-0.684048, -0.0498522, 0.727731
-0.664722, -0.07682, 0.743131
-0.553304, -0.117559, 0.824642
-0.357725, 0.261562, 0.896448
0.0211083, 0.341001, 0.939826
0.139025, 0.378128, 0.915255
0.222795, 0.384888, 0.89567
0.300923, 0.400145, 0.865638
0.480758, 0.425393, 0.766755
0.477212, 0.360226, 0.801565
0.164456, 0.0601187, 0.984551
-0.0416637, 0.0381315, 0.998404
-0.0883232, 0.124545, 0.988275
-0.0665745, 0.289853, 0.954753
0.195445, 0.58342, 0.788304
0.485646, 0.751091, 0.447226
0.591684, 0.759293, 0.270893
0.58787, 0.768754, 0.251843
0.55256, 0.781565, 0.289538
0.599107, 0.712086, 0.366066
0.58649, 0.733548, 0.343419
0.590983, 0.719792, 0.364195
-0.663586, 0.252215, 0.704302
-0.534075, 0.518432, 0.667826
-0.179253, 0.538966, 0.823034
0.0152561, 0.472758, 0.88106
0.138437, 0.471736, 0.870804
0.230641, 0.492815, 0.83901
0.366432, 0.485003, 0.79404
0.377847, 0.418991, 0.825638
0.185338, 0.225638, 0.956419
0.0285869, 0.181063, 0.983056
0.0161922, 0.289517, 0.957036
0.133106, 0.527926, 0.838795
0.355627, 0.751915, 0.555115
0.522091, 0.792243, 0.315866
0.581977, 0.78144, 0.225063
0.552344, 0.797273, 0.243459
0.566914, 0.753458, 0.333031
0.44604, 0.776653, 0.444813
0.535016, 0.760245, 0.368491
-0.56585, 0.653707, 0.502475
-0.702175, 0.608764, 0.369265
-0.410287, 0.772172, 0.485196
-0.133472, 0.627181, 0.767352
0.160059, 0.482203, 0.861313
0.257987, 0.449115, 0.855417
0.192127, 0.451969, 0.871098
0.114633, 0.434411, 0.89339
0.143812, 0.5304, 0.83546
0.196657, 0.709876, 0.676315
0.292445, 0.832023, 0.471396
0.445662, 0.842962, 0.30133
0.517617, 0.828249, 0.214655
0.512933, 0.833313, 0.206129
0.535498, 0.794565, 0.286196
0.559837, 0.782598, 0.272255
0.524397, 0.779706, 0.342151
0.508236, 0.767713, 0.390273
-0.571907, 0.710713, 0.409646
-0.425056, 0.792056, 0.43815
-0.74972, 0.457263, 0.478362
-0.757151, -0.00216906, 0.653237
-0.248528, 0.15606, 0.95597
0.166044, 0.630124, 0.758534
0.248311, 0.800613, 0.545308
0.285215, 0.872223, 0.397341
0.357089, 0.881597, 0.308665
0.431319, 0.870629, 0.236576
0.480377, 0.849219, 0.219239
0.468267, 0.852745, 0.231412
0.486706, 0.84033, 0.238669
0.522455, 0.819397, 0.235858
0.524768, 0.814797, 0.246422
-0.837055, 0.194294, 0.511458
-0.833942, -0.344771, 0.430899
-0.754839, -0.169485, 0.633635
0.826275, 0.186285, 0.53157
0.517924, 0.842875, 0.146004
0.465667, 0.868775, 0.168476
0.34368, 0.867437, 0.359773
0.359297, 0.878295, 0.315443
0.423829, 0.868997, 0.25537
0.46012, 0.857778, 0.229142
0.47434, 0.851015, 0.225334
-0.857676, -0.290115, 0.424529
-0.87833, -0.234418, 0.416635
-0.617548, -0.211662, 0.757518
0.351855, 0.513236, 0.782807
0.656785, 0.688744, 0.307025
0.492036, 0.856243, 0.157317
0, 0, 0
-0.87833, -0.234418, 0.416635
-0.87833, -0.234418, 0.416635
