-0.40873, -0.807416, 0.425464
-0.40873, -0.807416, 0.425464
0, 0, 0
0, 0, 0
0.347986, -0.895273, 0.278194
-0.40873, -0.807416, 0.425464
0.347986, -0.895273, 0.278194
0, 0, 0
0, 0, 0
0, 0, 0
0, 0, 0
0, 0, 0
0.777286, -0.618364, 0.115987
0.895205, -0.444153, -0.0365554
0.823982, -0.563826, 0.0561601
0, 0, 0
0, 0, 0
0.461295, -0.154194, 0.873745
0.461295, -0.154194, 0.873745
0, 0, 0
0, 0, 0
0, 0, 0
0, 0, 0
0.976355, -0.187649, -0.107326
0.981947, 0.0833763, -0.16979
0.892485, -0.447306, -0.0582059
0.934256, -0.354255, -0.0408391
-0.58577, 0.392493, 0.7091
-0.608168, 0.512387, 0.606293
0.461295, -0.154194, 0.873745
0.172091, -0.115044, 0.97834
0.974745, -0.189251, -0.118563
0.97328, -0.212902, -0.0860157
0.966027, -0.257413, -0.0230351
0.19544, -0.838646, 0.508405
-0.812424, -0.401708, 0.422608
-0.58577, 0.392493, 0.7091
-0.58577, 0.392493, 0.7091
-0.769628, 0.522933, 0.366352
-0.80753, 0.576167, 0.126197
-0.815467, 0.556771, 0.158178
0.626396, -0.584561, 0.515672
0.497725, -0.633326, 0.592594
0.606112, -0.652687, 0.454564
-0.812424, -0.401708, 0.422608
0.677543, -0.611154, 0.409178
-0.58577, 0.392493, 0.7091
-0.769628, 0.522933, 0.366352
-0.817483, 0.533484, 0.217063
-0.890358, 0.409709, 0.1985
-0.923409, -0.063895, 0.378461
0.973212, -0.211966, -0.0890476
0.661895, -0.704435, 0.256254
0.187212, -0.915342, 0.356513
0.0557642, -0.917367, 0.394118
0.133625, -0.920531, 0.367107
0.219107, -0.916457, 0.334813
-0.195407, -0.693341, 0.693609
0.842001, -0.412987, 0.347098
0.982462, -0.0981788, -0.158522
0.651126, -0.748287, 0.126891
0.550438, -0.820608, 0.153693
-0.938249, 0.0663194, 0.339543
-0.903902, -0.220083, 0.366776
-0.937759, 0.01845, 0.346796
0.778005, -0.505161, 0.373524
0.463074, -0.851389, 0.246374
0.123168, -0.919172, 0.374102
-0.0388527, -0.905797, 0.421926
0.0825415, -0.919953, 0.383241
0.35107, -0.893707, 0.27935
0.365781, -0.861432, 0.352333
-0.227488, -0.767794, 0.598951
-0.645885, -0.61848, 0.447566
0.0462062, -0.58965, 0.806336
0.23395, -0.9239, 0.302782
0.524094, -0.834495, 0.170127
0.576145, -0.805771, 0.13708
0.76761, -0.634485, 0.0905799
-0.895207, -0.202436, 0.39702
-0.757544, -0.484955, 0.436974
-0.90756, 0.112394, 0.404602
-0.158847, 0.710924, 0.685094
0.672711, -0.481939, 0.561422
0.119121, -0.696797, 0.707307
-0.33706, -0.641319, 0.689276
-0.127629, -0.749547, 0.64953
0.276887, -0.829185, 0.485577
0.599907, -0.761536, 0.245305
0.210406, -0.902765, 0.375159
-0.793181, 0.160682, 0.587406
-0.558912, 0.257669, 0.788178
0.643895, -0.443024, 0.623801
0.893116, -0.396416, 0.2126
0.792479, -0.60012, 0.108778
0.888006, -0.459377, 0.0204304
0.989132, -0.110778, -0.0966741
-0.928283, 0.0286573, 0.370768
-0.930725, 0.118861, 0.345865
-0.758564, 0.54577, 0.355972
-0.0728299, 0.974932, 0.210248
0.144977, 0.970887, 0.190683
-0.10311, 0.963802, 0.245874
-0.365064, 0.898237, 0.244742
-0.2853, 0.929709, 0.232904
0.0299663, 0.971658, 0.234485
0.714615, 0.67979, 0.164958
0.992507, -0.0232521, 0.119954
0.540057, 0.72875, 0.421025
-0.601296, 0.663722, 0.444879
-0.0427232, 0.863252, 0.502962
0.82397, 0.560619, 0.0823457
0.94884, 0.292126, -0.119855
0.946378, 0.253935, -0.199716
0.9642, 0.200499, -0.173544
-0.87746, 0.380476, 0.292066
-0.863802, 0.44488, 0.236491
-0.588327, 0.799182, 0.123204
-0.0154111, 0.9995, -0.027601
0.206576, 0.97485, -0.0836243
0.162107, 0.984123, -0.0722774
-0.0748486, 0.995451, -0.0589521
-0.127268, 0.988983, -0.0756016
-0.0972835, 0.992402, -0.075324
0.0337312, 0.99356, -0.108171
0.140231, 0.985813, -0.0922386
0.0309844, 0.99913, 0.0279234
-0.141703, 0.986597, 0.0809104
0.173171, 0.983864, -0.0449719
0.496787, 0.849106, -0.179505
0.719289, 0.650291, -0.244428
0.858805, 0.447154, -0.250015
0.844411, 0.493909, -0.207423
0.771656, 0.635761, -0.0188411
-0.111219, 0.853022, 0.509886
-0.111219, 0.853022, 0.509886
0.45962, 0.859622, 0.22316
-0.540059, 0.379084, 0.751419
0.0526544, -0.192028, 0.979976
0.0526544, -0.192028, 0.979976
-0.856296, 0.376878, 0.353157
-0.784862, 0.55471, 0.276204
-0.41857, 0.905614, 0.068275
-0.168663, 0.98561, -0.0112148
0.0310365, 0.993619, -0.108434
0.204062, 0.964751, -0.166175
0.29444, 0.935926, -0.193253
-0.00126086, 0.994734, -0.102487
-0.0637704, 0.994201, -0.0865877
0.0256835, 0.995395, -0.0923567
0.068532, 0.99598, -0.0576774
0.00993096, 0.999935, 0.00558435
0.0210212, 0.999548, 0.0214956
0.183919, 0.98167, -0.0499845
0.481737, 0.861099, -0.162598
0.709661, 0.665768, -0.230507
0.81232, 0.533616, -0.235351
0.810141, 0.577888, -0.0985725
0.651847, 0.738845, 0.17089
0.73684, 0.661917, 0.137597
0.811332, 0.575557, 0.102343
0.907685, 0.204173, 0.366635
0.559693, 0.471408, 0.681556
-0.636668, 0.498293, 0.588521
0.459619, 0.859622, 0.22316
0.45962, 0.859622, 0.22316
-0.540059, 0.379084, 0.751419
-0.540059, 0.379084, 0.751419
0.606945, -0.623014, 0.493428
-0.244605, -0.42958, 0.869269
-0.878222, 0.109466, 0.465557
-0.834463, 0.370361, 0.408048
-0.238122, 0.944793, 0.225088
0.416324, 0.901489, -0.118284
0.527924, 0.824653, -0.203087
0.269475, 0.947707, -0.170979
0.249555, 0.951497, -0.179933
0.651847, 0.738845, 0.17089
0.73684, 0.661917, 0.137597
0.811332, 0.575557, 0.102343
0.915733, 0.228273, 0.330644
0.851979, -0.160929, 0.49823
0.823861, 0.53789, 0.178681
0.289458, 0.848402, 0.443202
-0.111219, 0.853022, 0.509886
-0.533907, 0.109911, 0.838369
-0.793727, -0.0627373, 0.60503
0.380926, -0.70197, 0.601775
-0.191681, -0.259772, 0.946455
-0.557197, 0.746451, 0.363787
0.312497, 0.948515, -0.0516317
0.602511, 0.780106, -0.168567
0.518074, 0.839447, -0.164101
0.811332, 0.575557, 0.102343
0.915733, 0.228273, 0.330644
0.907685, 0.204173, 0.366635
0.907685, 0.204173, 0.366635
-0.783722, 0.309237, 0.538657
-0.698932, 0.600179, 0.388947
0.0645988, 0.973826, 0.217921
0.334018, 0.930598, 0.149728
0.477286, 0.873361, -0.0971485
0.241965, 0.970192, 0.0134559
0.464893, 0.87827, -0.111877
-0.736399, 0.480737, 0.476034
-0.756742, 0.350117, 0.552051
-0.319014, 0.861539, 0.394942
0.299439, 0.949623, 0.0924739
0.410019, 0.91169, 0.0265726
-0.756742, 0.350117, 0.552051
