-0.481171, 0.557073, 0.676863
-0.697097, -0.0896823, 0.711346
-0.588102, -0.694637, 0.414266
-0.898241, 0.0155608, 0.439228
-0.231228, 0.951409, 0.203357
0.907097, 0.321124, -0.272129
0.907097, 0.321124, -0.272129
0.977682, 0.0352686, -0.207111
0.638461, 0.708587, 0.300455
0.638461, 0.708587, 0.300455
0.638461, 0.708587, 0.300455
0, 0, 0
0.508239, 0.278054, 0.815094
0.0158296, 0.488378, 0.872489
-0.481171, 0.557073, 0.676863
-0.697097, -0.0896823, 0.711346
-0.588102, -0.694637, 0.414266
-0.571081, -0.625225, 0.53194
-0.898241, 0.0155608, 0.439228
-0.231228, 0.951409, 0.203357
0.754037, 0.577782, -0.312404
0.977682, 0.0352686, -0.207111
0.731988, 0.60269, 0.317741
0.638461, 0.708587, 0.300455
0.638461, 0.708586, 0.300455
0.638461, 0.708587, 0.300455
0, 0, 0
0.508239, 0.278054, 0.815094
0.508239, 0.278054, 0.815094
0.0158296, 0.488378, 0.872489
-0.208197, -0.606238, 0.767548
0.0630186, -0.879194, 0.472278
-0.553832, -0.572671, 0.604415
0.780389, 0.623189, 0.0512616
0.00479157, 0.77366, 0.633582
0.731988, 0.60269, 0.317741
0.638461, 0.708587, 0.300455
0.638461, 0.708587, 0.300455
-0.243693, -0.107859, 0.963836
-0.243693, -0.107859, 0.963836
-0.467131, 0.0591414, 0.882208
0.0144125, 0.0868324, 0.996119
0.0463566, -0.474373, 0.879103
0.00479157, 0.77366, 0.633582
0.00479157, 0.77366, 0.633582
-0.705934, -0.583087, 0.402078
-0.705934, -0.583087, 0.402078
0.904507, 0.414557, 0.100048
0.904507, 0.414557, 0.100048
-0.762217, -0.504484, 0.405612
-0.816157, -0.414338, 0.402755
-0.757288, -0.347098, 0.553207
-0.833934, 0.0169237, 0.551605
0.625565, 0.375045, 0.684113
-0.605601, -0.683025, 0.408319
-0.705934, -0.583087, 0.402078
0.460756, -0.644348, 0.610344
0.904507, 0.414557, 0.100048
0.904507, 0.414557, 0.100048
-0.632417, -0.640766, 0.435279
-0.699859, -0.589059, 0.403988
-0.824909, -0.341891, 0.45015
0.937104, 0.302705, -0.173796
0.950188, 0.2337, -0.206223
0.590564, -0.765822, 0.254462
0.327055, -0.899309, 0.290308
-0.453946, -0.790596, 0.410963
-0.58681, -0.690379, 0.423122
-0.692026, -0.601071, 0.399767
-0.387524, -0.829594, 0.401994
0.982727, -0.11194, 0.147364
0.993757, 0.0834027, 0.0740999
-0.807724, -0.36856, 0.460159
-0.539741, -0.726647, 0.425045
-0.41827, -0.776647, 0.471031
0.981488, 0.178571, 0.0692366
0.997371, 0.0704199, -0.0171038
0.261205, -0.863113, 0.432214
0.200452, -0.919307, 0.338664
0.44752, -0.862433, 0.236505
0.423917, -0.854621, 0.299862
0.205825, -0.922228, 0.327309
-0.073263, -0.93109, 0.357356
-0.758579, -0.517652, 0.39572
-0.695816, -0.561633, 0.447669
0.877697, -0.398461, 0.266228
0.997646, -0.0604984, -0.0323
0.999534, -0.0270247, -0.0141826
-0.928741, 0.015447, 0.370406
-0.8855, -0.213436, 0.412716
-0.874562, -0.109304, 0.472433
-0.558015, 0.657488, 0.50629
0.545477, 0.8146, 0.197186
0.598518, -0.41904, 0.682775
-0.248024, -0.674648, 0.695222
-0.066687, -0.79158, 0.607416
0.319775, -0.853166, 0.41213
0.505054, -0.823409, 0.258683
0.415336, -0.86338, 0.286482
-0.054787, -0.932313, 0.357479
-0.475833, -0.721215, 0.50342
-0.726657, 0.285325, 0.624947
0.852043, 0.41897, 0.313827
0.998754, 0.009752, -0.0489421
0.99093, 0.0553468, -0.122454
0.970601, 0.179761, -0.160062
-0.922701, 0.199377, 0.329957
-0.919929, 0.243464, 0.307336
-0.652292, 0.708213, 0.270091
-0.0609676, 0.99291, 0.102043
0.032249, 0.995047, 0.0940283
-0.140909, 0.971739, 0.189387
-0.411681, 0.871065, 0.267888
-0.358627, 0.878743, 0.314955
0.0573886, 0.912315, 0.405447
0.896949, 0.303077, 0.321911
0.915002, -0.266461, 0.302935
0.51847, -0.43614, 0.735507
-0.485236, 0.185855, 0.854402
-0.144607, 0.81529, 0.560705
0.684659, 0.724989, 0.0750452
0.90655, 0.401103, -0.131469
0.933475, 0.301064, -0.194899
0.921809, 0.329948, -0.203477
-0.856411, 0.415308, 0.306723
-0.815583, 0.53632, 0.217221
-0.564314, 0.818695, 0.106245
-0.179342, 0.98378, -0.0037374
0.0645765, 0.994219, -0.0857757
0.0394548, 0.996019, -0.0799357
-0.188671, 0.981328, -0.0373917
-0.214176, 0.97598, -0.0399025
-0.142623, 0.988647, -0.0472924
0.0532455, 0.996681, -0.061573
0.285332, 0.956908, -0.0539756
0.181869, 0.981, 0.0675494
-0.149942, 0.964473, 0.217506
0.133524, 0.989851, 0.0486487
0.510188, 0.849037, -0.137277
0.708651, 0.666107, -0.232627
0.853982, 0.454578, -0.253128
0.843705, 0.485488, -0.229048
0.861316, 0.506055, 0.0452051
-0.495152, 0.800469, 0.33775
-0.495152, 0.800469, 0.33775
-3.23198e-05, 0.99061, 0.136717
0, 0, 0
0, 0, 0
0, 0, 0
-0.522694, -0.109086, 0.845512
-0.100846, -0.546673, 0.831251
-0.577579, -0.192334, 0.793354
-0.872884, 0.301366, 0.383734
-0.772456, 0.558362, 0.302561
-0.352176, 0.931899, 0.0868111
-0.00260275, 0.99939, -0.0348226
0.0909399, 0.988059, -0.124379
0.0856194, 0.987305, -0.133781
-0.0701247, 0.994829, -0.0734669
-0.181907, 0.982438, -0.041548
-0.125469, 0.990438, -0.0573634
-0.195415, 0.977505, -0.0793572
-0.122996, 0.989756, -0.0724872
-0.177208, 0.983818, -0.0264538
-0.0536096, 0.996742, -0.0602538
0.306424, 0.937281, -0.166158
0.561733, 0.794297, -0.231404
0.673301, 0.706388, -0.218364
0.80746, 0.53896, -0.239856
0.867809, 0.493569, -0.0574176
0.813512, 0.488187, 0.316025
0.744525, 0.562426, 0.359664
0.0976376, 0.910953, 0.40079
-0.830975, 0.352807, 0.430125
-3.23198e-05, 0.99061, 0.136717
-3.23198e-05, 0.99061, 0.136717
0, 0, 0
0, 0, 0
0, 0, 0
-0.713331, 0.12252, 0.690034
-0.522694, -0.109086, 0.845512
0.358279, -0.782187, 0.509725
-0.7279, 0.0020941, 0.68568
-0.822265, 0.38198, 0.421866
-0.333226, 0.896742, 0.291229
0.507453, 0.85385, -0.115895
0.609926, 0.770043, -0.187145
0.272107, 0.949853, -0.154066
-0.159314, 0.9843, -0.0759739
-0.165333, 0.984443, -0.0594781
-0.118113, 0.991577, -0.0531438
0.0258064, 0.995934, -0.0863094
0.282448, 0.946056, -0.158749
0.43904, 0.875684, -0.201053
0.813512, 0.488187, 0.316025
0.744525, 0.562426, 0.359664
0.666475, 0.629818, 0.398924
0.369412, 0.929187, 0.012086
-0.193122, 0.950809, 0.242211
-0.713331, 0.12252, 0.690034
-0.822537, 0.34014, 0.455783
-0.317058, -0.149754, 0.936508
0.240436, -0.338167, 0.909854
-0.295789, 0.880217, 0.371116
0.367025, 0.927984, -0.0643314
0.597015, 0.786224, -0.159454
0.572684, 0.805087, -0.154494
0.540545, 0.813518, 0.214473
0.540545, 0.813518, 0.214473
-0.627565, 0.366769, 0.686762
-0.499582, 0.7676, 0.401507
0.383812, 0.922778, 0.0341925
0.543227, 0.832354, -0.109956
0.333298, 0.942765, 0.0102822
0.48704, 0.866031, -0.113058
-0.499582, 0.7676, 0.401507
-0.0661745, 0.966228, 0.249048
0.165723, 0.978053, 0.126289
0.466702, 0.883592, -0.0381419
