0.0546914, 0.0198877, -0.0460787
0.0646871, 0.0199037, -0.0501218
0.0546513, 0.033122, -0.0423851
0.0644634, 0.0330581, -0.0326581
0.0743197, 0.0330309, -0.0285196
0.0842686, 0.0330465, -0.0308881
0.094325, 0.0330965, -0.0384955
0.104137, 0.0330592, -0.032824
0.114684, 0.0332417, -0.0606112
0.0547379, 0.0464443, -0.0503697
0.0645192, 0.0463215, -0.0370188
0.0743555, 0.0462656, -0.0309429
0.0842444, 0.0462518, -0.0294423
0.0941569, 0.0462525, -0.0295157
0.104126, 0.046278, -0.0322948
0.114545, 0.0464822, -0.0544939
0.0646078, 0.0596379, -0.0439286
0.0744133, 0.0595306, -0.034853
0.0843002, 0.0595061, -0.0327778
0.0942392, 0.0595195, -0.0339136
0.104242, 0.0595665, -0.0378923
0.114297, 0.0596332, -0.0435324
0.0647157, 0.0730126, -0.0523582
0.0745715, 0.0729143, -0.0455575
0.0844072, 0.0728219, -0.0391622
0.0938113, 0.0724157, -0.0110536
0.103741, 0.0724539, -0.0136986
0.114428, 0.0729684, -0.0492964
-0.324635, 0.0865692, -0.0688472
-0.314238, 0.0864569, -0.0622692
0.0746957, 0.086315, -0.0539613
0.084544, 0.0862017, -0.047328
0.0921502, 0.0840668, 0.0776753
0.101659, 0.0839088, 0.0869303
0.113338, 0.0854139, -0.00119686
-0.324201, 0.0997542, -0.062078
-0.313597, 0.0995545, -0.0519423
-0.303656, 0.0995594, -0.0521903
0.0825355, 0.0971007, 0.0725775
0.0919919, 0.0968336, 0.0861301
0.10158, 0.0967427, 0.0907412
0.111252, 0.096741, 0.0908303
0.123202, 0.0985619, -0.00157547
-0.334322, 0.113104, -0.0642867
-0.323883, 0.112944, -0.0571103
-0.31352, 0.112801, -0.0507116
-0.303451, 0.112758, -0.0487847
-0.29436, 0.113087, -0.0635438
0.0728808, 0.110131, 0.0688381
0.0823668, 0.109822, 0.0826507
0.0919213, 0.10966, 0.0898995
0.101555, 0.109614, 0.0919571
0.11125, 0.109638, 0.0909162
0.120998, 0.109705, 0.0879045
0.133158, 0.111787, -0.00532436
-0.334379, 0.126432, -0.0651402
-0.323761, 0.126184, -0.0552063
-0.313628, 0.126115, -0.052454
-0.303638, 0.126101, -0.0518928
-0.293692, 0.126105, -0.0520597
-0.284099, 0.126266, -0.0585055
0.0728423, 0.123022, 0.0714436
0.0823191, 0.122672, 0.0855002
0.0919086, 0.122545, 0.0905795
0.101566, 0.122524, 0.0914268
0.111287, 0.122577, 0.0892777
0.121065, 0.122679, 0.0851984
0.133376, 0.125143, -0.0135174
0.144329, 0.126081, -0.0510807
-0.344533, 0.13981, -0.0676775
-0.334181, 0.139657, -0.0621371
-0.323992, 0.139566, -0.0588174
-0.313946, 0.139531, -0.05757
-0.303951, 0.139518, -0.0571008
-0.293984, 0.139518, -0.0570812
0.0727634, 0.135825, 0.0767808
0.0823322, 0.135606, 0.0847139
0.0919718, 0.135537, 0.0872045
0.101708, 0.135611, 0.0845294
0.111494, 0.135732, 0.0801497
0.12272, 0.137446, 0.0180082
0.134203, 0.139174, -0.0446091
0.144249, 0.139274, -0.0482545
0.154369, 0.13943, -0.0539007
-0.354538, 0.153134, -0.0679417
-0.34429, 0.153018, -0.0641098
-0.33412, 0.15293, -0.0612159
-0.324239, 0.152974, -0.062664
-0.31452, 0.1531, -0.066823
-0.150547, 0.148928, 0.0712376
-0.140702, 0.148788, 0.0758796
-0.130936, 0.148717, 0.0782118
-0.121302, 0.148796, 0.0755925
-0.111648, 0.148864, 0.0733466
-0.101909, 0.148819, 0.0748463
-0.092213, 0.148835, 0.0743208
-0.0825015, 0.148826, 0.0746088
-0.072811, 0.148858, 0.0735612
0.0727308, 0.148694, 0.0789871
0.0823416, 0.148538, 0.0841556
0.0920263, 0.148534, 0.0842948
0.10186, 0.148748, 0.0771952
0.113541, 0.151388, -0.0101838
0.124308, 0.152484, -0.0464444
0.134219, 0.152446, -0.0451908
0.144245, 0.152535, -0.0481215
0.154231, 0.152573, -0.0493784
-0.364496, 0.166436, -0.067543
-0.354122, 0.166254, -0.061996
-0.344042, 0.166204, -0.0604663
-0.334232, 0.166284, -0.0629106
-0.324471, 0.166395, -0.0662932
-0.160201, 0.161819, 0.0730519
-0.150285, 0.161596, 0.0798244
-0.140532, 0.161531, 0.0818133
-0.130885, 0.161586, 0.0801301
-0.121225, 0.161633, 0.0787134
-0.111537, 0.161648, 0.0782442
-0.101838, 0.161647, 0.0782719
-0.092123, 0.161619, 0.0791278
-0.0823903, 0.16155, 0.0812492
-0.0726881, 0.161529, 0.0818763
-0.0630528, 0.161674, 0.0774679
-0.0534085, 0.161844, 0.0722799
-0.0437983, 0.162216, 0.0609622
0.0631109, 0.161823, 0.0729308
0.072661, 0.161469, 0.0837102
0.0823158, 0.161404, 0.0856962
0.0920693, 0.161525, 0.0819931
0.10189, 0.16173, 0.0757489
0.124449, 0.165932, -0.0521808
0.134278, 0.165775, -0.0473933
0.144213, 0.165762, -0.0470147
0.154243, 0.165853, -0.049768
0.164251, 0.16591, -0.0515118
-0.364613, 0.179809, -0.069169
-0.354035, 0.179511, -0.0607572
-0.344043, 0.1795, -0.0604687
-0.334263, 0.179604, -0.0633888
-0.324537, 0.179744, -0.067328
-0.179667, 0.174811, 0.0717416
-0.16978, 0.174631, 0.0768142
-0.15997, 0.174512, 0.0801549
-0.150233, 0.174464, 0.0815287
-0.140608, 0.174548, 0.0791397
-0.131022, 0.174696, 0.0749712
-0.121408, 0.174827, 0.0712814
-0.111725, 0.174874, 0.0699577
-0.101987, 0.174835, 0.0710506
-0.0921865, 0.174669, 0.0757341
-0.0823736, 0.174438, 0.0822415
-0.0726373, 0.17433, 0.0853095
-0.0629353, 0.174282, 0.0866404
-0.0532719, 0.174344, 0.0848899
-0.0436426, 0.17457, 0.0785208
-0.0339926, 0.174819, 0.0715117
0.0629998, 0.174461, 0.0816011
0.0726121, 0.174269, 0.0870209
0.0822724, 0.174224, 0.0882869
0.0919645, 0.174248, 0.0875945
0.101696, 0.174336, 0.0851293
0.111496, 0.174515, 0.0800838
0.121322, 0.174703, 0.0747805
0.134386, 0.179181, -0.0514703
0.144229, 0.179043, -0.0475745
0.154203, 0.179075, -0.0484672
0.164223, 0.179152, -0.0506516
0.174284, 0.179264, -0.0537996
-0.364749, 0.1932, -0.0710597
-0.3542, 0.192898, -0.0631218
-0.344116, 0.192838, -0.0615549
-0.334406, 0.19299, -0.0655494
-0.324592, 0.19309, -0.0681767
-0.189274, 0.187656, 0.0744629
-0.179385, 0.187465, 0.0794735
-0.169627, 0.187398, 0.0812449
-0.159991, 0.187464, 0.0794935
-0.150432, 0.187636, 0.0749931
-0.140844, 0.187793, 0.070879
-0.131163, 0.187838, 0.0696797
-0.0922178, 0.187671, 0.0740657
-0.0823977, 0.187414, 0.0808034
-0.0726417, 0.187254, 0.0850172
-0.062916, 0.187135, 0.0881486
-0.0532282, 0.187105, 0.0889158
-0.0435494, 0.187101, 0.0890355
0.0630116, 0.187419, 0.0806823
0.0726558, 0.18729, 0.0840583
0.082281, 0.187149, 0.08777
0.0919457, 0.187117, 0.0886002
0.101632, 0.187132, 0.0882263
0.111364, 0.187221, 0.0858784
0.121185, 0.187433, 0.0803232
0.131106, 0.187756, 0.0718303
0.143443, 0.191257, -0.0200605
0.15418, 0.19231, -0.0476956
0.164199, 0.192395, -0.0499296
0.174197, 0.192447, -0.0512795
0.184153, 0.192448, -0.0513124
-0.35446, 0.206352, -0.0668297
-0.34423, 0.206205, -0.06322
-0.334515, 0.206367, -0.0671973
-0.324628, 0.20643, -0.068737
-0.218459, 0.200658, 0.0729814
-0.208648, 0.200561, 0.0753665
-0.198786, 0.200402, 0.0792618
-0.189004, 0.200311, 0.0814967
-0.179365, 0.200372, 0.0800142
-0.169809, 0.200536, 0.0759716
-0.160226, 0.200687, 0.0722694
-0.150578, 0.20077, 0.0702338
-0.082451, 0.200469, 0.0776253
-0.0726788, 0.20027, 0.0825028
0.0727651, 0.200508, 0.0766687
0.0824081, 0.200365, 0.0801845
0.0920485, 0.200246, 0.0831065
0.101689, 0.20015, 0.0854702
0.111377, 0.200156, 0.0853052
0.121119, 0.20025, 0.0829959
0.130925, 0.200429, 0.0786095
0.140787, 0.200663, 0.0728736
0.151504, 0.202006, 0.0398951
0.16323, 0.20445, -0.0201173
0.1742, 0.205722, -0.0513449
0.184169, 0.205738, -0.0517445
0.194123, 0.205737, -0.0517268
-0.354605, 0.219755, -0.0689073
-0.344311, 0.219561, -0.0644207
-0.334562, 0.219712, -0.0679159
-0.324651, 0.219764, -0.069098
-0.237723, 0.213466, 0.07617
-0.228037, 0.213481, 0.07581
-0.218171, 0.213323, 0.0794621
-0.208362, 0.213208, 0.0821123
-0.198675, 0.213212, 0.0820141
-0.189149, 0.213398, 0.0777225
-0.179605, 0.213585, 0.0734272
-0.169953, 0.213655, 0.071806
0.101881, 0.213465, 0.0761881
0.111523, 0.213349, 0.0788579
0.121214, 0.213337, 0.0791459
0.130899, 0.213317, 0.0796037
0.140628, 0.213366, 0.0784698
0.150447, 0.213538, 0.0745015
0.160301, 0.213734, 0.0699692
0.172105, 0.21636, 0.0094018
0.184162, 0.219003, -0.0515623
0.194117, 0.219004, -0.0515823
0.204163, 0.219102, -0.0538349
-0.354696, 0.233134, -0.0702071
-0.344364, 0.232903, -0.0652027
-0.334588, 0.233047, -0.0683169
-0.324662, 0.233091, -0.0692782
-0.247455, 0.226429, 0.0755963
-0.237485, 0.226176, 0.0811081
-0.227607, 0.225993, 0.0850821
-0.217927, 0.225999, 0.0849595
-0.208367, 0.226134, 0.0820112
-0.198945, 0.226442, 0.0753307
-0.189323, 0.226541, 0.0731778
0.121369, 0.226555, 0.0728588
0.131033, 0.226477, 0.0745516
0.140678, 0.226378, 0.0767088
0.150334, 0.226309, 0.0782061
0.160074, 0.226367, 0.0769501
0.169939, 0.226585, 0.0722179
0.179795, 0.226768, 0.0682259
0.191824, 0.229533, 0.00809956
0.204025, 0.232223, -0.0504107
0.214092, 0.232348, -0.0531154
-0.354716, 0.246469, -0.0704927
-0.344377, 0.246221, -0.0653882
-0.334594, 0.246368, -0.0684013
-0.324674, 0.246419, -0.0694551
-0.24729, 0.239209, 0.0788774
-0.237227, 0.23884, 0.086453
-0.227409, 0.238699, 0.0893598
-0.217902, 0.238885, 0.0855327
-0.208635, 0.239364, 0.0756769
0.14081, 0.239539, 0.0720778
0.150444, 0.239416, 0.0746136
0.160082, 0.239315, 0.0766964
0.169751, 0.239268, 0.0776672
0.17954, 0.239387, 0.0752149
0.189433, 0.239624, 0.0703249
0.199265, 0.239766, 0.0674157
0.210287, 0.241259, 0.0366979
0.218865, 0.239941, 0.0638118
-0.354671, 0.259759, -0.0698457
-0.34435, 0.25951, -0.0649896
-0.334561, 0.259659, -0.0678983
-0.324691, 0.259753, -0.0697317
-0.247516, 0.252369, 0.0743828
-0.237401, 0.251936, 0.0828328
-0.227402, 0.251594, 0.0895166
-0.217719, 0.251587, 0.089654
-0.208313, 0.251913, 0.0832801
-0.198973, 0.252356, 0.0746427
0.160255, 0.252523, 0.0713763
0.169872, 0.252381, 0.0741582
0.17948, 0.252242, 0.0768661
0.189161, 0.252215, 0.0773878
0.198969, 0.252351, 0.074738
0.208797, 0.252499, 0.071847
0.218634, 0.252644, 0.0690212
0.228506, 0.252815, 0.0656762
0.238279, 0.252867, 0.0646653
-0.354569, 0.273002, -0.0683961
-0.344267, 0.272752, -0.0637698
-0.334464, 0.272896, -0.0664263
-0.324731, 0.273107, -0.0703468
-0.237668, 0.265153, 0.0773215
-0.227632, 0.264763, 0.0845585
-0.217777, 0.264559, 0.0883484
-0.208129, 0.264598, 0.0876145
-0.198585, 0.26478, 0.08425
-0.189205, 0.26521, 0.0762587
-0.179676, 0.265467, 0.0714836
0.173279, 0.270646, -0.0246534
0.180735, 0.267031, 0.04245
0.189201, 0.265204, 0.0763664
0.19874, 0.264987, 0.0804009
0.208433, 0.264985, 0.0804415
0.218277, 0.265166, 0.0770836
0.228277, 0.265513, 0.0706263
0.238169, 0.265712, 0.0669384
0.248026, 0.265858, 0.0642338
-0.36473, 0.286455, -0.0708013
-0.354332, 0.286127, -0.0650029
-0.344059, 0.285884, -0.0607057
-0.334168, 0.285954, -0.061944
-0.324463, 0.286193, -0.0661721
-0.314471, 0.286186, -0.0660377
-0.227943, 0.278058, 0.0778279
-0.217965, 0.277703, 0.0841122
-0.208092, 0.277455, 0.0885048
-0.198386, 0.277417, 0.0891757
-0.188812, 0.27757, 0.0864797
-0.179401, 0.27799, 0.0790367
-0.169887, 0.278291, 0.0737081
0.174371, 0.285636, -0.0563054
0.184005, 0.285125, -0.0472555
0.191692, 0.281803, 0.0115395
0.198852, 0.27807, 0.0776291
0.208324, 0.277765, 0.0830283
0.218124, 0.277906, 0.0805264
0.228083, 0.278229, 0.0748153
0.238, 0.278476, 0.0704446
0.24783, 0.278606, 0.0681405
-0.364748, 0.299793, -0.0710478
-0.35427, 0.299383, -0.0641098
-0.343895, 0.299039, -0.0582948
-0.33382, 0.298943, -0.0566735
-0.323901, 0.298986, -0.057394
-0.314108, 0.29915, -0.0601749
-0.304248, 0.299261, -0.0620494
-0.294343, 0.299332, -0.0632515
-0.284793, 0.299782, -0.070869
-0.228078, 0.291164, 0.0749183
-0.2181, 0.290799, 0.0810776
-0.208167, 0.290465, 0.0867314
-0.198335, 0.290246, 0.0904417
-0.18864, 0.290215, 0.0909681
-0.179065, 0.290376, 0.088243
-0.169621, 0.290778, 0.0814314
-0.160072, 0.29104, 0.077003
0.174329, 0.29885, -0.0551062
0.18395, 0.298297, -0.0457439
0.191713, 0.294943, 0.0109868
0.198828, 0.290968, 0.0782232
0.208323, 0.290683, 0.0830483
0.218133, 0.290844, 0.0803275
0.228076, 0.291161, 0.0749631
0.237993, 0.291421, 0.0705705
0.247887, 0.291632, 0.0670013
-0.354556, 0.312941, -0.0682044
-0.344224, 0.312629, -0.063139
-0.333952, 0.312353, -0.058681
-0.323888, 0.312262, -0.0571947
-0.313982, 0.312321, -0.0581517
-0.304017, 0.312323, -0.0581913
-0.294082, 0.312358, -0.0587645
-0.284175, 0.312426, -0.059865
-0.274424, 0.312678, -0.0639324
-0.264449, 0.312682, -0.0640035
-0.254816, 0.313108, -0.0708961
-0.218195, 0.303857, 0.0789146
-0.208187, 0.303404, 0.0862551
-0.198345, 0.303161, 0.0901904
-0.188552, 0.302972, 0.0932598
-0.178892, 0.302988, 0.0929885
-0.169329, 0.303179, 0.0899043
-0.15985, 0.303553, 0.0838461
-0.150453, 0.304142, 0.0742974
0.174252, 0.311994, -0.0528588
0.183888, 0.311449, -0.0440373
0.190523, 0.30614, 0.0419521
0.198742, 0.303768, 0.0803547
0.208314, 0.30359, 0.0832443
0.218126, 0.303761, 0.0804706
0.228095, 0.304126, 0.0745587
0.238057, 0.304454, 0.0692554
-0.344637, 0.326323, -0.0692101
-0.334429, 0.32611, -0.0659003
-0.324322, 0.325985, -0.0639596
-0.314176, 0.325812, -0.0612698
-0.304021, 0.325618, -0.0582585
-0.293952, 0.325506, -0.0565171
-0.283952, 0.325465, -0.0558915
-0.274033, 0.325518, -0.0567141
-0.264093, 0.325549, -0.0571833
-0.254186, 0.325624, -0.0583558
-0.244418, 0.325891, -0.0625024
-0.23442, 0.32586, -0.0620189
-0.2216, 0.32173, 0.00214005
-0.20819, 0.316319, 0.0861902
-0.198314, 0.316012, 0.0909619
-0.188518, 0.315808, 0.0941324
-0.178794, 0.315709, 0.0956674
-0.169159, 0.315764, 0.0948105
-0.159611, 0.315998, 0.0911818
-0.150116, 0.316374, 0.08533
-0.140676, 0.316925, 0.0767722
0.164685, 0.326044, -0.0648751
0.174173, 0.325123, -0.0505672
0.182857, 0.322883, -0.0157781
0.189111, 0.316801, 0.078701
0.19853, 0.316357, 0.085597
0.208139, 0.316242, 0.0873895
0.217932, 0.316405, 0.0848603
0.227899, 0.316796, 0.0787787
0.237927, 0.317236, 0.0719481
-0.324881, 0.339876, -0.0726972
-0.314613, 0.339582, -0.0683193
-0.304354, 0.33928, -0.0638013
-0.294094, 0.338956, -0.0589657
-0.28393, 0.338723, -0.0554914
-0.273867, 0.338599, -0.0536385
-0.263871, 0.338552, -0.0529356
-0.253893, 0.338524, -0.0525231
-0.243915, 0.338495, -0.0520887
-0.233957, 0.338491, -0.0520263
-0.224054, 0.33857, -0.0532088
-0.211243, 0.334059, 0.0141168
-0.198244, 0.328794, 0.0926962
-0.188482, 0.328636, 0.0950613
-0.17874, 0.328496, 0.0971498
-0.169044, 0.328428, 0.0981646
-0.159429, 0.328521, 0.0967765
-0.149876, 0.328761, 0.093195
-0.140384, 0.329176, 0.0870008
-0.130921, 0.329728, 0.0787573
-0.121463, 0.330381, 0.0690174
0.164556, 0.339085, -0.0608897
0.17412, 0.338291, -0.0490422
0.180604, 0.33192, 0.0460382
0.18884, 0.32926, 0.0857396
0.198309, 0.328903, 0.0910687
0.207948, 0.328847, 0.0919003
0.217713, 0.328989, 0.0897923
0.227701, 0.32944, 0.0830641
0.240814, 0.334191, 0.0121474
0.2537, 0.338267, -0.0486808
0.263785, 0.338441, -0.0512772
-0.304569, 0.352834, -0.0673785
-0.294435, 0.352657, -0.064837
-0.284096, 0.352213, -0.058455
-0.27389, 0.351907, -0.0540733
-0.263799, 0.351732, -0.0515552
-0.253753, 0.351606, -0.0497403
-0.243732, 0.351504, -0.0482788
-0.233704, 0.351385, -0.0465713
-0.223673, 0.35125, -0.0446315
-0.213608, 0.351046, -0.0417032
-0.198506, 0.342141, 0.0861902
-0.188422, 0.341414, 0.0966396
-0.178696, 0.341294, 0.0983558
-0.169006, 0.341231, 0.099267
-0.159309, 0.341146, 0.100478
-0.149701, 0.341255, 0.0989213
-0.140144, 0.341501, 0.095387
-0.130693, 0.342061, 0.0873456
-0.121275, 0.342803, 0.0766773
-0.112949, 0.347031, 0.0159683
-0.0147725, 0.347972, 0.00244617
-0.00492427, 0.34798, 0.00233173
0.00492806, 0.348248, -0.00151825
0.164616, 0.352511, -0.0627403
0.173059, 0.349414, -0.0182638
0.179231, 0.342316, 0.0836811
0.188598, 0.341734, 0.0920396
0.198135, 0.3415, 0.0953956
0.207809, 0.341515, 0.09518
0.217575, 0.341673, 0.0929108
0.227681, 0.342328, 0.0834999
0.240328, 0.346595, 0.0222178
0.252714, 0.350165, -0.0290537
0.262779, 0.350372, -0.0320287
0.27288, 0.350609, -0.0354252
0.283159, 0.351051, -0.0417695
0.293227, 0.35121, -0.0440526
-0.294905, 0.366549, -0.0729222
-0.284436, 0.365941, -0.0645099
-0.274119, 0.365492, -0.0582995
-0.263892, 0.365134, -0.0533381
-0.253775, 0.364905, -0.0501661
-0.243684, 0.364696, -0.0472851
-0.233599, 0.364481, -0.0442967
-0.223517, 0.364249, -0.0410972
-0.213388, 0.363917, -0.0364976
-0.200992, 0.359498, 0.0246615
-0.188534, 0.354508, 0.0937176
-0.17865, 0.354081, 0.0996323
-0.168951, 0.353992, 0.100864
-0.159285, 0.353967, 0.101211
-0.149602, 0.353896, 0.102188
-0.140009, 0.354046, 0.100111
-0.130504, 0.354455, 0.09445
-0.121061, 0.355111, 0.0853724
-0.111651, 0.35599, 0.0732083
-0.102714, 0.358684, 0.0359244
-0.093482, 0.360808, 0.00653362
-0.0836901, 0.361016, 0.00364733
-0.073861, 0.361098, 0.00251818
-0.0638377, 0.36011, 0.0161915
-0.0539093, 0.359396, 0.0260744
-0.0440598, 0.359005, 0.0314784
-0.0342461, 0.358768, 0.0347624
-0.0244504, 0.358606, 0.0370021
-0.0146688, 0.358569, 0.0375118
-0.00488981, 0.358585, 0.0372982
0.00489006, 0.358603, 0.0370483
0.014671, 0.358623, 0.0367689
0.0244691, 0.358881, 0.0332065
0.0342882, 0.35921, 0.0286484
0.0441254, 0.35954, 0.0240779
0.0539433, 0.359622, 0.0229411
0.0637562, 0.35965, 0.0225539
0.0738239, 0.360917, 0.00502586
0.164537, 0.365637, -0.0603032
0.170764, 0.357791, 0.0482855
0.178973, 0.354722, 0.0907617
0.188414, 0.354283, 0.0968299
0.198028, 0.354197, 0.0980277
0.207727, 0.354263, 0.0971098
0.217623, 0.354645, 0.0918207
0.227696, 0.35527, 0.0831742
0.237836, 0.355944, 0.0738406
0.247754, 0.356247, 0.069653
0.257532, 0.356334, 0.068449
0.26733, 0.356441, 0.0669751
0.27834, 0.358099, 0.0440254
0.289747, 0.360138, 0.0158072
0.302676, 0.363872, -0.0358796
0.313168, 0.364534, -0.0450387
0.32356, 0.365042, -0.0520649
-0.27467, 0.379544, -0.0684676
-0.264339, 0.379052, -0.0618916
-0.254018, 0.378536, -0.0550065
-0.243799, 0.378137, -0.0496712
-0.23358, 0.377703, -0.0438824
-0.223324, 0.377169, -0.0367532
-0.213141, 0.376714, -0.0306649
-0.202952, 0.376204, -0.0238571
-0.188662, 0.367648, 0.0903974
-0.178691, 0.36704, 0.0985155
-0.168916, 0.366789, 0.101867
-0.159228, 0.366707, 0.102963
-0.149562, 0.366668, 0.103479
-0.139927, 0.366704, 0.103002
-0.130374, 0.366977, 0.0993524
-0.120881, 0.367478, 0.0926714
-0.111433, 0.368215, 0.0828238
-0.102061, 0.369365, 0.0674706
-0.0925171, 0.370068, 0.0580778
-0.0828039, 0.370183, 0.0565519
-0.0730676, 0.370209, 0.0561976
-0.0633214, 0.370186, 0.0565004
-0.0535758, 0.370161, 0.0568447
-0.0438319, 0.370136, 0.0571728
-0.034091, 0.370131, 0.057241
-0.0243492, 0.370109, 0.057538
-0.0146081, 0.37007, 0.0580559
-0.00486889, 0.370034, 0.0585351
0.00486857, 0.37001, 0.0588617
0.0146057, 0.370011, 0.0588436
0.0243471, 0.370077, 0.0579638
0.0340947, 0.370171, 0.0567074
0.0438511, 0.370298, 0.0550089
0.0536244, 0.370496, 0.0523677
0.0634376, 0.370866, 0.0474243
0.0732809, 0.37129, 0.0417671
0.0831853, 0.371888, 0.0337815
0.0931049, 0.37242, 0.0266771
0.103101, 0.373129, 0.0172048
0.163381, 0.376271, -0.0247607
0.169416, 0.367874, 0.0873737
0.178784, 0.367233, 0.095942
0.188298, 0.36694, 0.0998464
0.197958, 0.366946, 0.0997782
0.207741, 0.36717, 0.0967817
0.217696, 0.367664, 0.0901871
0.227537, 0.367932, 0.0866003
0.237317, 0.368084, 0.0845718
0.247073, 0.368188, 0.0831904
0.256791, 0.368229, 0.0826368
0.26651, 0.368268, 0.0821152
0.276246, 0.368328, 0.0813141
0.286069, 0.368496, 0.0790749
0.29603, 0.368824, 0.0746884
0.306137, 0.369309, 0.068222
0.319215, 0.373237, 0.0157685
0.330837, 0.375278, -0.011487
-0.264894, 0.393176, -0.0725236
-0.254713, 0.39289, -0.0688314
-0.244233, 0.392102, -0.0586643
-0.233642, 0.39106, -0.0452209
-0.223146, 0.390092, -0.0327368
-0.212164, 0.388145, -0.00762081
-0.200195, 0.384113, 0.044404
-0.188671, 0.380568, 0.0901403
-0.178738, 0.380019, 0.0972228
-0.168931, 0.379692, 0.101446
-0.1592, 0.379508, 0.103816
-0.149523, 0.379435, 0.104759
-0.139883, 0.379453, 0.104528
-0.130281, 0.379584, 0.102836
-0.120727, 0.379888, 0.098918
-0.111251, 0.380511, 0.0908732
-0.101776, 0.381258, 0.0812411
-0.0922443, 0.381924, 0.0726476
-0.0825529, 0.38201, 0.0715418
-0.072843, 0.382021, 0.071394
-0.0631322, 0.38203, 0.0712719
-0.0534208, 0.38204, 0.0711479
-0.0437075, 0.382035, 0.0712066
-0.0339933, 0.38202, 0.0714073
-0.0242784, 0.381981, 0.0719137
-0.0145654, 0.381936, 0.0724959
-0.00485442, 0.38188, 0.0732155
0.00485361, 0.381816, 0.0740404
0.0145601, 0.381798, 0.0742731
0.0242694, 0.381839, 0.0737352
0.0339806, 0.381878, 0.0732446
0.0436927, 0.381906, 0.0728741
0.0534153, 0.382001, 0.0716534
0.0631716, 0.382269, 0.0681891
0.072943, 0.382545, 0.064631
0.0827332, 0.382844, 0.0607734
0.0925821, 0.383322, 0.0546055
0.102514, 0.38402, 0.0455976
0.112514, 0.38483, 0.0351577
0.122652, 0.385946, 0.0207562
0.132393, 0.385737, 0.0234523
0.142667, 0.387006, 0.00707817
0.159878, 0.381123, 0.0829744
0.169216, 0.380334, 0.0931611
0.178661, 0.379856, 0.0993252
0.18823, 0.379678, 0.101622
0.197926, 0.379761, 0.100555
0.207731, 0.380035, 0.097012
0.217502, 0.380226, 0.0945463
0.227253, 0.380366, 0.0927424
0.237002, 0.380494, 0.0910997
0.246719, 0.38056, 0.0902457
0.256428, 0.38061, 0.089592
0.266157, 0.380685, 0.0886316
0.27592, 0.380802, 0.0871148
0.285689, 0.380919, 0.0856075
0.295464, 0.381036, 0.0841022
0.305261, 0.381173, 0.082335
0.315119, 0.381375, 0.0797291
0.325289, 0.381932, 0.0725451
0.339264, 0.386794, 0.00981808
0.352852, 0.390954, -0.0438509
-0.244725, 0.406211, -0.0688601
-0.23354, 0.40414, -0.0430198
-0.222386, 0.401943, -0.0156031
-0.209452, 0.396172, 0.0564051
-0.198764, 0.394296, 0.079812
-0.188626, 0.393373, 0.0913334
-0.178715, 0.392851, 0.0978441
-0.168897, 0.392483, 0.102433
-0.159148, 0.392244, 0.105415
-0.149457, 0.392124, 0.106912
-0.139811, 0.392113, 0.107055
-0.130197, 0.392197, 0.106003
-0.1206, 0.392353, 0.104056
-0.111038, 0.392656, 0.100285
-0.101533, 0.39324, 0.0929956
-0.0920252, 0.393932, 0.0843525
-0.0824104, 0.394277, 0.080049
-0.072699, 0.39419, 0.0811377
-0.0629987, 0.394145, 0.0816932
-0.0533006, 0.394102, 0.0822415
-0.0436048, 0.394058, 0.0827847
-0.0339111, 0.394015, 0.0833244
-0.0242187, 0.393958, 0.0840349
-0.0145285, 0.393883, 0.0849638
-0.00484192, 0.393808, 0.0858994
0.00484085, 0.393721, 0.0869937
0.0145211, 0.393683, 0.0874662
0.0242021, 0.393688, 0.0874062
0.0338837, 0.393696, 0.0873041
0.0435658, 0.393705, 0.0871906
0.053254, 0.393757, 0.0865374
0.0629685, 0.393957, 0.0840449
0.0726952, 0.394169, 0.0813937
0.082437, 0.394405, 0.0784593
0.0922262, 0.394793, 0.0736141
0.102055, 0.395261, 0.0677676
0.111912, 0.395747, 0.0617108
0.121815, 0.396304, 0.0547566
0.131745, 0.396862, 0.0477982
0.1417, 0.397413, 0.0409212
0.150941, 0.396018, 0.0583301
0.15964, 0.393457, 0.0902891
0.16906, 0.392864, 0.0976868
0.178562, 0.392515, 0.102038
0.188164, 0.39241, 0.103354
0.19784, 0.392463, 0.102691
0.207511, 0.392502, 0.1022
0.217169, 0.392514, 0.102057
0.226837, 0.392541, 0.101719
0.236529, 0.392606, 0.100907
0.246224, 0.392671, 0.100097
0.255962, 0.392798, 0.0985112
0.265742, 0.392976, 0.0962882
0.275529, 0.393153, 0.0940824
0.285316, 0.393316, 0.0920391
0.295108, 0.393477, 0.0900335
0.304923, 0.393657, 0.087791
0.314768, 0.393863, 0.0852113
0.324663, 0.394118, 0.0820298
0.334754, 0.39459, 0.0761509
0.346884, 0.39737, 0.0414591
0.35919, 0.400194, 0.00621986
-0.233828, 0.417904, -0.0492349
-0.220507, 0.411614, 0.0267749
-0.208988, 0.408255, 0.0673561
-0.198579, 0.406844, 0.0844035
-0.188543, 0.406092, 0.0934877
-0.178601, 0.405472, 0.100979
-0.168774, 0.405058, 0.105987
-0.159045, 0.404842, 0.108591
-0.149368, 0.404739, 0.109838
-0.139722, 0.404713, 0.110146
-0.130103, 0.404765, 0.109524
-0.120499, 0.404876, 0.108175
-0.110902, 0.405035, 0.106262
-0.101343, 0.40537, 0.102209
-0.0917974, 0.405841, 0.0965176
-0.0822704, 0.406513, 0.0884027
-0.0725857, 0.406479, 0.0888071
-0.0628898, 0.406365, 0.0901895
-0.0532008, 0.406261, 0.0914507
-0.043518, 0.406168, 0.0925741
-0.0338412, 0.406094, 0.0934629
-0.0241677, 0.406017, 0.0943952
-0.0144976, 0.40593, 0.0954409
-0.00483137, 0.405834, 0.0966086
0.0048302, 0.405735, 0.0977974
0.0144885, 0.405677, 0.098496
0.0241467, 0.405666, 0.0986381
0.0338045, 0.405654, 0.0987773
0.0434621, 0.405646, 0.0988803
0.0531233, 0.405669, 0.0985956
0.0628091, 0.405844, 0.0964899
0.0725066, 0.406037, 0.0941529
0.0822138, 0.406233, 0.0917835
0.0919526, 0.406527, 0.0882273
0.10175, 0.406999, 0.0825253
0.111574, 0.407488, 0.0766191
0.121441, 0.408042, 0.0699224
0.131303, 0.408499, 0.0644016
0.141171, 0.40891, 0.0594425
0.150233, 0.407082, 0.0815234
0.159486, 0.405965, 0.0950193
0.168939, 0.405453, 0.101205
0.178478, 0.405193, 0.104348
0.188045, 0.40502, 0.106436
0.197621, 0.404881, 0.108118
0.207207, 0.404777, 0.10938
0.216831, 0.404752, 0.109682
0.226475, 0.404763, 0.109545
0.236129, 0.404792, 0.10919
0.245852, 0.404932, 0.107499
0.255586, 0.40508, 0.105719
0.26529, 0.405171, 0.104617
0.275024, 0.405299, 0.103067
0.284787, 0.40546, 0.101125
0.294656, 0.405756, 0.0975475
0.304583, 0.40611, 0.0932693
0.314513, 0.406447, 0.0891967
0.324392, 0.406701, 0.0861316
0.334322, 0.407001, 0.0825019
0.344335, 0.407382, 0.0778961
0.354721, 0.408172, 0.0683599
0.370053, 0.414459, -0.00760269
-0.232849, 0.429367, -0.0281086
-0.21956, 0.422855, 0.0481496
-0.20878, 0.420797, 0.0722613
-0.198432, 0.419449, 0.0880413
-0.188389, 0.418642, 0.0974903
-0.178474, 0.418048, 0.104445
-0.1687, 0.417733, 0.108141
-0.158997, 0.417568, 0.110068
-0.149328, 0.417477, 0.111132
-0.139679, 0.417431, 0.111676
-0.130047, 0.417434, 0.111644
-0.120425, 0.417473, 0.111182
-0.110832, 0.417629, 0.109353
-0.101248, 0.417848, 0.106784
-0.0916675, 0.418132, 0.103461
-0.0821037, 0.418568, 0.0983558
-0.0724964, 0.418868, 0.0948429
-0.0628134, 0.418756, 0.0961585
-0.0531375, 0.418659, 0.0972896
-0.0434652, 0.418554, 0.0985255
-0.0337969, 0.418438, 0.0998845
-0.0241338, 0.418319, 0.101273
-0.0144766, 0.418212, 0.102523
-0.00482439, 0.418112, 0.1037
0.0048233, 0.418018, 0.104803
0.0144677, 0.417955, 0.105542
0.0241117, 0.417936, 0.105753
0.0337548, 0.417917, 0.105987
0.0433967, 0.417894, 0.106253
0.0530395, 0.417887, 0.106329
0.0626977, 0.417984, 0.105192
0.0723656, 0.418112, 0.103697
0.0820418, 0.418252, 0.102055
0.091742, 0.418472, 0.0994802
0.10148, 0.418808, 0.0955477
0.111255, 0.419223, 0.0906901
0.121121, 0.419886, 0.0829191
0.131056, 0.420673, 0.0737052
0.140925, 0.421156, 0.0680571
0.150001, 0.419357, 0.0891223
0.159415, 0.418665, 0.0972276
0.168899, 0.418227, 0.102356
0.178414, 0.417908, 0.10609
0.187962, 0.417692, 0.108613
0.197484, 0.417445, 0.111504
0.207045, 0.417301, 0.113196
0.216665, 0.41728, 0.113442
0.226299, 0.41729, 0.113328
0.235941, 0.417311, 0.113077
0.245616, 0.417386, 0.112201
0.255328, 0.417517, 0.110662
0.26504, 0.417639, 0.109234
0.274751, 0.417751, 0.107931
0.28451, 0.417924, 0.105894
0.294296, 0.418125, 0.103547
0.304152, 0.41841, 0.100214
0.314092, 0.41879, 0.0957599
0.324065, 0.419189, 0.0910912
0.334031, 0.419556, 0.0867891
0.344057, 0.419976, 0.0818706
0.354142, 0.420442, 0.0764098
0.364609, 0.421326, 0.0660563
0.375622, 0.422778, 0.0490623
-0.229937, 0.437043, 0.0347805
-0.219338, 0.435427, 0.0531425
-0.208624, 0.43342, 0.0759435
-0.198314, 0.432099, 0.0909543
-0.188334, 0.431396, 0.0989323
-0.178444, 0.430837, 0.105291
-0.168664, 0.430494, 0.109188
-0.158962, 0.43032, 0.111156
-0.149306, 0.430259, 0.111855
-0.139668, 0.430241, 0.112059
-0.130038, 0.43025, 0.111954
-0.12042, 0.4303, 0.111393
-0.110792, 0.430324, 0.111113
-0.101194, 0.430477, 0.109377
-0.0916054, 0.430706, 0.106778
-0.0820054, 0.43093, 0.104228
-0.0724227, 0.431317, 0.0998311
-0.0627601, 0.431275, 0.100315
-0.0530895, 0.431151, 0.101718
-0.0434241, 0.431023, 0.10317
-0.0337643, 0.430896, 0.104613
-0.0241103, 0.430772, 0.106028
-0.0144626, 0.430661, 0.107285
-0.00481965, 0.430554, 0.108505
0.00481842, 0.430444, 0.10975
0.0144522, 0.430351, 0.110805
0.0240845, 0.43031, 0.111273
0.033716, 0.43028, 0.111619
0.043346, 0.430249, 0.11197
0.0529762, 0.430232, 0.112166
0.0626195, 0.430308, 0.111296
0.0722691, 0.430403, 0.110222
0.0819266, 0.430516, 0.108929
0.0916008, 0.430685, 0.107019
0.10131, 0.43097, 0.10378
0.111034, 0.431261, 0.100474
0.120798, 0.431652, 0.096025
0.130745, 0.432588, 0.0853992
0.140699, 0.433417, 0.0759749
0.15023, 0.43292, 0.0816255
0.15945, 0.431643, 0.096127
0.168909, 0.43112, 0.102073
0.178426, 0.430794, 0.105779
0.187979, 0.430583, 0.108168
0.197501, 0.430327, 0.111077
0.207081, 0.430215, 0.112355
0.216668, 0.430126, 0.113366
0.226249, 0.430033, 0.11442
0.235852, 0.429988, 0.11493
0.245509, 0.430042, 0.114315
0.255171, 0.430099, 0.113675
0.264847, 0.430175, 0.112806
0.27457, 0.43032, 0.111162
0.284326, 0.430506, 0.109053
0.294094, 0.430695, 0.106902
0.30387, 0.430884, 0.104751
0.313682, 0.431111, 0.10217
0.323654, 0.431539, 0.0973134
0.333714, 0.432055, 0.0914502
0.343796, 0.432569, 0.0856104
0.3539, 0.433083, 0.0797734
0.364043, 0.433615, 0.0737224
0.374547, 0.434539, 0.0632305
0.385303, 0.435701, 0.0500288
-0.240021, 0.450651, 0.0285802
-0.229602, 0.449434, 0.0420079
-0.218973, 0.447678, 0.0613794
-0.208506, 0.446106, 0.078723
-0.198222, 0.444791, 0.0932298
-0.1883, 0.444195, 0.0997987
-0.178445, 0.443702, 0.105238
-0.1687, 0.443441, 0.108126
-0.159001, 0.443276, 0.109941
-0.149321, 0.443147, 0.11137
-0.139675, 0.443106, 0.111814
-0.130039, 0.443096, 0.111932
-0.120412, 0.443118, 0.11169
-0.110799, 0.443195, 0.110834
-0.101182, 0.443272, 0.10999
-0.091579, 0.443435, 0.108186
-0.0819714, 0.44361, 0.106254
-0.0723678, 0.443856, 0.103549
-0.0627285, 0.443925, 0.102787
-0.0530686, 0.443847, 0.103642
-0.0434061, 0.443706, 0.105196
-0.0337498, 0.443568, 0.106717
-0.0240997, 0.443434, 0.108194
-0.0144561, 0.44332, 0.109461
-0.00481744, 0.443203, 0.110744
0.00481611, 0.443081, 0.112096
0.0144448, 0.442972, 0.113297
0.0240707, 0.442902, 0.114067
0.0336942, 0.442838, 0.114779
0.0433164, 0.442789, 0.115314
0.0529388, 0.442761, 0.115625
0.0625721, 0.442818, 0.114994
0.072211, 0.442894, 0.114157
0.081852, 0.442964, 0.113381
0.0915008, 0.443057, 0.11236
0.101184, 0.44328, 0.109893
0.110887, 0.443547, 0.106949
0.120613, 0.443855, 0.103553
0.130421, 0.444398, 0.097568
0.140361, 0.445284, 0.0877953
0.150403, 0.446358, 0.0759392
0.159569, 0.444858, 0.0924945
0.168993, 0.444211, 0.0996289
0.178485, 0.443802, 0.104143
0.188018, 0.44353, 0.107143
0.197567, 0.443321, 0.109447
0.207143, 0.443191, 0.110884
0.216728, 0.443089, 0.11201
0.226299, 0.442969, 0.113332
0.235872, 0.442861, 0.114516
0.245447, 0.442767, 0.115555
0.255078, 0.442777, 0.115444
0.264762, 0.442875, 0.114361
0.274453, 0.442976, 0.113248
0.284154, 0.443087, 0.112025
0.293894, 0.44325, 0.110225
0.303682, 0.443472, 0.107782
0.313493, 0.443713, 0.105118
0.32336, 0.444016, 0.101774
0.333357, 0.444476, 0.0967016
0.343435, 0.445015, 0.0907578
0.353546, 0.445565, 0.0846958
0.363721, 0.446165, 0.0780768
0.374068, 0.446938, 0.0695429
0.384945, 0.44829, 0.0546303
0.396242, 0.450052, 0.0351892
-0.239913, 0.463505, 0.0308175
-0.2292, 0.461652, 0.0506849
-0.218673, 0.460023, 0.0681429
-0.208369, 0.458736, 0.0819464
-0.198168, 0.457557, 0.0945797
-0.188261, 0.456976, 0.100814
-0.178501, 0.456705, 0.103715
-0.168768, 0.456478, 0.106152
-0.159052, 0.45627, 0.108383
-0.149363, 0.45612, 0.109993
-0.139707, 0.456055, 0.110688
-0.130076, 0.456068, 0.110546
-0.120442, 0.456075, 0.110468
-0.110813, 0.456101, 0.110198
-0.101192, 0.456166, 0.109499
-0.0915703, 0.456245, 0.108648
-0.0819563, 0.456384, 0.107157
-0.0723428, 0.456563, 0.105237
-0.062709, 0.45665, 0.104311
-0.0530569, 0.456611, 0.104723
-0.0433965, 0.456466, 0.106277
-0.0337415, 0.456314, 0.107912
-0.024093, 0.456162, 0.109542
-0.0144513, 0.456018, 0.111081
-0.00481569, 0.455884, 0.112523
0.00481431, 0.455753, 0.113925
0.0144391, 0.455633, 0.11521
0.0240608, 0.455551, 0.116089
0.0336794, 0.455474, 0.116915
0.0432949, 0.455397, 0.117737
0.0529079, 0.455329, 0.118471
0.0625317, 0.455359, 0.118147
0.0721601, 0.45541, 0.117602
0.081792, 0.45547, 0.116963
0.0914323, 0.455557, 0.116023
0.101104, 0.455771, 0.113737
0.11079, 0.456006, 0.111213
0.120491, 0.45626, 0.108488
0.130248, 0.45667, 0.104089
0.140067, 0.45723, 0.0980854
0.150103, 0.45838, 0.0857563
0.159994, 0.458972, 0.079411
0.169137, 0.457476, 0.0954504
0.178584, 0.456918, 0.101434
0.188098, 0.45658, 0.105053
0.197646, 0.456354, 0.107483
0.207206, 0.456175, 0.109398
0.216765, 0.456009, 0.111178
0.226298, 0.455806, 0.113353
0.235854, 0.455664, 0.114883
0.245434, 0.455577, 0.115807
0.255049, 0.455558, 0.116012
0.264705, 0.455614, 0.115419
0.274392, 0.455715, 0.114336
0.284083, 0.455816, 0.113249
0.293783, 0.455926, 0.112072
0.303528, 0.456094, 0.110266
0.313331, 0.456339, 0.107642
0.323183, 0.456636, 0.104455
0.333068, 0.456962, 0.100961
0.343127, 0.457503, 0.0951638
0.353299, 0.45816, 0.0881209
0.363513, 0.458834, 0.080893
0.373797, 0.45956, 0.0731125
0.384386, 0.460614, 0.0618062
0.395442, 0.462163, 0.0452018
-0.239951, 0.476637, 0.030026
-0.228867, 0.473966, 0.0578852
-0.218455, 0.47251, 0.0730672
-0.208186, 0.471242, 0.0862832
-0.198128, 0.470352, 0.0955696
-0.188243, 0.469804, 0.101283
-0.178512, 0.4696, 0.10341
-0.168811, 0.469456, 0.104911
-0.159112, 0.4693, 0.106539
-0.149431, 0.469181, 0.10777
-0.139763, 0.469091, 0.108717
-0.130123, 0.469086, 0.108767
-0.120486, 0.469094, 0.108686
-0.110848, 0.469095, 0.10867
-0.101214, 0.46912, 0.108408
-0.0915811, 0.469153, 0.108071
-0.081952, 0.469216, 0.107414
-0.072334, 0.469367, 0.105835
-0.0627062, 0.469492, 0.104528
-0.0530528, 0.469437, 0.105105
-0.0433933, 0.46929, 0.106633
-0.0337385, 0.469125, 0.108355
-0.0240904, 0.468961, 0.110067
-0.0144495, 0.468804, 0.111702
-0.00481498, 0.468657, 0.113241
0.00481352, 0.468514, 0.11473
0.0144366, 0.468386, 0.116065
0.0240563, 0.468296, 0.117005
0.0336724, 0.468207, 0.117935
0.0432845, 0.468114, 0.118904
0.0528932, 0.468025, 0.119829
0.0625107, 0.468029, 0.11979
0.0721328, 0.468062, 0.119446
0.0817568, 0.468098, 0.119067
0.0913864, 0.468155, 0.118474
0.101043, 0.468328, 0.116666
0.110715, 0.468534, 0.114517
0.120399, 0.468752, 0.112247
0.130122, 0.469081, 0.108817
0.139894, 0.46953, 0.104132
0.149738, 0.470147, 0.0977063
0.15985, 0.471477, 0.0838375
0.169447, 0.471223, 0.086482
0.178741, 0.470201, 0.0971427
0.188196, 0.469686, 0.102511
0.197726, 0.469399, 0.105504
0.207253, 0.469132, 0.108285
0.216773, 0.468872, 0.110998
0.226305, 0.468661, 0.1132
0.235846, 0.468483, 0.115052
0.245436, 0.468414, 0.115777
0.255054, 0.468402, 0.1159
0.264688, 0.468417, 0.115737
0.274337, 0.468459, 0.1153
0.284021, 0.468555, 0.114303
0.293723, 0.468673, 0.113071
0.303436, 0.4688, 0.111744
0.313194, 0.468989, 0.10978
0.32307, 0.469336, 0.106158
0.332976, 0.469705, 0.102313
0.342967, 0.47017, 0.0974607
0.353122, 0.47083, 0.0905814
0.363313, 0.4715, 0.0835924
0.373588, 0.472241, 0.0758629
0.384042, 0.473166, 0.0662208
0.395229, 0.474926, 0.0478711
-0.250769, 0.491703, 0.00965166
-0.239606, 0.488992, 0.0371675
-0.228742, 0.486684, 0.0605917
-0.218315, 0.485145, 0.0762153
-0.208033, 0.483799, 0.0898757
-0.198078, 0.483116, 0.096808
-0.18824, 0.482667, 0.101365
-0.178499, 0.48243, 0.103764
-0.168809, 0.482311, 0.104978
-0.159169, 0.48233, 0.104784
-0.1495, 0.482259, 0.105506
-0.139823, 0.482149, 0.106616
-0.130174, 0.482124, 0.106873
-0.120533, 0.482134, 0.106772
-0.110893, 0.482143, 0.106681
-0.101251, 0.48215, 0.106613
-0.0916066, 0.48214, 0.106709
-0.0819672, 0.48216, 0.106507
-0.0723474, 0.482316, 0.104926
-0.0627172, 0.48244, 0.10367
-0.0530605, 0.482369, 0.104391
-0.0433997, 0.482218, 0.105921
-0.033743, 0.482042, 0.107701
-0.0240934, 0.481869, 0.109458
-0.0144513, 0.481707, 0.11111
-0.00481563, 0.481561, 0.112587
0.0048141, 0.481409, 0.114134
0.0144378, 0.481257, 0.115671
0.0240569, 0.481139, 0.11687
0.0336718, 0.481025, 0.118024
0.0432825, 0.480916, 0.119136
0.052889, 0.480809, 0.120217
0.062503, 0.480792, 0.120388
0.072121, 0.480807, 0.120243
0.0817394, 0.48082, 0.120104
0.0913619, 0.480852, 0.119783
0.101014, 0.481021, 0.11807
0.11068, 0.481219, 0.116063
0.120354, 0.481416, 0.11406
0.130054, 0.481681, 0.111372
0.139779, 0.481997, 0.108163
0.149541, 0.482391, 0.104161
0.15939, 0.482999, 0.0979881
0.169404, 0.484012, 0.0877156
0.179015, 0.483824, 0.0896249
0.188395, 0.483063, 0.0973444
0.197806, 0.482454, 0.103528
0.207303, 0.482101, 0.10711
0.216767, 0.481705, 0.111126
0.226308, 0.481507, 0.113139
0.235877, 0.481381, 0.114417
0.24545, 0.481275, 0.115494
0.255059, 0.481244, 0.115807
0.264688, 0.481251, 0.115734
0.274316, 0.481256, 0.115681
0.283965, 0.481297, 0.115269
0.293674, 0.481433, 0.113883
0.303408, 0.4816, 0.112192
0.313154, 0.481776, 0.110405
0.323007, 0.4821, 0.107118
0.332913, 0.482483, 0.103234
0.342846, 0.482882, 0.0991774
0.352954, 0.483498, 0.092926
0.363169, 0.484225, 0.0855508
0.373527, 0.4851, 0.0766697
0.384114, 0.48622, 0.0652986
0.395315, 0.488044, 0.0467949
0.407195, 0.490597, 0.020884
-0.250421, 0.504115, 0.0165787
-0.239619, 0.50206, 0.0368938
-0.228731, 0.499639, 0.0608258
-0.218223, 0.497871, 0.0782971
-0.207989, 0.496594, 0.0909271
-0.198035, 0.495893, 0.0978508
-0.188247, 0.495556, 0.101188
-0.178503, 0.495306, 0.103654
-0.168819, 0.495201, 0.104692
-0.159176, 0.495215, 0.104558
-0.149545, 0.495268, 0.104033
-0.13989, 0.495241, 0.104296
-0.13023, 0.495195, 0.104753
-0.120584, 0.495198, 0.104722
-0.11094, 0.495211, 0.104596
-0.101295, 0.49522, 0.104509
-0.09165, 0.495232, 0.10439
-0.0820033, 0.495236, 0.104352
-0.072373, 0.495352, 0.103198
-0.0627405, 0.495489, 0.10185
-0.0530773, 0.495388, 0.102844
-0.043414, 0.49524, 0.104307
-0.0337541, 0.49506, 0.106084
-0.024101, 0.494874, 0.10793
-0.0144555, 0.494699, 0.109659
-0.00481705, 0.494548, 0.111145
0.00481555, 0.494394, 0.112667
0.0144423, 0.494246, 0.114136
0.0240648, 0.494132, 0.115265
0.0336832, 0.49402, 0.116367
0.0432972, 0.493908, 0.117476
0.0529067, 0.493796, 0.118585
0.0625219, 0.493763, 0.118914
0.0721409, 0.493764, 0.118901
0.0817595, 0.493763, 0.118908
0.09138, 0.493772, 0.118817
0.101024, 0.493896, 0.117595
0.110678, 0.494043, 0.116142
0.120338, 0.494188, 0.114711
0.130016, 0.49438, 0.112809
0.139711, 0.49461, 0.110534
0.149428, 0.494879, 0.107876
0.159187, 0.49525, 0.104215
0.169025, 0.495807, 0.0987053
0.178833, 0.49622, 0.0946217
0.188518, 0.496269, 0.0941343
0.197967, 0.495722, 0.0995407
0.207371, 0.495119, 0.1055
0.216857, 0.494755, 0.109102
0.226357, 0.494454, 0.112077
0.235913, 0.494294, 0.11366
0.24549, 0.49419, 0.114692
0.255058, 0.494075, 0.115828
0.264666, 0.494043, 0.116145
0.274292, 0.494046, 0.116112
0.283929, 0.494068, 0.11589
0.293639, 0.494213, 0.114462
0.303387, 0.494408, 0.11253
0.313137, 0.494596, 0.110679
0.322948, 0.494865, 0.108013
0.332892, 0.495318, 0.103542
0.342867, 0.495788, 0.0988874
0.353024, 0.49649, 0.0919533
0.363308, 0.497328, 0.0836682
0.373697, 0.498263, 0.0744243
0.384297, 0.499423, 0.0629549
0.395374, 0.501133, 0.0460553
0.407089, 0.503548, 0.0221782
-0.250536, 0.517446, 0.0142894
-0.239723, 0.515324, 0.03474
-0.228906, 0.51301, 0.0570345
-0.218286, 0.510951, 0.0768743
-0.208035, 0.509604, 0.0898509
-0.198075, 0.508876, 0.0968695
-0.188264, 0.508475, 0.100732
-0.178529, 0.508246, 0.102935
-0.168842, 0.508135, 0.104005
-0.159185, 0.508106, 0.10428
-0.149566, 0.508202, 0.103358
-0.139948, 0.508316, 0.102265
-0.130296, 0.508317, 0.102256
-0.120636, 0.508278, 0.102628
-0.110986, 0.508285, 0.102559
-0.101338, 0.508299, 0.102425
-0.09169, 0.508317, 0.102254
-0.0820435, 0.508348, 0.101952
-0.0724116, 0.50849, 0.100583
-0.0627713, 0.508608, 0.0994449
-0.0531032, 0.508503, 0.100456
-0.0434368, 0.508371, 0.101731
-0.0337724, 0.508194, 0.103435
-0.0241146, 0.508014, 0.105171
-0.0144639, 0.507841, 0.106837
-0.00481988, 0.507693, 0.108268
0.00481844, 0.50754, 0.109735
0.0144509, 0.507385, 0.11123
0.0240788, 0.50726, 0.112432
0.033703, 0.507149, 0.113503
0.0433227, 0.507036, 0.114595
0.0529376, 0.506918, 0.11573
0.0625567, 0.506869, 0.116198
0.0721782, 0.506851, 0.116374
0.0817987, 0.506831, 0.116567
0.09142, 0.50682, 0.116679
0.101061, 0.506911, 0.115802
0.110714, 0.507037, 0.114589
0.120372, 0.507165, 0.113347
0.130037, 0.507306, 0.11199
0.13971, 0.507453, 0.11058
0.149395, 0.507622, 0.108951
0.159095, 0.507819, 0.107051
0.168835, 0.508113, 0.104214
0.178535, 0.508262, 0.102778
0.188239, 0.508406, 0.101395
0.197939, 0.508527, 0.100229
0.20746, 0.508197, 0.10341
0.216892, 0.507687, 0.10832
0.226424, 0.507447, 0.110637
0.235979, 0.507274, 0.112304
0.245539, 0.507125, 0.113733
0.255089, 0.506969, 0.115241
0.264637, 0.506821, 0.116667
0.27426, 0.50682, 0.116674
0.28392, 0.506885, 0.116047
0.293635, 0.507041, 0.114545
0.303424, 0.507312, 0.111936
0.313227, 0.507589, 0.109266
0.32309, 0.507942, 0.105865
0.333075, 0.508463, 0.100844
0.34306, 0.508953, 0.0961237
0.353222, 0.509672, 0.0891943
0.363492, 0.510504, 0.0811791
0.373879, 0.511454, 0.0720267
0.38453, 0.512706, 0.0599604
0.39601, 0.514976, 0.0380931
0.407597, 0.517271, 0.015976
-0.2503, 0.530047, 0.0189819
-0.239838, 0.528623, 0.0323629
-0.229253, 0.526795, 0.0495429
-0.218531, 0.524475, 0.0713444
-0.20818, 0.52287, 0.0864201
-0.198157, 0.521975, 0.0948377
-0.188334, 0.521539, 0.0989304
-0.178578, 0.521254, 0.101604
-0.168887, 0.521137, 0.102707
-0.159224, 0.521095, 0.103104
-0.149618, 0.521251, 0.101635
-0.139978, 0.521297, 0.101204
-0.130346, 0.521382, 0.100407
-0.120692, 0.521387, 0.100356
-0.111032, 0.52137, 0.100521
-0.101382, 0.521392, 0.100309
-0.0917365, 0.521449, 0.0997753
-0.0820925, 0.521529, 0.0990248
-0.0724546, 0.521673, 0.0976758
-0.0628175, 0.521868, 0.0958366
-0.053147, 0.521807, 0.0964098
-0.0434753, 0.521703, 0.0973892
-0.0338029, 0.52153, 0.0990191
-0.0241367, 0.521354, 0.100673
-0.0144775, 0.521189, 0.102217
-0.00482439, 0.521032, 0.103697
0.00482292, 0.520873, 0.105191
0.0144644, 0.520718, 0.106647
0.0241009, 0.52058, 0.107944
0.0337327, 0.520448, 0.109187
0.0433597, 0.520316, 0.110427
0.0529816, 0.520183, 0.11167
0.0626054, 0.520107, 0.112391
0.0722311, 0.520063, 0.112799
0.0818569, 0.520032, 0.113093
0.091483, 0.520009, 0.113312
0.101125, 0.52007, 0.112733
0.110776, 0.520165, 0.111846
0.120433, 0.520272, 0.110841
0.130098, 0.520392, 0.109705
0.13977, 0.520521, 0.108497
0.149445, 0.520646, 0.107326
0.159124, 0.52077, 0.106162
0.168802, 0.520875, 0.105169
0.178449, 0.520879, 0.105137
0.188042, 0.520731, 0.106525
0.197675, 0.520705, 0.106766
0.207322, 0.520716, 0.106662
0.216875, 0.520499, 0.108702
0.226381, 0.520194, 0.111569
0.235951, 0.520056, 0.112871
0.245546, 0.519979, 0.113591
0.255093, 0.519811, 0.115168
0.264643, 0.519663, 0.116557
0.274326, 0.519775, 0.115507
0.284053, 0.519961, 0.11376
0.293811, 0.52019, 0.111609
0.303608, 0.520471, 0.108964
0.313412, 0.520746, 0.106379
0.323292, 0.521127, 0.102804
0.33326, 0.521625, 0.0981255
0.343283, 0.522176, 0.0929432
0.353496, 0.52298, 0.085391
0.363818, 0.523897, 0.0767703
0.374351, 0.525063, 0.0658135
0.385269, 0.526696, 0.050468
0.396832, 0.529109, 0.0277953
0.407993, 0.530882, 0.0111341
-0.260687, 0.544328, 0.00803614
-0.250209, 0.542938, 0.0207868
-0.239888, 0.541788, 0.0313296
-0.229589, 0.540592, 0.0423007
-0.218953, 0.538462, 0.0618358
-0.20845, 0.536475, 0.0800552
-0.198378, 0.53546, 0.0893669
-0.188469, 0.534801, 0.0954051
-0.178701, 0.534494, 0.0982242
-0.168996, 0.534348, 0.0995574
-0.159288, 0.534178, 0.101119
-0.149675, 0.534324, 0.0997801
-0.140049, 0.534438, 0.0987334
-0.130388, 0.534429, 0.098815
-0.120741, 0.534479, 0.0983567
-0.111094, 0.534539, 0.0978136
-0.101438, 0.534564, 0.0975766
-0.0917918, 0.534647, 0.096817
-0.0821504, 0.534783, 0.0955691
-0.0725133, 0.534987, 0.0937018
-0.0628842, 0.535322, 0.0906277
-0.0532094, 0.53532, 0.090651
-0.0435305, 0.535263, 0.0911679
-0.0338469, 0.535102, 0.0926414
-0.0241701, 0.534966, 0.0938892
-0.0144988, 0.534844, 0.095015
-0.00483172, 0.534708, 0.096261
0.00483033, 0.534555, 0.0976653
0.0144864, 0.534386, 0.0992103
0.0241359, 0.534208, 0.100848
0.033779, 0.534029, 0.102485
0.0434156, 0.533851, 0.104121
0.0530461, 0.533676, 0.105723
0.0626774, 0.533562, 0.106771
0.0723094, 0.533482, 0.107498
0.0819386, 0.533405, 0.108212
0.0915689, 0.533349, 0.108725
0.101216, 0.533394, 0.10831
0.11087, 0.533463, 0.10768
0.120527, 0.533531, 0.10705
0.130187, 0.533606, 0.106362
0.139859, 0.533714, 0.105376
0.14954, 0.533844, 0.104187
0.15922, 0.533949, 0.103218
0.168878, 0.533977, 0.102966
0.178501, 0.533895, 0.103718
0.18807, 0.53367, 0.105781
0.19768, 0.533576, 0.106638
0.207308, 0.533538, 0.106989
0.216906, 0.533428, 0.107997
0.226432, 0.53316, 0.110456
0.235978, 0.532956, 0.112326
0.245572, 0.532875, 0.113067
0.255147, 0.532759, 0.114134
0.264775, 0.53276, 0.114127
0.274489, 0.532926, 0.112603
0.284233, 0.533137, 0.110667
0.294021, 0.533415, 0.108112
0.303842, 0.533733, 0.105196
0.313677, 0.534055, 0.102249
0.323604, 0.534511, 0.0980678
0.333603, 0.535054, 0.0930858
0.343715, 0.535743, 0.0867672
0.353997, 0.536652, 0.0784268
0.364409, 0.537706, 0.0687661
0.375029, 0.539003, 0.0568724
0.386082, 0.54084, 0.04002
0.39745, 0.543018, 0.0200496
0.407994, 0.543993, 0.0111108
0.4182, 0.54448, 0.0066433
-0.260375, 0.556777, 0.0140128
-0.250134, 0.555854, 0.0222764
-0.23994, 0.554964, 0.0302448
-0.229776, 0.55407, 0.0382547
-0.219538, 0.552911, 0.0486331
-0.209004, 0.550862, 0.0669751
-0.198713, 0.549289, 0.0810666
-0.188716, 0.548404, 0.0889916
-0.17887, 0.54789, 0.0935903
-0.169159, 0.547751, 0.0948362
-0.159443, 0.547582, 0.096354
-0.149766, 0.54753, 0.0968184
-0.140124, 0.547612, 0.0960851
-0.130467, 0.54764, 0.0958366
-0.120823, 0.547732, 0.0950136
-0.111174, 0.547813, 0.0942836
-0.101507, 0.547816, 0.0942554
-0.0918445, 0.547844, 0.0940027
-0.0822091, 0.54806, 0.0920672
-0.0725764, 0.548354, 0.0894351
-0.0629535, 0.548825, 0.0852194
-0.0532793, 0.548939, 0.0842013
-0.0435932, 0.54895, 0.0840979
-0.0339036, 0.548916, 0.0844097
-0.0242131, 0.54883, 0.0851731
-0.0145247, 0.54871, 0.0862484
-0.00484051, 0.548589, 0.0873327
0.00483927, 0.548449, 0.0885897
0.0145135, 0.548286, 0.0900497
0.0241815, 0.548115, 0.0915751
0.0338422, 0.547921, 0.0933166
0.0434956, 0.547721, 0.0951061
0.0531418, 0.547521, 0.0968943
0.0627842, 0.547349, 0.0984383
0.0724279, 0.547233, 0.0994787
0.0820676, 0.547117, 0.100513
0.0917029, 0.546999, 0.10157
0.101351, 0.546973, 0.101805
0.111006, 0.546987, 0.101678
0.120664, 0.547009, 0.101487
0.130327, 0.54705, 0.10112
0.139991, 0.54709, 0.100757
0.149662, 0.54715, 0.100221
0.15934, 0.547228, 0.0995202
0.169001, 0.547242, 0.0993929
0.178617, 0.547116, 0.100523
0.188182, 0.546852, 0.102888
0.197796, 0.546753, 0.103772
0.207415, 0.546674, 0.104484
0.216984, 0.546478, 0.106236
0.226508, 0.54619, 0.108819
0.236065, 0.546, 0.110516
0.245648, 0.545884, 0.111555
0.255284, 0.545889, 0.111513
0.264962, 0.545982, 0.110678
0.274728, 0.546242, 0.10835
0.284524, 0.546542, 0.105663
0.294349, 0.546877, 0.102664
0.304179, 0.5472, 0.0997715
0.314025, 0.54753, 0.0968151
0.323989, 0.548041, 0.0922437
0.334015, 0.548623, 0.0870275
0.344235, 0.549484, 0.0793242
0.354587, 0.550499, 0.0702267
0.365147, 0.551778, 0.0587754
0.375846, 0.553193, 0.0461087
0.386959, 0.555131, 0.0287542
0.397814, 0.556612, 0.0154862
0.407755, 0.556773, 0.0140414
0.417716, 0.556955, 0.0124173
0.42793, 0.557456, 0.00792885
0.438017, 0.557775, 0.00507689
0.7643, 0.558843, -0.00449181
-0.260337, 0.569793, 0.014751
-0.250097, 0.568849, 0.0230141
-0.239979, 0.568114, 0.0294461
-0.229922, 0.567467, 0.0351028
-0.219797, 0.566588, 0.0427933
-0.209672, 0.565627, 0.0512052
-0.199411, 0.564188, 0.0637903
-0.189263, 0.562935, 0.0747552
-0.179299, 0.562128, 0.0818138
-0.169443, 0.561582, 0.086596
-0.159725, 0.561459, 0.0876694
-0.150008, 0.56132, 0.088882
-0.140305, 0.561219, 0.0897722
-0.130627, 0.561211, 0.0898337
-0.120933, 0.56113, 0.0905452
-0.111265, 0.561163, 0.09026
-0.101592, 0.561174, 0.0901647
-0.0919291, 0.561252, 0.0894833
-0.0822831, 0.561461, 0.0876484
-0.0726427, 0.56177, 0.0849457
-0.063018, 0.562315, 0.0801821
-0.0533477, 0.562576, 0.0778928
-0.0436581, 0.562703, 0.0767803
-0.0339582, 0.562736, 0.0764985
-0.0242554, 0.562726, 0.0765862
-0.0145527, 0.562702, 0.0767894
-0.00485031, 0.562634, 0.0773859
0.00484946, 0.562535, 0.0782499
0.0145456, 0.562426, 0.0792089
0.0242366, 0.562289, 0.0804038
0.0339195, 0.562094, 0.0821099
0.0435942, 0.56188, 0.0839858
0.0532609, 0.561661, 0.0859027
0.0629205, 0.561444, 0.0877972
0.0725774, 0.561265, 0.089366
0.0822289, 0.561092, 0.0908823
0.091875, 0.560921, 0.0923758
0.101529, 0.560828, 0.0931921
0.111195, 0.560812, 0.0933294
0.120862, 0.560802, 0.0934181
0.130529, 0.560792, 0.0935016
0.140197, 0.560789, 0.093533
0.149862, 0.560774, 0.0936613
0.159518, 0.560729, 0.0940561
0.169165, 0.560661, 0.0946512
0.178787, 0.560521, 0.0958776
0.188364, 0.560263, 0.0981331
0.197988, 0.560162, 0.0990176
0.207553, 0.55991, 0.10122
0.21706, 0.559533, 0.104516
0.22659, 0.559245, 0.107043
0.236156, 0.559062, 0.108636
0.245814, 0.559107, 0.108248
0.25552, 0.559252, 0.106978
0.265234, 0.559402, 0.105663
0.275029, 0.559708, 0.102985
0.284849, 0.560041, 0.100073
0.294692, 0.560398, 0.0969505
0.304548, 0.560755, 0.0938315
0.314468, 0.561204, 0.0898948
0.324475, 0.561778, 0.0848799
0.334568, 0.562463, 0.0788879
0.344922, 0.563534, 0.0695128
0.355487, 0.564883, 0.0577126
0.366197, 0.566385, 0.0445657
0.377106, 0.568108, 0.0294957
0.388056, 0.569804, 0.0146565
0.39835, 0.570477, 0.00876904
0.408066, 0.57031, 0.010232
0.41758, 0.569874, 0.0140424
0.427398, 0.569863, 0.0141358
0.437553, 0.570294, 0.0103726
0.447738, 0.570744, 0.00643492
0.695715, 0.572361, -0.00771856
0.704447, 0.571439, 0.000348091
0.713871, 0.571097, 0.00334406
0.72381, 0.57117, 0.00270796
0.733035, 0.570685, 0.00694704
0.743353, 0.571053, 0.00372839
0.752922, 0.570843, 0.0055666
0.762144, 0.570379, 0.00962639
-0.260523, 0.583309, 0.0111823
-0.250158, 0.582067, 0.0218015
-0.240025, 0.581284, 0.0284967
-0.229997, 0.580701, 0.033483
-0.219903, 0.579892, 0.0404038
-0.209923, 0.579322, 0.0452838
-0.199924, 0.57864, 0.0511103
-0.189954, 0.57798, 0.0567613
-0.179981, 0.577237, 0.0631094
-0.170044, 0.57653, 0.0691638
-0.160131, 0.575826, 0.0751791
-0.150358, 0.575563, 0.0774293
-0.140633, 0.575464, 0.0782757
-0.130912, 0.575366, 0.0791192
-0.121194, 0.575266, 0.0799737
-0.111456, 0.575048, 0.0818381
-0.101739, 0.574905, 0.083056
-0.0920453, 0.574879, 0.0832801
-0.0823679, 0.57496, 0.0825839
-0.0727111, 0.575225, 0.0803208
-0.0630738, 0.575751, 0.0758243
-0.0534083, 0.576163, 0.0723014
-0.0437119, 0.576349, 0.0707073
-0.0340066, 0.576493, 0.0694795
-0.0242908, 0.576503, 0.0693913
-0.0145758, 0.576553, 0.0689659
-0.00485949, 0.576657, 0.0680752
0.00485957, 0.576667, 0.0679884
0.0145776, 0.576623, 0.0683641
0.0242959, 0.576623, 0.0683603
0.0340112, 0.576571, 0.068809
0.0437096, 0.576318, 0.0709705
0.0533977, 0.576048, 0.0732822
0.0630783, 0.575791, 0.0754762
0.0727559, 0.57558, 0.0772891
0.0824279, 0.575379, 0.0790009
0.0920923, 0.575173, 0.0807676
0.101758, 0.575013, 0.0821352
0.111434, 0.574937, 0.0827866
0.121113, 0.574882, 0.0832582
0.130789, 0.574826, 0.0837312
0.140451, 0.574721, 0.0846329
0.150112, 0.574623, 0.0854707
0.159762, 0.574497, 0.0865431
0.169399, 0.574341, 0.0878782
0.179013, 0.57413, 0.0896831
0.188598, 0.573855, 0.0920372
0.19816, 0.573537, 0.0947618
0.207617, 0.572958, 0.0997062
0.21712, 0.572554, 0.103168
0.226669, 0.572299, 0.105344
0.236281, 0.572218, 0.106036
0.246027, 0.572456, 0.104004
0.255786, 0.572703, 0.101889
0.265565, 0.572977, 0.0995474
0.275423, 0.573396, 0.095964
0.285298, 0.57382, 0.0923371
0.295169, 0.574209, 0.0890126
0.305083, 0.574654, 0.0852046
0.315098, 0.575256, 0.08006
0.325254, 0.576072, 0.0730805
0.335718, 0.57737, 0.061974
0.346368, 0.578907, 0.0488329
0.357385, 0.580954, 0.0313253
0.367517, 0.581494, 0.0267043
0.408803, 0.584474, 0.00121927
0.418001, 0.583562, 0.0090189
0.427343, 0.58289, 0.0147681
0.43713, 0.582839, 0.0151982
0.447531, 0.583594, 0.00874758
0.685698, 0.585392, -0.00662947
0.694682, 0.58465, -0.000285625
0.70356, 0.58384, 0.00664091
0.712659, 0.583233, 0.0118284
0.721922, 0.582776, 0.0157418
0.73166, 0.582709, 0.0163121
0.741937, 0.583067, 0.0132504
0.752518, 0.583652, 0.00825071
0.762533, 0.583789, 0.00707865
-0.37911, 0.597385, 0.00308657
-0.368927, 0.596842, 0.00763178
-0.260777, 0.596998, 0.00632524
-0.250232, 0.595324, 0.0203252
-0.240087, 0.594501, 0.0272098
-0.230025, 0.593823, 0.0328813
-0.219949, 0.593047, 0.0393705
-0.209943, 0.592398, 0.0447969
-0.200031, 0.591961, 0.0484595
-0.190166, 0.591628, 0.0512438
-0.180314, 0.5913, 0.0539823
-0.170478, 0.590992, 0.0565643
-0.160655, 0.59069, 0.0590863
-0.150839, 0.590381, 0.0616741
-0.141061, 0.590187, 0.0632992
-0.131293, 0.59001, 0.0647745
-0.121518, 0.589766, 0.0668168
-0.111753, 0.589537, 0.0687289
-0.10201, 0.58939, 0.0699639
-0.0922647, 0.589199, 0.071557
-0.0825201, 0.588967, 0.0734968
-0.0728, 0.588871, 0.0743041
-0.0631264, 0.58918, 0.0717206
-0.0534602, 0.589682, 0.0675187
-0.043761, 0.589963, 0.0651679
-0.0340505, 0.590208, 0.0631185
-0.0243311, 0.590435, 0.0612202
-0.014604, 0.59065, 0.0594201
-0.00487059, 0.590963, 0.0568047
0.0048736, 0.591327, 0.0537562
0.0146246, 0.591484, 0.0524497
0.0243718, 0.591422, 0.0529642
0.0341181, 0.591381, 0.0533113
0.0438559, 0.591242, 0.0544696
0.0535782, 0.590985, 0.0566244
0.0632881, 0.590689, 0.0590935
0.0729851, 0.590368, 0.0617795
0.0826784, 0.590097, 0.0640483
0.0923679, 0.589858, 0.0660477
0.102052, 0.589632, 0.0679359
0.11174, 0.589467, 0.0693173
0.121427, 0.589324, 0.0705142
0.131106, 0.589169, 0.0718093
0.14078, 0.589011, 0.073133
0.150451, 0.588863, 0.074368
0.160104, 0.588667, 0.0760121
0.169752, 0.588473, 0.0776343
0.179371, 0.588209, 0.0798411
0.188975, 0.587924, 0.0822277
0.198492, 0.587407, 0.0865455
0.207921, 0.586691, 0.0925364
0.217414, 0.586214, 0.0965309
0.227001, 0.586018, 0.0981688
0.236712, 0.586144, 0.0971131
0.246481, 0.586399, 0.0949802
0.256238, 0.586608, 0.0932312
0.266079, 0.586986, 0.0900741
0.276012, 0.587535, 0.0854778
0.28595, 0.588055, 0.0811272
0.295992, 0.588749, 0.0753222
0.306117, 0.58956, 0.0685434
0.316485, 0.590772, 0.0583987
0.327169, 0.592484, 0.0440788
0.337201, 0.592953, 0.0401616
0.34816, 0.594977, 0.0232263
0.418469, 0.597344, 0.00342941
0.427658, 0.596427, 0.0111003
0.436953, 0.595697, 0.0172086
0.446979, 0.595972, 0.0149088
0.457486, 0.596864, 0.00744724
0.676245, 0.598913, -0.0096941
0.684766, 0.597733, 0.000172615
0.693425, 0.596706, 0.00876427
0.702572, 0.596122, 0.0136518
0.712093, 0.595866, 0.015789
0.722003, 0.595939, 0.015183
0.73216, 0.596211, 0.0129061
0.742966, 0.596997, 0.00633383
0.752887, 0.597061, 0.00579882
-0.397985, 0.609261, 0.0133405
-0.387912, 0.608875, 0.0165067
-0.377955, 0.608655, 0.0183039
-0.368139, 0.608656, 0.0182934
-0.358596, 0.609122, 0.0144854
-0.349104, 0.609703, 0.00972462
-0.250455, 0.608949, 0.0158997
-0.240139, 0.607698, 0.0261364
-0.230055, 0.606953, 0.0322351
-0.219911, 0.605977, 0.0402255
-0.209887, 0.605256, 0.0461216
-0.200013, 0.604918, 0.048893
-0.190201, 0.60474, 0.0503449
-0.180387, 0.604541, 0.0519748
-0.170591, 0.604379, 0.0533032
-0.160799, 0.604214, 0.0546536
-0.151006, 0.604023, 0.0562191
-0.141234, 0.603896, 0.0572553
-0.131478, 0.603823, 0.0578532
-0.121731, 0.603786, 0.0581512
-0.112014, 0.603903, 0.0571995
-0.102285, 0.603968, 0.0566669
-0.0925205, 0.603818, 0.0578923
-0.0827587, 0.603652, 0.0592527
-0.0729976, 0.603446, 0.0609355
-0.063238, 0.603193, 0.0630093
-0.0535195, 0.603311, 0.062047
-0.0438264, 0.60383, 0.0577936
-0.034113, 0.604288, 0.0540481
-0.0243864, 0.604784, 0.0499883
-0.0146432, 0.605249, 0.0461812
-0.0048845, 0.605675, 0.0426927
0.00488824, 0.60614, 0.0388889
0.0146772, 0.606656, 0.0346642
0.024472, 0.606907, 0.0326128
0.0342583, 0.606862, 0.0329823
0.0440404, 0.606778, 0.0336642
0.0538136, 0.606626, 0.0349112
0.0635697, 0.606357, 0.0371089
0.0733185, 0.606099, 0.0392213
0.0830544, 0.605809, 0.0415964
0.0927807, 0.605516, 0.0439978
0.102492, 0.605193, 0.046639
0.112186, 0.60483, 0.0496106
0.121876, 0.604504, 0.0522795
0.131565, 0.604224, 0.054574
0.141255, 0.603988, 0.0565062
0.150937, 0.603746, 0.0584807
0.160601, 0.60347, 0.0607448
0.170249, 0.603169, 0.0632038
0.179907, 0.602933, 0.0651379
0.189549, 0.602669, 0.067296
0.199161, 0.602341, 0.0699863
0.208744, 0.60196, 0.0731015
0.218326, 0.601611, 0.0759602
0.227815, 0.601043, 0.0806093
0.23749, 0.600994, 0.0810056
0.247301, 0.601281, 0.0786595
0.257116, 0.601555, 0.0764146
0.267084, 0.602154, 0.0715127
0.27709, 0.602791, 0.066298
0.287201, 0.603609, 0.0596042
0.297586, 0.604929, 0.0487967
0.307525, 0.605288, 0.0458646
0.318197, 0.607022, 0.0316691
0.428022, 0.610054, 0.00685692
0.437049, 0.608921, 0.0161242
0.446645, 0.608615, 0.0186319
0.456676, 0.608901, 0.0162907
0.46701, 0.60957, 0.0108118
0.47735, 0.610221, 0.00548887
0.487941, 0.611158, -0.00218058
0.659233, 0.614623, -0.0305462
0.666403, 0.612103, -0.00991821
0.674834, 0.610798, 0.000761986
0.683583, 0.609815, 0.00881338
0.692822, 0.60929, 0.0131049
0.702557, 0.60921, 0.0137577
0.712511, 0.60932, 0.0128636
0.722675, 0.609603, 0.0105438
0.733494, 0.610425, 0.00381899
0.743332, 0.610418, 0.00387478
-0.397702, 0.62192, 0.0168948
-0.38758, 0.621436, 0.0207753
-0.377633, 0.621214, 0.0225554
-0.367954, 0.621434, 0.0207925
-0.358121, 0.621397, 0.0210905
-0.348917, 0.62248, 0.0124078
-0.339693, 0.623591, 0.00350857
-0.250487, 0.622125, 0.0152583
-0.240155, 0.620809, 0.0257955
-0.230034, 0.61995, 0.0326796
-0.219812, 0.618731, 0.0424519
-0.209852, 0.61817, 0.046946
-0.200022, 0.617955, 0.0486679
-0.190228, 0.617835, 0.0496311
-0.180449, 0.617752, 0.0502911
-0.170659, 0.617622, 0.0513339
-0.160871, 0.617486, 0.0524216
-0.151089, 0.617351, 0.0535049
-0.141315, 0.617238, 0.054409
-0.131558, 0.617188, 0.0548139
-0.121834, 0.61729, 0.0539956
-0.112142, 0.617595, 0.051549
-0.102464, 0.618037, 0.0480103
-0.0927551, 0.618368, 0.0453606
-0.0829981, 0.618418, 0.044961
-0.07322, 0.618302, 0.0458841
-0.063461, 0.618338, 0.0456004
-0.0537083, 0.61846, 0.0446215
-0.0439563, 0.618644, 0.043149
-0.0342122, 0.619078, 0.0396729
-0.0244628, 0.619724, 0.0344901
-0.014694, 0.62041, 0.0289979
-0.0049047, 0.621259, 0.022191
0.00490697, 0.621547, 0.0198889
0.014721, 0.621553, 0.0198388
0.0245675, 0.622377, 0.013238
0.0344291, 0.623002, 0.00822496
0.0835836, 0.62278, 0.0100074
0.0933789, 0.622526, 0.0120397
0.103116, 0.621969, 0.0165062
0.112824, 0.621352, 0.0214477
0.122511, 0.620725, 0.0264726
0.132184, 0.620125, 0.0312824
0.141852, 0.619585, 0.035605
0.151498, 0.619022, 0.0401149
0.161143, 0.618528, 0.0440731
0.171338, 0.620082, 0.0316281
0.180872, 0.619202, 0.0386758
0.190518, 0.618778, 0.0420756
0.20017, 0.61841, 0.045022
0.209787, 0.617977, 0.0484905
0.219421, 0.617631, 0.0512652
0.229149, 0.617564, 0.0517979
0.238943, 0.617677, 0.0508966
0.248849, 0.618057, 0.0478501
0.258841, 0.618614, 0.043386
0.26819, 0.617651, 0.051105
0.278445, 0.618767, 0.0421615
0.288943, 0.620329, 0.0296474
0.428364, 0.623671, 0.00286484
0.437872, 0.623189, 0.00672913
0.446782, 0.621894, 0.017107
0.45639, 0.621606, 0.0194116
0.466279, 0.621706, 0.0186124
0.476294, 0.621965, 0.0165353
0.486511, 0.622471, 0.0124803
0.497046, 0.623358, 0.00537395
0.507711, 0.62437, -0.00273514
0.518106, 0.625017, -0.00791264
0.620402, 0.628674, -0.0372195
0.627958, 0.62631, -0.0182748
0.637291, 0.625764, -0.0139055
0.647144, 0.625738, -0.0136905
0.656274, 0.625023, -0.00796652
0.664782, 0.623746, 0.0022645
0.673819, 0.622995, 0.00828171
0.683219, 0.622597, 0.0114698
0.693078, 0.622623, 0.0112643
0.703052, 0.62275, 0.0102491
0.713264, 0.623082, 0.00758982
0.724123, 0.623961, 0.000543118
0.733957, 0.623946, 0.000666618
-0.407617, 0.635162, 0.0157242
-0.397612, 0.63487, 0.0180206
-0.387511, 0.634406, 0.0216627
-0.377605, 0.634245, 0.0229235
-0.367697, 0.634072, 0.0242777
-0.358044, 0.634343, 0.0221553
-0.348301, 0.634464, 0.0212045
-0.339028, 0.635473, 0.013289
-0.329654, 0.636346, 0.00643492
-0.250322, 0.634805, 0.0185323
-0.240144, 0.633851, 0.0260191
-0.229985, 0.632866, 0.0337462
-0.219784, 0.631674, 0.0430975
-0.209863, 0.631215, 0.0466976
-0.20006, 0.631084, 0.0477262
-0.190279, 0.631012, 0.048295
-0.180511, 0.630974, 0.0485945
-0.170726, 0.630874, 0.0493741
-0.160939, 0.630752, 0.0503321
-0.151158, 0.630636, 0.0512471
-0.141379, 0.630516, 0.0521836
-0.131635, 0.630548, 0.0519338
-0.121918, 0.63072, 0.0505848
-0.112239, 0.631144, 0.0472612
-0.102574, 0.631725, 0.042697
-0.0929006, 0.632376, 0.0375905
-0.0832059, 0.633018, 0.0325551
-0.0734936, 0.633678, 0.0273762
-0.0637494, 0.634224, 0.0230851
-0.0539937, 0.634835, 0.0182943
-0.044211, 0.635327, 0.0144324
-0.0344077, 0.635724, 0.0113206
-0.0245858, 0.635953, 0.00951767
0.43817, 0.636741, 0.00333977
0.44778, 0.636405, 0.00597334
0.456821, 0.635292, 0.0147104
0.466371, 0.634919, 0.0176373
0.476114, 0.634819, 0.0184202
0.486041, 0.634963, 0.0172906
0.496067, 0.635228, 0.0152102
0.506225, 0.635649, 0.0119085
0.516509, 0.636208, 0.00751829
0.527032, 0.637036, 0.00102282
0.537203, 0.637415, -0.00194979
0.547316, 0.637714, -0.00429821
0.557341, 0.6379, -0.00576115
0.56742, 0.638142, -0.0076561
0.577283, 0.638136, -0.00760841
0.587158, 0.638144, -0.00767422
0.597009, 0.638125, -0.00752687
0.606788, 0.638032, -0.00679445
0.616459, 0.637829, -0.00520182
0.625832, 0.63733, -0.00128317
0.635359, 0.637001, 0.00130081
0.644944, 0.636739, 0.00335598
0.654507, 0.636463, 0.00551748
0.664051, 0.636177, 0.00776339
0.673732, 0.636029, 0.00892496
0.683713, 0.636164, 0.00786304
0.693623, 0.636231, 0.00733566
0.704144, 0.636848, 0.00249767
0.714917, 0.637673, -0.0039773
0.72475, 0.637649, -0.00378513
-0.407376, 0.647876, 0.0186672
-0.397412, 0.647634, 0.0205235
-0.387526, 0.647511, 0.0214705
-0.377654, 0.647406, 0.0222783
-0.367679, 0.647115, 0.0245199
-0.357795, 0.646972, 0.0256152
-0.348002, 0.64699, 0.0254788
-0.338417, 0.647406, 0.0222769
-0.328937, 0.648054, 0.0172968
-0.319463, 0.648755, 0.0119095
-0.310146, 0.64983, 0.00363827
-0.260692, 0.649271, 0.00793505
-0.250266, 0.647747, 0.0196586
-0.240137, 0.646898, 0.0261817
-0.229971, 0.645874, 0.0340557
-0.21979, 0.644717, 0.042953
-0.209898, 0.644339, 0.0458579
-0.200125, 0.644304, 0.0461307
-0.190349, 0.644258, 0.0464864
-0.180573, 0.644206, 0.046885
-0.170793, 0.644134, 0.0474372
-0.161005, 0.644018, 0.0483274
-0.151212, 0.643869, 0.0494723
-0.14144, 0.643795, 0.0500417
-0.131713, 0.643928, 0.0490208
-0.122015, 0.644239, 0.0466323
-0.112334, 0.644699, 0.0430937
-0.102695, 0.645513, 0.0368309
-0.0930636, 0.646547, 0.028883
-0.0834036, 0.647605, 0.0207496
-0.0736874, 0.648449, 0.0142622
-0.0639015, 0.648846, 0.0112066
-0.0540757, 0.648909, 0.0107226
0.448482, 0.650545, -0.00185347
0.458105, 0.650214, 0.00069046
0.467439, 0.649495, 0.00621986
0.476615, 0.648589, 0.0131812
0.48625, 0.648332, 0.0151553
0.49604, 0.648289, 0.0154881
0.505971, 0.648429, 0.0144167
0.515942, 0.648613, 0.0129995
0.525953, 0.648839, 0.0112638
0.535946, 0.649036, 0.00974941
0.545919, 0.6492, 0.00848389
0.555838, 0.649297, 0.00773907
0.565764, 0.649398, 0.00695992
0.575667, 0.649471, 0.00640392
0.585567, 0.649536, 0.00589848
0.59546, 0.649593, 0.00546646
0.605295, 0.649585, 0.0055275
0.6151, 0.649546, 0.00582695
0.624927, 0.64953, 0.0059495
0.634784, 0.649546, 0.00582314
0.644646, 0.649567, 0.00566053
0.654546, 0.649624, 0.00522184
0.664451, 0.649685, 0.00475597
0.674326, 0.649715, 0.00452423
0.68452, 0.650047, 0.00196934
0.695214, 0.650839, -0.00411415
0.705536, 0.651264, -0.00738096
0.715883, 0.6517, -0.0107379
-0.397635, 0.661089, 0.0177269
-0.387606, 0.660729, 0.0204415
-0.377661, 0.660498, 0.022181
-0.367721, 0.660263, 0.0239549
-0.35768, 0.65983, 0.027215
-0.347813, 0.659701, 0.0281897
-0.337989, 0.65965, 0.0285745
-0.328336, 0.65994, 0.0263896
-0.318787, 0.660462, 0.0224514
-0.309329, 0.661212, 0.0167994
-0.299936, 0.662155, 0.00969648
-0.260406, 0.661662, 0.013411
-0.250218, 0.660707, 0.020606
-0.240138, 0.659972, 0.0261474
-0.22993, 0.658807, 0.0349274
-0.21981, 0.657802, 0.0425019
-0.209958, 0.657542, 0.0444565
-0.200187, 0.657524, 0.0445971
-0.190415, 0.657501, 0.0447669
-0.180642, 0.65747, 0.0450001
-0.170851, 0.657371, 0.0457501
-0.16105, 0.657214, 0.0469346
-0.151249, 0.657038, 0.0482597
-0.141508, 0.657118, 0.0476565
-0.131804, 0.657395, 0.0455689
-0.122115, 0.657794, 0.0425591
-0.112451, 0.658406, 0.0379462
-0.102824, 0.65938, 0.0306072
-0.0932109, 0.660653, 0.0210166
-0.0835527, 0.661869, 0.011848
-0.0737427, 0.662045, 0.0105214
0.468184, 0.663672, -0.00173569
0.478066, 0.663707, -0.00200558
0.487455, 0.66307, 0.00279427
0.496738, 0.662317, 0.00847197
0.506454, 0.662161, 0.00965071
0.516289, 0.662161, 0.00964928
0.526173, 0.662225, 0.0091691
0.536108, 0.662347, 0.0082469
0.546059, 0.662485, 0.00720263
0.556008, 0.662617, 0.00620985
0.565955, 0.662742, 0.00527096
0.57589, 0.662848, 0.00447321
0.585821, 0.662946, 0.00372982
0.59575, 0.663038, 0.00303698
0.605651, 0.663097, 0.00259209
0.615558, 0.663161, 0.00211143
0.625471, 0.663229, 0.00160217
0.635356, 0.663266, 0.00132227
0.645193, 0.663252, 0.00142336
0.65508, 0.663289, 0.00114727
0.665264, 0.663622, -0.00135994
0.675828, 0.664317, -0.00660372
0.686277, 0.664882, -0.0108566
0.696272, 0.664997, -0.0117278
-0.397867, 0.674573, 0.014822
-0.387809, 0.674165, 0.0178356
-0.377704, 0.673654, 0.0216122
-0.367713, 0.673323, 0.0240602
-0.357702, 0.672936, 0.0269151
-0.347656, 0.672462, 0.0304222
-0.337787, 0.672311, 0.0315413
-0.327942, 0.672199, 0.0323687
-0.318142, 0.672177, 0.0325274
-0.308456, 0.672402, 0.0308676
-0.298864, 0.672852, 0.0275416
-0.289796, 0.674553, 0.0149722
-0.281097, 0.677264, -0.00506401
-0.260234, 0.674317, 0.0167146
-0.25016, 0.673634, 0.0217643
-0.240119, 0.672987, 0.0265422
-0.229859, 0.671643, 0.0364718
-0.219826, 0.670875, 0.0421467
-0.210011, 0.670732, 0.0432057
-0.200238, 0.670717, 0.0433202
-0.190463, 0.670689, 0.0435224
-0.180686, 0.670654, 0.0437846
-0.170887, 0.670527, 0.0447197
-0.16107, 0.670312, 0.0463133
-0.151291, 0.670235, 0.0468798
-0.141575, 0.670446, 0.0453167
-0.131879, 0.670794, 0.0427489
-0.12221, 0.671343, 0.0386944
-0.11258, 0.672216, 0.0322385
-0.102978, 0.673442, 0.0231781
-0.0933629, 0.674834, 0.0128942
-0.0835746, 0.675152, 0.0105453
0.488306, 0.677381, -0.00593138
0.498334, 0.677603, -0.00756979
0.507977, 0.677303, -0.00535107
0.51759, 0.676975, -0.00292921
0.527454, 0.676981, -0.00297689
0.537127, 0.676747, -0.00124311
0.546863, 0.676599, -0.000149727
0.556786, 0.676684, -0.000779152
0.566706, 0.676762, -0.00135231
0.576627, 0.676838, -0.00191879
0.586527, 0.676888, -0.00228786
0.596423, 0.676932, -0.00261068
0.606512, 0.677189, -0.0045104
0.616594, 0.677431, -0.00629759
0.626511, 0.677487, -0.00671339
0.636463, 0.677578, -0.00738621
0.646666, 0.677929, -0.00998354
0.656866, 0.678267, -0.0124803
0.666797, 0.678322, -0.0128837
0.676728, 0.678374, -0.0132694
-0.387958, 0.68752, 0.0159178
-0.377849, 0.686997, 0.0197086
-0.367731, 0.686431, 0.0238132
-0.357657, 0.685918, 0.0275345
-0.34761, 0.685428, 0.0310874
-0.337584, 0.684953, 0.0345316
-0.32768, 0.684705, 0.0363302
-0.317751, 0.684388, 0.0386286
-0.307923, 0.684274, 0.0394492
-0.298213, 0.684423, 0.038373
-0.288572, 0.684748, 0.036015
-0.27919, 0.68573, 0.0288978
-0.270212, 0.687813, 0.0137973
-0.260319, 0.687635, 0.0150847
-0.250066, 0.686456, 0.0236335
-0.239944, 0.685553, 0.03018
-0.229771, 0.684424, 0.0383635
-0.219857, 0.683999, 0.0414433
-0.210059, 0.683914, 0.0420623
-0.200284, 0.683896, 0.042191
-0.190504, 0.683861, 0.0424447
-0.180712, 0.683774, 0.0430732
-0.170891, 0.683562, 0.0446124
-0.16109, 0.683414, 0.0456896
-0.151357, 0.683548, 0.0447154
-0.141656, 0.683857, 0.0424762
-0.131973, 0.684305, 0.0392265
-0.122337, 0.68509, 0.0335364
-0.112753, 0.686323, 0.0245962
-0.103132, 0.687548, 0.0157175
-0.0934133, 0.688309, 0.0102029
0.518577, 0.691436, -0.0124712
0.528256, 0.691176, -0.0105824
0.538144, 0.691194, -0.0107107
0.548087, 0.691281, -0.0113463
0.558345, 0.691755, -0.0147805
0.568191, 0.691711, -0.0144601
0.578108, 0.691753, -0.0147657
0.588021, 0.691789, -0.0150275
0.597931, 0.691821, -0.0152621
0.607756, 0.691755, -0.0147781
0.617486, 0.691584, -0.0135398
0.627415, 0.691639, -0.0139375
0.637391, 0.691742, -0.0146894
0.64747, 0.691953, -0.0162134
-0.388111, 0.700891, 0.0139575
-0.37793, 0.700233, 0.0186381
-0.367767, 0.699574, 0.0233326
-0.357586, 0.698844, 0.0285249
-0.347458, 0.698177, 0.0332646
-0.337412, 0.697645, 0.0370522
-0.327438, 0.69723, 0.0400019
-0.317555, 0.696992, 0.0416985
-0.307776, 0.696974, 0.0418253
-0.298069, 0.697123, 0.0407629
-0.288408, 0.697393, 0.0388479
-0.278756, 0.697706, 0.0366192
-0.269274, 0.69848, 0.0311108
-0.259989, 0.699844, 0.0214086
-0.249958, 0.699228, 0.0257874
-0.239691, 0.697877, 0.0354018
-0.229707, 0.697268, 0.0397367
-0.219892, 0.697138, 0.0406609
-0.210102, 0.697082, 0.0410585
-0.200315, 0.697031, 0.0414166
-0.190518, 0.696937, 0.0420909
-0.180702, 0.696762, 0.0433331
-0.170893, 0.696594, 0.0445304
-0.161148, 0.696678, 0.0439277
-0.151449, 0.696989, 0.041718
-0.141775, 0.69747, 0.0382977
-0.132157, 0.698309, 0.0323281
-0.122574, 0.699486, 0.023953
-0.112936, 0.700532, 0.016511
-0.103244, 0.701405, 0.0103049
-0.0934459, 0.701664, 0.00846148
-0.378188, 0.71381, 0.0152302
-0.367803, 0.712721, 0.0228338
-0.357546, 0.711826, 0.0290828
-0.347251, 0.710805, 0.0362144
-0.337229, 0.7103, 0.0397439
-0.327327, 0.710022, 0.0416856
-0.317479, 0.709851, 0.0428753
-0.307689, 0.709801, 0.0432277
-0.297971, 0.709919, 0.0423999
-0.288288, 0.710133, 0.0409079
-0.278621, 0.710401, 0.0390348
-0.268973, 0.71074, 0.0366721
-0.259665, 0.712036, 0.0276194
-0.249774, 0.711775, 0.0294447
-0.239576, 0.710578, 0.0378003
-0.229718, 0.710333, 0.0395117
-0.219921, 0.710264, 0.0399957
-0.210126, 0.710192, 0.040493
-0.200324, 0.710091, 0.041203
-0.190501, 0.709901, 0.0425277
-0.180696, 0.70976, 0.0435147
-0.170958, 0.709884, 0.042644
-0.161262, 0.710203, 0.040421
-0.15159, 0.710678, 0.0370998
-0.141999, 0.711626, 0.0304832
-0.132422, 0.71279, 0.0223522
-0.122796, 0.713856, 0.0149083
-0.113071, 0.71448, 0.0105515
-0.367971, 0.72613, 0.0205622
-0.357614, 0.725025, 0.028141
-0.347291, 0.723929, 0.0356517
-0.337153, 0.723169, 0.040864
-0.327236, 0.722849, 0.043057
-0.317417, 0.722733, 0.0438552
-0.307637, 0.722702, 0.0440712
-0.297899, 0.722772, 0.0435905
-0.288198, 0.722937, 0.0424542
-0.278517, 0.723167, 0.0408788
-0.268882, 0.723537, 0.0383444
-0.259457, 0.724522, 0.0315857
-0.24955, 0.724186, 0.033895
-0.239555, 0.723554, 0.0382252
-0.22974, 0.723436, 0.0390344
-0.219931, 0.723328, 0.0397773
-0.210119, 0.7232, 0.0406561
-0.200294, 0.723012, 0.0419436
-0.190501, 0.722928, 0.0425215
-0.180788, 0.723154, 0.0409698
-0.171121, 0.723597, 0.0379286
-0.161494, 0.724274, 0.033288
-0.151908, 0.725238, 0.0266805
-0.142294, 0.726189, 0.0201564
-0.13267, 0.72723, 0.0130191
-0.122935, 0.727777, 0.00926924
-0.367873, 0.739016, 0.021893
-0.357703, 0.738273, 0.0268974
-0.347392, 0.737189, 0.0341988
-0.337099, 0.736081, 0.0416613
-0.327158, 0.735697, 0.0442462
-0.317342, 0.735582, 0.0450263
-0.307578, 0.735584, 0.0450139
-0.297852, 0.735679, 0.0443678
-0.288149, 0.735838, 0.0432987
-0.278474, 0.736082, 0.0416536
-0.268865, 0.736528, 0.0386505
-0.259328, 0.73721, 0.0340581
-0.249437, 0.736898, 0.0361595
-0.239566, 0.736625, 0.0380015
-0.229737, 0.736461, 0.0391059
-0.219905, 0.736274, 0.0403633
-0.210074, 0.736073, 0.0417137
-0.200302, 0.73607, 0.0417361
-0.190628, 0.736441, 0.0392346
-0.181014, 0.737101, 0.0347896
-0.171446, 0.738033, 0.0285163
-0.161841, 0.738908, 0.0226169
-0.152209, 0.739769, 0.0168176
-0.142551, 0.740612, 0.0111427
-0.132735, 0.740696, 0.0105758
-0.368206, 0.752776, 0.0173888
-0.357272, 0.750435, 0.032887
-0.347521, 0.750516, 0.032352
-0.337102, 0.749116, 0.041615
-0.327081, 0.748544, 0.0454021
-0.317292, 0.748482, 0.0458083
-0.307551, 0.748536, 0.0454526
-0.297835, 0.748657, 0.0446515
-0.288136, 0.748829, 0.0435166
-0.278477, 0.749119, 0.0415959
-0.268896, 0.74965, 0.0380836
-0.259156, 0.749759, 0.0373588
-0.249343, 0.74966, 0.0380158
-0.239514, 0.749501, 0.0390668
-0.229678, 0.749305, 0.0403643
-0.219855, 0.749136, 0.0414801
-0.210121, 0.749268, 0.0406075
-0.200498, 0.749831, 0.0368862
-0.190956, 0.750765, 0.0306997
-0.181393, 0.751717, 0.0243998
-0.171747, 0.752416, 0.0197697
-0.16212, 0.753283, 0.0140328
-0.152395, 0.753783, 0.0107241
-0.357159, 0.763244, 0.0344625
-0.346793, 0.761967, 0.0427685
-0.336866, 0.76161, 0.0450921
-0.327064, 0.761522, 0.0456638
-0.317295, 0.761509, 0.0457511
-0.307564, 0.761588, 0.0452361
-0.297849, 0.761713, 0.0444183
-0.288163, 0.761922, 0.0430646
-0.278534, 0.762303, 0.0405812
-0.268825, 0.762485, 0.0393977
-0.259038, 0.762452, 0.0396137
-0.249236, 0.762369, 0.0401545
-0.239434, 0.76228, 0.0407343
-0.229661, 0.76228, 0.0407329
-0.219991, 0.762635, 0.038425
-0.210439, 0.763454, 0.0330911
-0.200928, 0.764505, 0.0262575
-0.191333, 0.765331, 0.020885
-0.181708, 0.76612, 0.015748
-0.17204, 0.766808, 0.0112724
-0.162252, 0.767011, 0.00995493
-0.358413, 0.779016, 0.0170302
-0.347371, 0.776284, 0.0345044
-0.337089, 0.775142, 0.0418086
-0.327145, 0.774731, 0.0444403
-0.317355, 0.774672, 0.0448146
-0.307621, 0.774749, 0.0443215
-0.297925, 0.774931, 0.0431595
-0.288243, 0.775162, 0.0416784
-0.278503, 0.775249, 0.0411248
-0.268734, 0.775258, 0.0410686
-0.258963, 0.775261, 0.041048
-0.249205, 0.775305, 0.0407658
-0.239527, 0.775612, 0.038806
-0.229954, 0.776299, 0.0344062
-0.220445, 0.777271, 0.0281897
-0.210929, 0.778313, 0.0215244
-0.201335, 0.779149, 0.0161781
-0.191663, 0.779758, 0.0122833
-0.181881, 0.779958, 0.011004
-0.358685, 0.79271, 0.0132465
-0.348444, 0.791768, 0.0191684
-0.337778, 0.789781, 0.031671
-0.327398, 0.788362, 0.0406008
-0.317469, 0.787974, 0.0430408
-0.307709, 0.787996, 0.042901
-0.297955, 0.788033, 0.0426655
-0.288205, 0.788086, 0.042336
-0.278487, 0.788232, 0.0414138
-0.268809, 0.788506, 0.0396934
-0.259177, 0.78894, 0.0369592
-0.24963, 0.789678, 0.0323167
-0.240134, 0.790645, 0.0262384
-0.230619, 0.791628, 0.0200524
-0.22102, 0.792399, 0.015203
-0.211313, 0.792835, 0.0124588
-0.201558, 0.79312, 0.0106645
-0.348527, 0.805048, 0.0179753
-0.338437, 0.804402, 0.0219774
-0.327731, 0.802207, 0.035562
-0.317224, 0.800382, 0.0468559
-0.307645, 0.800853, 0.0439377
-0.298133, 0.801537, 0.0397072
-0.288567, 0.802118, 0.0361075
-0.279056, 0.802897, 0.031292
-0.269565, 0.803793, 0.0257473
-0.260053, 0.804691, 0.0201879
-0.250441, 0.805338, 0.0161815
-0.240748, 0.805769, 0.0135169
-0.230971, 0.805942, 0.0124435
-0.221308, 0.806546, 0.00870657
-0.352506, 0.827478, -0.0388956
-0.3379, 0.816183, 0.0298843
-0.326686, 0.812652, 0.0513864
-0.317141, 0.813181, 0.0481639
-0.308177, 0.815282, 0.0353713
-0.29916, 0.817377, 0.0226107
-0.289613, 0.818117, 0.0181079
-0.279882, 0.81837, 0.0165682
-0.270176, 0.818714, 0.0144701
-0.260543, 0.819316, 0.0108047
-0.346276, 0.82586, 0.0501518
-0.336476, 0.825747, 0.0508327
-0.32688, 0.826143, 0.0484571
-0.346387, 0.839135, 0.048564
