0.344574, 0.0582379, 0.0744815
0.102182, 0.0713652, 0.0616426
0.111743, 0.0712565, 0.0691609
0.315168, 0.0711148, 0.0789647
0.324664, 0.0710708, 0.0820141
0.334097, 0.0710157, 0.0858254
0.343555, 0.0709691, 0.0890508
0.0826363, 0.0842566, 0.0665617
0.0922232, 0.0841335, 0.0737743
0.101799, 0.0840242, 0.0801706
0.111391, 0.0839471, 0.0846839
0.295812, 0.084056, 0.0783081
0.30501, 0.0839181, 0.0863829
0.314315, 0.0838175, 0.0922766
0.323909, 0.0837974, 0.0934491
0.33351, 0.0837804, 0.0944476
0.3432, 0.0837859, 0.0941234
0.063171, 0.0971861, 0.0682421
0.0727975, 0.0970633, 0.074472
0.0824173, 0.0969616, 0.0796351
0.0920096, 0.0968523, 0.0851827
0.101635, 0.0967949, 0.0880919
0.111287, 0.0967712, 0.089294
0.286473, 0.0971094, 0.0721345
0.295523, 0.0968928, 0.0831237
0.304695, 0.0967287, 0.0914516
0.314103, 0.0966471, 0.0955935
0.32377, 0.0966477, 0.0955653
0.333453, 0.096653, 0.0952945
0.343179, 0.0966701, 0.0944266
-0.124892, 0.113236, -0.070178
-0.114847, 0.113182, -0.0677905
-0.104818, 0.113137, -0.0657425
-0.0947898, 0.113083, -0.0633254
-0.0847637, 0.113018, -0.0604486
-0.0750947, 0.113476, -0.0809579
0.0534832, 0.110208, 0.0653906
0.0631023, 0.110024, 0.0736055
0.0727042, 0.109864, 0.0807862
0.0829093, 0.110546, 0.0502605
0.0919973, 0.109751, 0.0858388
0.101656, 0.109724, 0.0870495
0.111335, 0.109721, 0.0871911
0.276639, 0.110008, 0.0743284
0.285843, 0.109815, 0.0829592
0.295237, 0.109705, 0.0878844
0.304767, 0.109651, 0.0903044
0.31444, 0.109651, 0.0903335
0.323987, 0.109607, 0.0922709
0.333678, 0.109614, 0.0919809
0.343418, 0.109636, 0.0910063
-0.144842, 0.126528, -0.0690179
-0.134725, 0.126409, -0.0642209
-0.12463, 0.126292, -0.0595398
-0.114595, 0.12622, -0.0566669
-0.104599, 0.126182, -0.0551486
-0.094599, 0.126132, -0.0531335
-0.0847404, 0.12628, -0.0590582
0.0437427, 0.123127, 0.0672402
0.0534083, 0.123001, 0.0723019
0.0630404, 0.122848, 0.0784335
0.0727399, 0.122849, 0.0783701
0.0824277, 0.122833, 0.0790129
0.0920909, 0.122788, 0.0808392
0.101757, 0.122755, 0.082159
0.111395, 0.122695, 0.0845428
0.266563, 0.12278, 0.0811372
0.276108, 0.122714, 0.0837808
0.285597, 0.122629, 0.0871992
0.295274, 0.122627, 0.087266
0.305135, 0.1227, 0.084362
0.315113, 0.122813, 0.0798297
0.324639, 0.122749, 0.082397
0.334206, 0.122704, 0.0842104
-0.184765, 0.139822, -0.0681009
-0.174672, 0.139737, -0.0650277
-0.164637, 0.139692, -0.0633984
-0.154642, 0.139677, -0.0628328
-0.144604, 0.139618, -0.06071
-0.134583, 0.139568, -0.0588808
-0.124556, 0.139503, -0.0565329
-0.114526, 0.139423, -0.0536499
-0.104528, 0.139371, -0.0517569
-0.0945949, 0.139403, -0.0529103
-0.0851136, 0.140187, -0.0813341
0.0340041, 0.136016, 0.06984
0.0436685, 0.135857, 0.0756068
0.0533435, 0.135783, 0.0782838
0.0630621, 0.135826, 0.0767417
0.0728374, 0.135963, 0.071775
0.0840489, 0.138433, -0.0177698
0.093941, 0.138439, -0.0179815
0.1038, 0.1384, -0.0165629
0.114334, 0.139189, -0.045166
0.124783, 0.139757, -0.0657463
0.257092, 0.135822, 0.0768785
0.266308, 0.135575, 0.0858455
0.275765, 0.135464, 0.0898786
0.285477, 0.13548, 0.0892711
0.295441, 0.135612, 0.0844827
0.305464, 0.135762, 0.0790706
-0.194733, 0.153123, -0.0675993
-0.184514, 0.15293, -0.0612197
-0.174431, 0.152835, -0.0580535
-0.164479, 0.152849, -0.0585365
-0.154578, 0.152916, -0.0607438
-0.14465, 0.152963, -0.062304
-0.134721, 0.153016, -0.0640578
-0.124628, 0.152877, -0.0594473
-0.114577, 0.152769, -0.0558867
-0.104544, 0.152667, -0.0525031
-0.0948415, 0.153077, -0.0660853
0.0242775, 0.148902, 0.0720954
0.0339424, 0.1487, 0.0787935
0.0436292, 0.148662, 0.0800385
0.0533528, 0.148741, 0.0774202
0.0631173, 0.148892, 0.0724306
0.0742488, 0.151797, -0.0237217
0.0845203, 0.152468, -0.0459146
0.0943989, 0.152363, -0.0424452
0.104306, 0.15232, -0.0410304
0.114261, 0.152348, -0.0419345
0.124358, 0.152546, -0.0485086
0.257351, 0.148907, 0.0719314
0.266288, 0.148476, 0.0862069
0.275742, 0.148353, 0.0902839
0.285401, 0.148344, 0.0905681
0.295249, 0.148431, 0.0876775
0.305351, 0.148636, 0.0808954
-0.204834, 0.166532, -0.0704527
-0.194627, 0.166348, -0.0648551
-0.184455, 0.166175, -0.0595951
-0.174479, 0.16617, -0.0594335
-0.164574, 0.166237, -0.0614595
-0.154714, 0.166359, -0.0651827
-0.144791, 0.166426, -0.0672407
-0.11467, 0.166188, -0.0599933
-0.104635, 0.166088, -0.0569215
0.0145612, 0.161791, 0.0738978
0.0242502, 0.161668, 0.0776391
0.0339298, 0.16157, 0.0806146
0.043644, 0.161644, 0.0783725
0.0533855, 0.161774, 0.0744081
0.0631503, 0.161924, 0.0698524
0.0747401, 0.166089, -0.0569663
0.0845832, 0.165849, -0.0496693
0.0944656, 0.165729, -0.0460052
0.104431, 0.165763, -0.0470443
0.114421, 0.165827, -0.0489941
0.124667, 0.166222, -0.0610166
0.266481, 0.161504, 0.0826397
0.275855, 0.161319, 0.0882792
0.28542, 0.161254, 0.09025
0.29519, 0.161306, 0.0886717
0.3053, 0.161535, 0.081706
0.315639, 0.161866, 0.0716095
-0.2148, 0.179833, -0.0698366
-0.204673, 0.179713, -0.0664492
-0.194538, 0.179574, -0.0625296
-0.184575, 0.179586, -0.0628843
-0.174681, 0.179672, -0.0653005
-0.164766, 0.179745, -0.0673566
0.00485447, 0.17476, 0.0731711
0.0145485, 0.174582, 0.0781965
0.0242374, 0.17451, 0.0802283
0.033955, 0.174625, 0.0769682
0.0436955, 0.174782, 0.0725546
0.0534339, 0.174875, 0.0699401
0.0749192, 0.179806, -0.0690789
0.084706, 0.179377, -0.0570011
0.0945826, 0.179209, -0.0522552
0.104582, 0.179283, -0.0543504
0.114622, 0.179409, -0.0578809
0.276215, 0.174452, 0.0818663
0.285584, 0.174254, 0.0874276
0.295287, 0.174268, 0.0870476
0.305342, 0.174481, 0.0810428
0.31547, 0.174722, 0.0742435
-0.224838, 0.193194, -0.0708923
-0.214671, 0.193037, -0.0667872
-0.204582, 0.192939, -0.0641928
-0.194666, 0.193002, -0.0658684
-0.184766, 0.193089, -0.0681467
-0.174778, 0.193088, -0.0681028
-0.00485218, 0.187617, 0.0754914
0.00484829, 0.187466, 0.0794396
0.0145444, 0.187461, 0.079586
0.0242618, 0.187625, 0.0752845
0.0339979, 0.187798, 0.0707483
0.043717, 0.187821, 0.0701303
0.0848189, 0.192922, -0.0637431
0.0946688, 0.192659, -0.0568609
0.104638, 0.192666, -0.0570498
0.114711, 0.192848, -0.0618157
0.276578, 0.18762, 0.0754123
0.285902, 0.18737, 0.0819597
0.295498, 0.18731, 0.08354
0.305428, 0.187458, 0.0796504
0.315571, 0.187724, 0.072679
-0.244902, 0.206584, -0.0725317
-0.234772, 0.206466, -0.0696254
-0.224633, 0.20633, -0.0662842
-0.214618, 0.206299, -0.0655274
-0.204738, 0.206402, -0.0680556
-0.194792, 0.206446, -0.0691299
-0.184878, 0.206531, -0.0712104
-0.0242678, 0.200614, 0.0740733
-0.0145537, 0.200517, 0.0764399
-0.0048473, 0.200354, 0.0804482
0.00484883, 0.200417, 0.0788922
0.0145611, 0.200619, 0.0739527
0.0242808, 0.200721, 0.0714283
0.0847953, 0.206169, -0.0623341
0.0946825, 0.205976, -0.0575924
0.104615, 0.205908, -0.0559201
0.114617, 0.205979, -0.0576754
0.124643, 0.206076, -0.0600519
0.134788, 0.206342, -0.0665889
0.286326, 0.20059, 0.0746512
0.295688, 0.200357, 0.0803785
0.305429, 0.200387, 0.079639
0.315573, 0.200672, 0.0726342
0.325737, 0.200952, 0.0657716
-0.264877, 0.219898, -0.0722008
-0.254809, 0.219835, -0.0707488
-0.244682, 0.219715, -0.0679717
-0.234576, 0.219603, -0.0653839
-0.224629, 0.219637, -0.0661836
-0.214777, 0.219772, -0.0692973
-0.204842, 0.21983, -0.0706282
-0.0437019, 0.213653, 0.0718427
-0.0339695, 0.213523, 0.0748568
-0.0242454, 0.213359, 0.0786223
-0.0145387, 0.213233, 0.0815291
-0.00484895, 0.213353, 0.0787702
0.00485395, 0.213573, 0.0736923
0.0145699, 0.213691, 0.0709615
0.084785, 0.219444, -0.0617156
0.0946729, 0.219243, -0.0570798
0.104576, 0.219111, -0.054049
0.11451, 0.219063, -0.0529327
0.124508, 0.219134, -0.0545754
0.134558, 0.219279, -0.0579262
0.144562, 0.219336, -0.0592246
0.286526, 0.21368, 0.0712185
0.295855, 0.213404, 0.0775981
0.305422, 0.21331, 0.0797501
0.315493, 0.213565, 0.0738897
0.325448, 0.213727, 0.0701413
-0.274894, 0.233244, -0.0726051
-0.264629, 0.233006, -0.0674381
-0.254439, 0.23282, -0.0633807
-0.244447, 0.232807, -0.0630946
-0.234589, 0.232926, -0.0656819
-0.224779, 0.233104, -0.069562
-0.214856, 0.233177, -0.071147
-0.053398, 0.226537, 0.0732508
-0.0436415, 0.226289, 0.0786529
-0.0339179, 0.226119, 0.0823474
-0.0242215, 0.226068, 0.0834594
-0.0145432, 0.226227, 0.0799923
-0.00485389, 0.226514, 0.0737524
0.00485493, 0.226563, 0.0726986
0.0947352, 0.232683, -0.0604081
0.104635, 0.232523, -0.0569329
0.114539, 0.232398, -0.0542088
0.124468, 0.23234, -0.0529428
0.134464, 0.232406, -0.054388
0.144507, 0.23254, -0.057292
0.154589, 0.232715, -0.0611081
0.296044, 0.226482, 0.0744557
0.30547, 0.226274, 0.0789661
0.315346, 0.226403, 0.0761795
0.325494, 0.226713, 0.0694385
-0.274658, 0.24636, -0.068233
-0.264403, 0.246111, -0.0631285
-0.254221, 0.245913, -0.0590558
-0.24429, 0.245952, -0.059844
-0.234564, 0.246209, -0.0651379
-0.063132, 0.239578, 0.0712833
-0.053326, 0.239159, 0.0798998
-0.0435728, 0.238843, 0.0863924
-0.0338806, 0.238777, 0.0877547
-0.0242196, 0.238967, 0.0838542
-0.0145519, 0.239296, 0.0770745
0.104761, 0.246105, -0.0629992
0.114674, 0.245968, -0.0601845
0.124559, 0.245797, -0.0566578
0.134465, 0.245688, -0.0544262
0.144449, 0.245729, -0.0552649
0.154473, 0.245828, -0.0572929
0.164453, 0.24585, -0.0577421
0.17461, 0.246118, -0.0632553
0.296115, 0.239481, 0.0732675
0.305564, 0.239277, 0.0774632
0.315221, 0.239244, 0.0781431
0.325424, 0.239615, 0.0705099
0.335348, 0.239766, 0.0674167
-0.274954, 0.259957, -0.07371
-0.264563, 0.259571, -0.0661855
-0.254249, 0.259235, -0.0596128
-0.244174, 0.259123, -0.057435
-0.234293, 0.259218, -0.059289
-0.224494, 0.259416, -0.0631433
-0.214712, 0.259652, -0.0677571
-0.0728444, 0.252527, 0.0713029
-0.0630475, 0.25219, 0.0778818
-0.0532609, 0.251779, 0.0859013
-0.043545, 0.251593, 0.0895362
-0.0338787, 0.25167, 0.0880275
-0.0242338, 0.252032, 0.0809741
-0.0145588, 0.252352, 0.0747123
0.124813, 0.25961, -0.0669436
0.134627, 0.259282, -0.0605392
0.14446, 0.259032, -0.055655
0.154398, 0.25899, -0.0548406
0.164419, 0.259085, -0.0566859
0.174399, 0.259107, -0.057117
0.184339, 0.259072, -0.0564327
0.296335, 0.252614, 0.0696125
0.305689, 0.252314, 0.0754533
0.315219, 0.252175, 0.0781717
0.325253, 0.252435, 0.0730906
0.335357, 0.252733, 0.0672798
-0.264693, 0.273016, -0.068666
-0.254513, 0.272811, -0.0648565
-0.244323, 0.272578, -0.060534
-0.234297, 0.272516, -0.0593739
-0.224318, 0.272505, -0.0591807
-0.214412, 0.272585, -0.0606651
-0.204541, 0.272722, -0.0632
-0.194849, 0.273121, -0.0706124
-0.0727684, 0.2652, 0.0764441
-0.0629846, 0.264858, 0.0827909
-0.0532349, 0.264561, 0.0883007
-0.0435541, 0.26455, 0.0885105
-0.0339141, 0.264853, 0.0828843
-0.0242626, 0.265272, 0.0751147
0.144671, 0.272714, -0.0630531
0.154443, 0.272351, -0.0563202
0.164323, 0.272212, -0.0537415
0.174327, 0.272282, -0.0550284
0.184328, 0.272341, -0.0561242
0.194281, 0.272326, -0.0558515
0.204383, 0.272511, -0.0592852
0.305855, 0.265398, 0.0727673
0.31525, 0.265133, 0.0776906
0.32504, 0.265207, 0.076324
0.335233, 0.265595, 0.0691137
0.345189, 0.265779, 0.0656915
-0.254755, 0.286391, -0.0696707
-0.244673, 0.286284, -0.0677867
-0.234403, 0.285939, -0.061666
-0.224282, 0.285751, -0.0583482
-0.214281, 0.285708, -0.0575862
-0.204378, 0.285796, -0.0591412
-0.194531, 0.285977, -0.0623384
-0.184769, 0.286309, -0.0682187
-0.0824278, 0.277992, 0.0790076
-0.072676, 0.277784, 0.0826936
-0.0629256, 0.277518, 0.0874
-0.0532366, 0.277476, 0.0881414
-0.0435917, 0.277695, 0.0842605
-0.0339559, 0.278115, 0.0768361
0.154566, 0.285864, -0.0603452
0.164443, 0.285699, -0.0574207
0.174261, 0.285455, -0.0531073
0.184221, 0.28546, -0.0531845
0.194254, 0.285571, -0.05515
0.204197, 0.285544, -0.0546823
0.214116, 0.285488, -0.0536861
0.305989, 0.278466, 0.0706053
0.315221, 0.278041, 0.0781455
0.324832, 0.277966, 0.0794735
0.334893, 0.278269, 0.0741038
0.345051, 0.278632, 0.0676713
0.355026, 0.278833, 0.0641108
-0.244787, 0.299739, -0.0701423
-0.234613, 0.299506, -0.0662017
-0.224363, 0.29915, -0.0601749
-0.214237, 0.298935, -0.0565376
-0.204242, 0.298891, -0.055788
-0.194336, 0.298979, -0.0572791
-0.184432, 0.299078, -0.0589619
-0.174622, 0.299351, -0.0635777
-0.164954, 0.299916, -0.0731263
-0.101858, 0.291022, 0.0773067
-0.0920769, 0.290769, 0.0815873
-0.0823143, 0.290521, 0.085783
-0.072598, 0.290392, 0.0879741
-0.0628923, 0.290272, 0.0899949
-0.0532332, 0.290363, 0.0884585
-0.0436146, 0.290763, 0.0816851
-0.0339825, 0.291279, 0.0729694
0.174382, 0.29894, -0.0566235
0.184198, 0.298699, -0.0525527
0.194114, 0.298637, -0.0514984
0.204126, 0.298721, -0.0529113
0.214094, 0.298736, -0.0531716
0.22401, 0.298681, -0.0522337
0.234029, 0.298761, -0.0535874
0.305973, 0.291402, 0.0708766
0.315156, 0.290913, 0.0791612
0.324612, 0.290698, 0.0827999
0.334608, 0.290963, 0.0783095
0.344853, 0.291425, 0.0704908
0.354921, 0.291716, 0.0655713
-0.234772, 0.313029, -0.0696225
-0.22446, 0.312581, -0.0623622
-0.214252, 0.312243, -0.0569015
-0.204171, 0.312066, -0.054028
-0.194182, 0.312019, -0.0532613
-0.184246, 0.312057, -0.053874
-0.174335, 0.312143, -0.0552683
-0.164521, 0.312424, -0.0598297
-0.154628, 0.312582, -0.0623822
-0.111442, 0.303638, 0.0824652
-0.101653, 0.303345, 0.0872111
-0.0919029, 0.303118, 0.0908856
-0.0822365, 0.303146, 0.0904274
-0.0725325, 0.303025, 0.0924015
-0.0628725, 0.303078, 0.0915399
-0.0532443, 0.303331, 0.0874367
-0.0436541, 0.303961, 0.0772314
0.184397, 0.312312, -0.0580173
0.194129, 0.311934, -0.0518818
0.203963, 0.311749, -0.0488896
0.213905, 0.311738, -0.0487165
0.223872, 0.311763, -0.0491133
0.233841, 0.311788, -0.0495195
0.243899, 0.311926, -0.0517559
0.28697, 0.304804, 0.0635791
0.296127, 0.304218, 0.0730767
0.305484, 0.303868, 0.0787468
0.31491, 0.303605, 0.0830016
0.324672, 0.303673, 0.0818934
0.334663, 0.303946, 0.077486
0.344867, 0.30439, 0.0702915
0.354922, 0.304682, 0.0655642
-0.224632, 0.326133, -0.0662565
-0.214307, 0.325614, -0.0582037
-0.204151, 0.325313, -0.0535264
-0.194104, 0.325165, -0.0512218
-0.184111, 0.325096, -0.0501566
-0.17415, 0.32508, -0.0498991
-0.164209, 0.325101, -0.0502281
-0.154333, 0.325261, -0.0527129
-0.144512, 0.325568, -0.0574856
-0.134603, 0.325707, -0.0596409
-0.121139, 0.316576, 0.0821977
-0.111253, 0.316024, 0.0907788
-0.101483, 0.315724, 0.0954423
-0.0918358, 0.315786, 0.0944691
-0.0821558, 0.315736, 0.0952458
-0.0724991, 0.315774, 0.0946608
-0.0628715, 0.315969, 0.0916238
-0.0532826, 0.316466, 0.0839019
-0.0436845, 0.317117, 0.0737996
0.194198, 0.325323, -0.0536776
0.203951, 0.324995, -0.0485835
0.213747, 0.324764, -0.0449882
0.22372, 0.324808, -0.0456843
0.233725, 0.324895, -0.0470285
0.243711, 0.324948, -0.0478497
0.253748, 0.325063, -0.0496397
0.276509, 0.316934, 0.0766382
0.286091, 0.316801, 0.0787077
0.295599, 0.316598, 0.0818567
0.305226, 0.31653, 0.0829072
0.315023, 0.316638, 0.0812354
0.324945, 0.316862, 0.077755
0.334901, 0.317104, 0.0739956
0.344858, 0.317334, 0.0704236
0.354789, 0.317528, 0.0674167
-0.214632, 0.339418, -0.0658603
-0.204227, 0.338717, -0.055409
-0.194098, 0.338427, -0.0510755
-0.184044, 0.338242, -0.0483179
-0.174024, 0.338104, -0.0462608
-0.164031, 0.338003, -0.0447416
-0.154043, 0.337902, -0.0432329
-0.144092, 0.33787, -0.0427651
-0.133327, 0.335786, -0.0116577
-0.120885, 0.328808, 0.0924907
-0.111076, 0.328399, 0.098587
-0.101409, 0.328372, 0.0989971
-0.0917728, 0.32845, 0.0978355
-0.0821114, 0.328446, 0.0978971
-0.0724925, 0.328632, 0.0951114
-0.0628947, 0.328988, 0.0898085
-0.053324, 0.32964, 0.0800791
0.203975, 0.338299, -0.0491681
0.213667, 0.337891, -0.0430818
0.223654, 0.337967, -0.0442028
0.233664, 0.338067, -0.0457044
0.243641, 0.338114, -0.0464087
0.252285, 0.33638, -0.0205278
0.256948, 0.329669, 0.0796466
0.266522, 0.329518, 0.0818968
0.275954, 0.329208, 0.0865145
0.28551, 0.329063, 0.0886869
0.295203, 0.329079, 0.0884504
0.305073, 0.329285, 0.0853672
0.31512, 0.329664, 0.0797195
0.32526, 0.330114, 0.0729971
0.33521, 0.330352, 0.0694485
0.345053, 0.330473, 0.0676413
-0.214894, 0.35316, -0.0720606
-0.204564, 0.352581, -0.0637541
-0.194211, 0.351904, -0.0540218
-0.184033, 0.351486, -0.0480227
-0.17392, 0.351152, -0.0432262
-0.163855, 0.350881, -0.0393376
-0.15383, 0.350666, -0.0362511
-0.143, 0.348461, -0.00457573
-0.13055, 0.341687, 0.0927057
-0.120702, 0.341186, 0.0999136
-0.111003, 0.341052, 0.101836
-0.101376, 0.341137, 0.10061
-0.091726, 0.341156, 0.100334
-0.0820984, 0.341272, 0.0986748
-0.0725067, 0.341587, 0.0941477
-0.0629424, 0.342149, 0.086082
-0.0533456, 0.342705, 0.0780849
0.19435, 0.352155, -0.0576243
0.203929, 0.351487, -0.0480351
0.213775, 0.35132, -0.0456433
0.223785, 0.351425, -0.0471401
0.232401, 0.349426, -0.0184321
0.239173, 0.34493, 0.0461326
0.246988, 0.342232, 0.0848894
0.256387, 0.341849, 0.0903835
0.265889, 0.341627, 0.0935683
0.275499, 0.341555, 0.0946112
0.285205, 0.341601, 0.0939412
0.295009, 0.341759, 0.0916777
0.30498, 0.342094, 0.0868711
0.315213, 0.342693, 0.0782652
0.325378, 0.343185, 0.0711956
-0.204916, 0.366516, -0.0724721
-0.194456, 0.365643, -0.0603819
-0.184009, 0.364702, -0.0473642
-0.173621, 0.363776, -0.0345497
-0.163511, 0.363359, -0.0287719
-0.152686, 0.361192, 0.00121737
-0.140268, 0.354701, 0.0910492
-0.130368, 0.354087, 0.099545
-0.120622, 0.353826, 0.103163
-0.110964, 0.3538, 0.103524
-0.101341, 0.35389, 0.102269
-0.0916931, 0.353903, 0.102091
-0.0820997, 0.354156, 0.0985937
-0.0725469, 0.354673, 0.0914316
-0.0629962, 0.355363, 0.0818844
0.184444, 0.365565, -0.0593076
0.194141, 0.365051, -0.052187
0.203888, 0.364678, -0.0470309
0.211266, 0.360298, 0.013587
0.219498, 0.357701, 0.0495305
0.227522, 0.354998, 0.0869355
0.236958, 0.354631, 0.0920124
0.246423, 0.354334, 0.0961313
0.255974, 0.354178, 0.0982862
0.265628, 0.35417, 0.0983973
0.275353, 0.354256, 0.0972128
0.285119, 0.354386, 0.0954132
0.295042, 0.354696, 0.0911212
0.305341, 0.355423, 0.0810547
0.31555, 0.356005, 0.0730033
-0.204392, 0.378874, -0.0595088
-0.193704, 0.377474, -0.0408139
-0.182703, 0.375282, -0.0115433
-0.171953, 0.373383, 0.0138063
-0.161856, 0.372758, 0.0221553
-0.150779, 0.369652, 0.0636363
-0.140103, 0.367166, 0.0968385
-0.130291, 0.366745, 0.10246
-0.12058, 0.366562, 0.104897
-0.110948, 0.366613, 0.104226
-0.101309, 0.366643, 0.103824
-0.0916843, 0.366737, 0.102563
-0.0821191, 0.367121, 0.0974345
-0.0726037, 0.367858, 0.0875883
-0.06355, 0.371523, 0.0386496
-0.0539996, 0.373089, 0.0177441
-0.0441581, 0.37289, 0.02039
-0.0343313, 0.37274, 0.0223994
-0.0245167, 0.372655, 0.0235381
-0.0147075, 0.372589, 0.0244198
-0.00490311, 0.372635, 0.0238047
0.00490589, 0.372846, 0.0209808
0.0147218, 0.372951, 0.0195827
0.0245094, 0.372543, 0.0250244
0.0343659, 0.373115, 0.0173936
0.0443198, 0.374256, 0.00215435
0.174663, 0.379267, -0.0647674
0.184313, 0.378589, -0.0557051
0.193933, 0.37792, -0.0467753
0.200053, 0.37083, 0.0479107
0.208126, 0.367851, 0.0876808
0.217566, 0.367444, 0.0931211
0.227055, 0.367152, 0.0970178
0.236587, 0.366951, 0.0997095
0.24618, 0.366856, 0.100976
0.255855, 0.366887, 0.100565
0.265618, 0.367035, 0.0985808
0.275499, 0.367332, 0.0946207
0.285473, 0.367728, 0.0893269
0.295579, 0.368263, 0.0821867
0.306009, 0.369154, 0.0702915
0.316133, 0.369633, 0.0638952
0.325993, 0.369783, 0.0618849
-0.202508, 0.388553, -0.0128741
-0.191047, 0.385361, 0.0283065
-0.180225, 0.383181, 0.0564303
-0.170082, 0.38228, 0.0680561
-0.159864, 0.38109, 0.083405
-0.149886, 0.380355, 0.092885
-0.140043, 0.379886, 0.0989327
-0.130278, 0.379576, 0.102933
-0.120571, 0.379395, 0.105269
-0.110919, 0.379376, 0.105521
-0.101281, 0.379402, 0.105184
-0.0916929, 0.379641, 0.102099
-0.0821632, 0.380206, 0.0948067
-0.0728452, 0.382032, 0.0712452
-0.0633634, 0.383429, 0.0532222
-0.0536062, 0.383366, 0.0540423
-0.0438639, 0.383403, 0.0535655
-0.0341201, 0.383445, 0.0530281
-0.0243742, 0.383488, 0.0524697
-0.0146252, 0.383504, 0.0522642
-0.00487571, 0.383554, 0.0516105
0.00487673, 0.383634, 0.0505776
0.014635, 0.383761, 0.0489421
0.0244, 0.383894, 0.0472326
0.0341847, 0.384171, 0.0436535
0.0439929, 0.38453, 0.0390244
0.0538414, 0.385048, 0.0323458
0.0637428, 0.385726, 0.0235982
0.0735377, 0.385664, 0.0243907
0.0837305, 0.387459, 0.00123787
0.174498, 0.392206, -0.0600014
0.184039, 0.391291, -0.0481997
0.190124, 0.383498, 0.0523415
0.198277, 0.380434, 0.0918703
0.207721, 0.380017, 0.0972509
0.217218, 0.379729, 0.100968
0.226786, 0.379584, 0.102829
0.236409, 0.379542, 0.103382
0.246104, 0.379612, 0.102474
0.255902, 0.379829, 0.0996685
0.265738, 0.380085, 0.0963645
0.275617, 0.380384, 0.0925126
0.285515, 0.380686, 0.0886159
0.295368, 0.380911, 0.0857096
0.305212, 0.381111, 0.0831285
0.315041, 0.38128, 0.0809474
0.325064, 0.381667, 0.0759649
0.335221, 0.382184, 0.0692911
-0.210537, 0.398226, 0.0307746
-0.20026, 0.397263, 0.0427856
-0.189852, 0.39593, 0.0594268
-0.179684, 0.39498, 0.0712752
-0.169569, 0.394045, 0.0829449
-0.159609, 0.393379, 0.0912561
-0.149755, 0.392907, 0.0971527
-0.139973, 0.392569, 0.10136
-0.130243, 0.392336, 0.104275
-0.120553, 0.392199, 0.105977
-0.1109, 0.392167, 0.106386
-0.10127, 0.39222, 0.105722
-0.0916903, 0.392499, 0.10224
-0.0821718, 0.393136, 0.0942912
-0.0727459, 0.394444, 0.0779629
-0.0631958, 0.395379, 0.0663033
-0.0534658, 0.395323, 0.0669961
-0.0437465, 0.395338, 0.0668068
-0.0340251, 0.395339, 0.0668001
-0.0243013, 0.395301, 0.0672765
-0.0145798, 0.395272, 0.0676346
-0.00486017, 0.395292, 0.0673862
0.00486041, 0.395312, 0.0671415
0.0145824, 0.395343, 0.0667496
0.0243085, 0.395418, 0.0658083
0.0340433, 0.39555, 0.0641608
0.0437891, 0.395724, 0.0619993
0.0535495, 0.395942, 0.0592742
0.063342, 0.396293, 0.0548906
0.073181, 0.396804, 0.0485234
0.0830589, 0.39738, 0.0413303
0.0930499, 0.398319, 0.0296178
0.102921, 0.398616, 0.0259027
0.11307, 0.399841, 0.0106225
0.164593, 0.405663, -0.0620279
0.174157, 0.404707, -0.0500927
0.183622, 0.403637, -0.0367403
0.188763, 0.39366, 0.0877552
0.198093, 0.392965, 0.0964279
0.207551, 0.392577, 0.101271
0.217036, 0.392273, 0.105055
0.226595, 0.392122, 0.106944
0.236163, 0.391998, 0.108484
0.245835, 0.392051, 0.107831
0.255543, 0.392155, 0.106534
0.265318, 0.39235, 0.104102
0.275138, 0.392594, 0.101051
0.285019, 0.392908, 0.0971394
0.294903, 0.393204, 0.0934362
0.304763, 0.39345, 0.0903673
0.314606, 0.393661, 0.0877333
0.32448, 0.393896, 0.0848103
0.334489, 0.394277, 0.0800514
0.344927, 0.395127, 0.0694413
0.355185, 0.395731, 0.0619078
-0.210282, 0.410784, 0.0367999
-0.19976, 0.409264, 0.0551643
-0.189422, 0.407985, 0.0706105
-0.179261, 0.40697, 0.082881
-0.169272, 0.406252, 0.0915489
-0.159401, 0.405748, 0.0976396
-0.149574, 0.405297, 0.103097
-0.139829, 0.405023, 0.106406
-0.130134, 0.404861, 0.108356
-0.120482, 0.404821, 0.108845
-0.11086, 0.404879, 0.108143
-0.101255, 0.40502, 0.106441
-0.0916718, 0.405286, 0.103229
-0.0821366, 0.405852, 0.0963922
-0.0726519, 0.40685, 0.0843253
-0.0630724, 0.407545, 0.0759344
-0.0533578, 0.407459, 0.0769663
-0.0436535, 0.407432, 0.0772996
-0.0339455, 0.407345, 0.0783448
-0.0242389, 0.407214, 0.0799298
-0.0145419, 0.407172, 0.0804324
-0.00484728, 0.40717, 0.0804615
0.00484718, 0.407161, 0.0805683
0.0145412, 0.407151, 0.0806909
0.0242391, 0.407217, 0.0798898
0.0339429, 0.407315, 0.0787139
0.0436514, 0.407412, 0.0775361
0.0533634, 0.407502, 0.076448
0.0630999, 0.407722, 0.0737891
0.0728718, 0.408082, 0.0694432
0.0826645, 0.40846, 0.064877
0.0924984, 0.40894, 0.0590749
0.102421, 0.409683, 0.0501056
0.112411, 0.410545, 0.0396795
0.1225, 0.411601, 0.0269299
0.132548, 0.412371, 0.0176229
0.142481, 0.412705, 0.013588
0.153962, 0.417189, -0.040585
0.164293, 0.418201, -0.0528121
0.173551, 0.416522, -0.0325356
0.183123, 0.415739, -0.0230665
0.188681, 0.40639, 0.0898833
0.19801, 0.405678, 0.0984836
0.207456, 0.405262, 0.103518
0.216962, 0.404996, 0.10673
0.226477, 0.404767, 0.109498
0.235975, 0.404528, 0.112386
0.24554, 0.404419, 0.113702
0.25523, 0.404515, 0.112536
0.264917, 0.4046, 0.111516
0.274657, 0.404758, 0.109601
0.284489, 0.405035, 0.106262
0.294367, 0.405358, 0.102357
0.304341, 0.405789, 0.0971537
0.31432, 0.406199, 0.0921993
0.324246, 0.406518, 0.0883465
0.334142, 0.406782, 0.0851521
0.344105, 0.40711, 0.0811815
0.354491, 0.407907, 0.0715604
0.365255, 0.409086, 0.057312
-0.220153, 0.423998, 0.034771
-0.209846, 0.422945, 0.0471005
-0.199326, 0.42134, 0.0659018
-0.189026, 0.420058, 0.0809073
-0.178945, 0.419151, 0.0915327
-0.169042, 0.418579, 0.098228
-0.15919, 0.418074, 0.104146
-0.149426, 0.41775, 0.10794
-0.139735, 0.417598, 0.109722
-0.130069, 0.417506, 0.110793
-0.12042, 0.417457, 0.111366
-0.110798, 0.417501, 0.110852
-0.101197, 0.417636, 0.109267
-0.0916069, 0.417856, 0.106696
-0.082055, 0.41832, 0.101263
-0.0725348, 0.41909, 0.0922456
-0.0629741, 0.419828, 0.0836077
-0.0532617, 0.419638, 0.0858297
-0.0435628, 0.419493, 0.0875211
-0.0338711, 0.419357, 0.0891194
-0.0241869, 0.41924, 0.0904918
-0.0145103, 0.419184, 0.0911474
-0.00483643, 0.419155, 0.0914788
0.004836, 0.419118, 0.0919151
0.0145063, 0.419069, 0.0924969
0.0241776, 0.419078, 0.0923824
0.0338519, 0.419119, 0.0919061
0.0435291, 0.419169, 0.0913224
0.0532095, 0.419227, 0.0906425
0.0629121, 0.419414, 0.0884547
0.0726396, 0.419696, 0.0851545
0.0823817, 0.419985, 0.081759
0.0921621, 0.420388, 0.0770392
0.101998, 0.420943, 0.0705462
0.111859, 0.421499, 0.0640392
0.121734, 0.42201, 0.0580521
0.131634, 0.42253, 0.0519619
0.141601, 0.423175, 0.0444031
0.151618, 0.423877, 0.0361843
0.161644, 0.42452, 0.0286603
0.171655, 0.425051, 0.0224414
0.181622, 0.425422, 0.018096
0.188656, 0.419235, 0.0905452
0.198003, 0.418543, 0.0986466
0.207439, 0.418095, 0.103898
0.216935, 0.4178, 0.107348
0.226438, 0.417545, 0.110337
0.235982, 0.417383, 0.112233
0.245543, 0.417263, 0.113646
0.255114, 0.417168, 0.11475
0.264759, 0.417196, 0.114426
0.274455, 0.4173, 0.113205
0.284232, 0.417516, 0.110674
0.294076, 0.417813, 0.107196
0.303907, 0.418073, 0.104154
0.313866, 0.418489, 0.099287
0.32389, 0.418962, 0.0937486
0.333899, 0.41939, 0.0887299
0.343842, 0.419713, 0.0849466
0.353907, 0.420163, 0.07968
0.364471, 0.421166, 0.0679297
-0.230281, 0.437698, 0.0273414
-0.219806, 0.436356, 0.0425811
-0.209313, 0.434853, 0.0596633
-0.198943, 0.433469, 0.0753846
-0.188709, 0.432257, 0.0891504
-0.178726, 0.431518, 0.0975518
-0.168914, 0.431132, 0.101933
-0.159098, 0.43069, 0.106952
-0.149358, 0.430407, 0.110172
-0.139681, 0.430281, 0.111603
-0.130026, 0.430211, 0.112402
-0.120391, 0.430196, 0.112571
-0.110762, 0.430207, 0.112449
-0.101153, 0.430303, 0.111354
-0.0915623, 0.430503, 0.109076
-0.0819826, 0.430811, 0.105587
-0.0724301, 0.431361, 0.0993357
-0.0628779, 0.432084, 0.0911188
-0.0531821, 0.431903, 0.0931735
-0.0434971, 0.431749, 0.0949316
-0.0338191, 0.431595, 0.0966716
-0.0241481, 0.431447, 0.0983629
-0.014485, 0.431329, 0.0996952
-0.00482752, 0.431257, 0.100516
0.0048268, 0.431192, 0.101253
0.0144783, 0.431128, 0.101976
0.0241295, 0.431115, 0.102131
0.0337825, 0.431128, 0.101976
0.0434365, 0.431147, 0.101767
0.0530912, 0.431165, 0.101556
0.0627622, 0.431289, 0.10015
0.0724562, 0.431517, 0.0975652
0.0821671, 0.43178, 0.0945716
0.0918994, 0.432089, 0.0910687
0.101694, 0.432603, 0.0852203
0.111531, 0.433191, 0.0785389
0.121362, 0.433667, 0.0731378
0.131186, 0.434046, 0.0688257
0.14101, 0.434377, 0.0650721
0.150925, 0.434922, 0.0588722
0.160907, 0.435585, 0.0513411
0.170864, 0.436109, 0.0453954
0.180676, 0.436226, 0.0440636
0.188695, 0.432225, 0.0895162
0.198013, 0.431442, 0.0984092
0.207437, 0.430954, 0.103955
0.216946, 0.430679, 0.107086
0.226466, 0.430446, 0.109733
0.236024, 0.430301, 0.111371
0.245585, 0.430175, 0.112811
0.255137, 0.430041, 0.114327
0.2647, 0.429937, 0.115512
0.274381, 0.430023, 0.114531
0.28408, 0.430133, 0.11329
0.293854, 0.430343, 0.110899
0.30367, 0.430601, 0.107967
0.313527, 0.430899, 0.104589
0.323547, 0.431395, 0.0989437
0.333661, 0.431986, 0.0922379
0.343693, 0.43244, 0.0870733
0.3537, 0.432838, 0.0825481
0.363911, 0.433459, 0.0755014
0.37483, 0.434867, 0.0595021
-0.22995, 0.450115, 0.0344987
-0.219247, 0.448238, 0.0552082
-0.208879, 0.446905, 0.0699091
-0.198638, 0.445724, 0.0829325
-0.1885, 0.444667, 0.094594
-0.178626, 0.444151, 0.100289
-0.168826, 0.443771, 0.104486
-0.159075, 0.443482, 0.107674
-0.149365, 0.443277, 0.109929
-0.139677, 0.443113, 0.111742
-0.130027, 0.443055, 0.112385
-0.120389, 0.443031, 0.112643
-0.110764, 0.443055, 0.11238
-0.101129, 0.443039, 0.112554
-0.0915301, 0.443198, 0.110797
-0.081944, 0.443462, 0.107892
-0.0723587, 0.4438, 0.104166
-0.0627872, 0.44434, 0.0982037
-0.0531214, 0.444288, 0.0987725
-0.0434492, 0.444147, 0.100331
-0.0337822, 0.443995, 0.102011
-0.0241218, 0.443841, 0.103709
-0.0144688, 0.443708, 0.105181
-0.00482192, 0.443615, 0.1062
0.00482095, 0.443525, 0.107191
0.0144604, 0.44345, 0.108017
0.0240996, 0.443434, 0.108204
0.0337394, 0.443432, 0.108218
0.0433788, 0.443428, 0.108271
0.0530178, 0.443422, 0.108328
0.0626684, 0.4435, 0.107475
0.0723331, 0.443643, 0.105896
0.0820092, 0.443815, 0.103996
0.0917018, 0.44403, 0.101629
0.101441, 0.444408, 0.0974593
0.111212, 0.444849, 0.0925937
0.12103, 0.445392, 0.0866003
0.130866, 0.445914, 0.0808454
0.140688, 0.44632, 0.0763569
0.150531, 0.446739, 0.0717435
0.160397, 0.447167, 0.0670152
0.170228, 0.447457, 0.0638137
0.179923, 0.447376, 0.0647106
0.188759, 0.445278, 0.087851
0.19805, 0.444405, 0.0974913
0.207464, 0.443877, 0.103314
0.216977, 0.443598, 0.106386
0.226498, 0.443358, 0.109041
0.236041, 0.44318, 0.111002
0.245569, 0.442987, 0.113128
0.255139, 0.442883, 0.114275
0.264707, 0.442782, 0.115391
0.274311, 0.442747, 0.115779
0.284009, 0.442861, 0.114518
0.293731, 0.443004, 0.112941
0.30354, 0.443265, 0.110069
0.313397, 0.443577, 0.106621
0.323288, 0.443917, 0.102867
0.333359, 0.444479, 0.0966721
0.343486, 0.445081, 0.0900302
0.353559, 0.445582, 0.084507
0.363659, 0.446089, 0.0789137
0.374174, 0.447065, 0.0681448
0.384877, 0.448211, 0.0554991
-0.240421, 0.464486, 0.0202961
-0.2294, 0.462054, 0.0463758
-0.218822, 0.460336, 0.0647879
-0.208557, 0.459148, 0.077527
-0.198389, 0.458068, 0.0891051
-0.188403, 0.45732, 0.0971198
-0.178568, 0.456877, 0.101871
-0.168842, 0.456677, 0.104013
-0.159107, 0.456429, 0.106678
-0.149391, 0.456205, 0.109082
-0.139696, 0.456021, 0.111053
-0.130044, 0.455956, 0.111745
-0.120405, 0.455932, 0.112007
-0.110772, 0.455933, 0.112
-0.101157, 0.456008, 0.111196
-0.0915286, 0.456037, 0.110878
-0.081925, 0.45621, 0.109024
-0.0723286, 0.456473, 0.106203
-0.0627327, 0.456823, 0.102455
-0.0530875, 0.456874, 0.101906
-0.0434232, 0.456747, 0.103265
-0.0337623, 0.456595, 0.1049
-0.0241078, 0.456442, 0.106543
-0.0144603, 0.4563, 0.108058
-0.004819, 0.456197, 0.109168
0.00481786, 0.456089, 0.110322
0.01445, 0.455976, 0.111531
0.0240792, 0.455901, 0.112342
0.0337076, 0.455855, 0.112835
0.0433355, 0.455825, 0.113154
0.0529622, 0.455796, 0.113462
0.0625985, 0.455845, 0.112936
0.0722467, 0.455957, 0.111741
0.0819001, 0.456071, 0.110512
0.0915671, 0.456229, 0.10882
0.101277, 0.456549, 0.10539
0.111007, 0.456898, 0.101653
0.120748, 0.457231, 0.0980783
0.130493, 0.45753, 0.0948696
0.140296, 0.457976, 0.0900884
0.150107, 0.458391, 0.0856471
0.159924, 0.458772, 0.0815554
0.169745, 0.45912, 0.077827
0.179411, 0.459034, 0.0787497
0.188782, 0.45824, 0.0872579
0.198122, 0.457451, 0.0957189
0.207492, 0.456805, 0.102646
0.216979, 0.456459, 0.106359
0.226465, 0.456143, 0.109745
0.235999, 0.455943, 0.111889
0.245529, 0.455753, 0.113928
0.255076, 0.455608, 0.115477
0.264669, 0.455551, 0.116085
0.274285, 0.455537, 0.116242
0.283976, 0.455645, 0.115086
0.293694, 0.455787, 0.113561
0.303437, 0.455959, 0.111717
0.313279, 0.456262, 0.108467
0.323147, 0.456586, 0.104992
0.333091, 0.456994, 0.10062
0.343244, 0.457659, 0.0934954
0.35341, 0.458303, 0.0865893
0.363586, 0.458927, 0.0799003
0.37383, 0.4596, 0.0726786
0.38466, 0.460942, 0.0582895
-0.240064, 0.476863, 0.0276747
-0.228981, 0.474203, 0.0554142
-0.21857, 0.47276, 0.0704589
-0.208298, 0.471497, 0.0836306
-0.198222, 0.470576, 0.0932298
-0.188327, 0.470012, 0.0991073
-0.17855, 0.469699, 0.102377
-0.168846, 0.469552, 0.103901
-0.159141, 0.469384, 0.105656
-0.149442, 0.469216, 0.107409
-0.139756, 0.469067, 0.108963
-0.130097, 0.46899, 0.109767
-0.120454, 0.468966, 0.110015
-0.11081, 0.468936, 0.110324
-0.101178, 0.468952, 0.11016
-0.0915519, 0.469003, 0.109634
-0.0819333, 0.469108, 0.108531
-0.0723234, 0.469299, 0.106549
-0.0627087, 0.469512, 0.104327
-0.0530638, 0.469534, 0.104092
-0.043408, 0.469449, 0.104979
-0.0337497, 0.469282, 0.106722
-0.0240986, 0.46912, 0.108415
-0.0144545, 0.468967, 0.110008
-0.00481684, 0.468837, 0.111362
0.00481552, 0.468709, 0.112694
0.0144427, 0.468585, 0.113992
0.0240669, 0.468504, 0.114838
0.0336888, 0.468434, 0.115561
0.0433083, 0.46837, 0.116226
0.0529276, 0.468329, 0.116656
0.0625577, 0.468381, 0.116117
0.0721955, 0.468468, 0.115206
0.0818359, 0.468551, 0.114346
0.0914816, 0.468643, 0.113388
0.101161, 0.468872, 0.110993
0.110864, 0.469162, 0.107971
0.120585, 0.469479, 0.104667
0.130311, 0.469764, 0.101697
0.140053, 0.470063, 0.0985823
0.149798, 0.470334, 0.0957484
0.159529, 0.47053, 0.0937047
0.169275, 0.470744, 0.0914736
0.178985, 0.470842, 0.0904527
0.188645, 0.470805, 0.090836
0.198127, 0.47035, 0.0955868
0.207485, 0.469656, 0.102818
0.216942, 0.469237, 0.10719
0.226402, 0.468861, 0.111109
0.235935, 0.468661, 0.1132
0.245487, 0.468512, 0.11475
0.255059, 0.46841, 0.115815
0.264666, 0.46838, 0.116132
0.274296, 0.468388, 0.116045
0.283958, 0.46845, 0.1154
0.293672, 0.468591, 0.113926
0.303392, 0.468733, 0.112444
0.313184, 0.468973, 0.10994
0.323061, 0.469323, 0.106299
0.33296, 0.469683, 0.10254
0.343027, 0.470253, 0.0965948
0.353192, 0.470922, 0.0896177
0.363391, 0.471601, 0.0825453
0.373639, 0.472306, 0.0751872
0.384243, 0.473414, 0.0636406
0.395074, 0.474739, 0.0498209
0.674508, 0.479213, 0.00317144
-0.250522, 0.491219, 0.0145717
-0.239633, 0.489048, 0.0366035
-0.228789, 0.486784, 0.0595756
-0.218365, 0.485255, 0.0750933
-0.208099, 0.483951, 0.0883293
-0.198131, 0.483246, 0.0954838
-0.188282, 0.482775, 0.100263
-0.178535, 0.482528, 0.102772
-0.168821, 0.482347, 0.104611
-0.159173, 0.482341, 0.10467
-0.149511, 0.482295, 0.10514
-0.139827, 0.482162, 0.106492
-0.130157, 0.482064, 0.107484
-0.12051, 0.482039, 0.107739
-0.110862, 0.482007, 0.108059
-0.101216, 0.481982, 0.108312
-0.0915777, 0.481988, 0.108256
-0.0819461, 0.482036, 0.107763
-0.0723203, 0.482135, 0.106762
-0.0627023, 0.482325, 0.104829
-0.0530557, 0.482325, 0.104836
-0.0434009, 0.482232, 0.105779
-0.0337439, 0.482055, 0.107572
-0.0240942, 0.481885, 0.109297
-0.0144518, 0.481723, 0.110941
-0.00481575, 0.481573, 0.112468
0.0048143, 0.481428, 0.113936
0.0144388, 0.481293, 0.115307
0.0240598, 0.481197, 0.116281
0.0336778, 0.481111, 0.117153
0.0432921, 0.481022, 0.118054
0.0529025, 0.480932, 0.118974
0.0625214, 0.480934, 0.11895
0.072149, 0.480993, 0.118354
0.0817791, 0.481054, 0.117738
0.0914145, 0.481129, 0.116974
0.101084, 0.481353, 0.114697
0.110772, 0.481616, 0.112026
0.120475, 0.4819, 0.109142
0.130193, 0.482197, 0.106132
0.139927, 0.482506, 0.102995
0.14967, 0.482808, 0.0999355
0.159407, 0.483051, 0.0974684
0.16915, 0.483285, 0.095088
0.178826, 0.483314, 0.0947986
0.188479, 0.483279, 0.095149
0.198083, 0.483128, 0.0966816
0.207483, 0.482519, 0.102861
0.216921, 0.482046, 0.107662
0.226397, 0.481696, 0.111215
0.235923, 0.481475, 0.113462
0.245489, 0.481351, 0.114716
0.255061, 0.481246, 0.11578
0.264676, 0.481229, 0.11596
0.274306, 0.481239, 0.115853
0.283946, 0.481264, 0.115597
0.293649, 0.481392, 0.114305
0.303375, 0.481548, 0.112722
0.313126, 0.481732, 0.110847
0.322985, 0.482067, 0.107448
0.332889, 0.482448, 0.103587
0.342857, 0.482898, 0.0990205
0.353037, 0.483612, 0.0917745
0.363258, 0.484344, 0.0843406
0.373535, 0.48511, 0.0765629
0.384015, 0.486095, 0.0665693
0.395088, 0.487763, 0.0496397
0.673755, 0.491792, 0.00874996
0.68365, 0.491835, 0.00831747
-0.250481, 0.504236, 0.0153766
-0.239565, 0.501946, 0.0380168
-0.228719, 0.499613, 0.0610843
-0.218233, 0.497894, 0.0780706
-0.208036, 0.496705, 0.0898266
-0.198065, 0.495967, 0.0971231
-0.188269, 0.495615, 0.100602
-0.178526, 0.495368, 0.10304
-0.16883, 0.495233, 0.104378
-0.159179, 0.495224, 0.104464
-0.149547, 0.495273, 0.103981
-0.139886, 0.495229, 0.104415
-0.130219, 0.495154, 0.105161
-0.120567, 0.495127, 0.105429
-0.110915, 0.495099, 0.1057
-0.101264, 0.495066, 0.106031
-0.0916139, 0.495036, 0.10632
-0.0819674, 0.495019, 0.106494
-0.0723397, 0.495124, 0.105451
-0.0627162, 0.495297, 0.103745
-0.0530623, 0.495248, 0.104229
-0.0434039, 0.495125, 0.105441
-0.0337456, 0.494935, 0.107326
-0.0240947, 0.494746, 0.109194
-0.0144516, 0.494564, 0.11099
-0.00481556, 0.494396, 0.112652
0.00481389, 0.494224, 0.114357
0.014437, 0.494064, 0.11593
0.0240559, 0.493949, 0.117069
0.0336709, 0.49384, 0.118152
0.0432818, 0.493733, 0.11921
0.0528895, 0.493635, 0.120174
0.0625056, 0.493634, 0.120183
0.0721273, 0.493671, 0.119819
0.0817509, 0.493711, 0.119421
0.0913791, 0.493768, 0.118862
0.101035, 0.493949, 0.117067
0.110705, 0.494161, 0.114971
0.120388, 0.494395, 0.112665
0.130091, 0.494666, 0.109982
0.139808, 0.494953, 0.107142
0.149541, 0.495253, 0.104175
0.159274, 0.495518, 0.101557
0.169012, 0.495769, 0.0990829
0.178662, 0.495746, 0.0993094
0.188299, 0.495692, 0.099844
0.19794, 0.495653, 0.100222
0.207449, 0.495304, 0.103678
0.216891, 0.494833, 0.108329
0.226405, 0.494558, 0.111048
0.235928, 0.494325, 0.113355
0.245503, 0.494215, 0.114446
0.255065, 0.494088, 0.115694
0.26467, 0.494051, 0.11606
0.274305, 0.49407, 0.115879
0.283938, 0.494084, 0.115736
0.293631, 0.494198, 0.114609
0.303366, 0.494374, 0.112873
0.31311, 0.494552, 0.111106
0.32295, 0.494869, 0.107981
0.332868, 0.495282, 0.103889
0.342816, 0.495715, 0.0996175
0.352957, 0.496396, 0.0928836
0.363154, 0.497118, 0.0857444
0.373445, 0.497926, 0.0777545
0.383911, 0.498922, 0.0679126
0.394945, 0.500588, 0.0514402
0.407163, 0.503639, 0.021276
0.654379, 0.505134, 0.00649834
0.663588, 0.504655, 0.0112395
0.673283, 0.504552, 0.0122523
0.683379, 0.50475, 0.0103002
-0.250292, 0.516943, 0.0191398
-0.239585, 0.515027, 0.0375986
-0.228839, 0.51286, 0.0584798
-0.21824, 0.510842, 0.07792
-0.208034, 0.509602, 0.0898724
-0.198088, 0.50891, 0.0965414
-0.188275, 0.508502, 0.100466
-0.178542, 0.508281, 0.102602
-0.168853, 0.508166, 0.103707
-0.159191, 0.508125, 0.104105
-0.149567, 0.508205, 0.103328
-0.139945, 0.508306, 0.10236
-0.130285, 0.50827, 0.102701
-0.120621, 0.508215, 0.103237
-0.110968, 0.508199, 0.103384
-0.101313, 0.508172, 0.103652
-0.0916607, 0.508154, 0.10382
-0.0820094, 0.508137, 0.103988
-0.0723734, 0.508222, 0.103169
-0.0627414, 0.508366, 0.101779
-0.0530782, 0.508264, 0.102764
-0.0434145, 0.50811, 0.104246
-0.0337532, 0.507904, 0.106227
-0.0240997, 0.507701, 0.108185
-0.0144544, 0.507508, 0.110042
-0.00481648, 0.507334, 0.111719
0.0048148, 0.507157, 0.113425
0.0144396, 0.506988, 0.115052
0.0240597, 0.506858, 0.116313
0.0336756, 0.506738, 0.117464
0.0432872, 0.50662, 0.118601
0.0528947, 0.506507, 0.119694
0.0625079, 0.506474, 0.120006
0.0721235, 0.506467, 0.120076
0.0817403, 0.506469, 0.120055
0.0913621, 0.506499, 0.119771
0.10101, 0.506653, 0.118288
0.110675, 0.506858, 0.116312
0.120349, 0.50707, 0.114262
0.130042, 0.507322, 0.111835
0.139745, 0.507581, 0.109342
0.149451, 0.507813, 0.107109
0.159169, 0.508054, 0.104782
0.168898, 0.508302, 0.102395
0.178535, 0.508262, 0.102778
0.188144, 0.508151, 0.103853
0.197775, 0.508105, 0.104296
0.207351, 0.507931, 0.105974
0.216839, 0.507565, 0.1095
0.226405, 0.507404, 0.111052
0.235962, 0.507237, 0.112654
0.245522, 0.50709, 0.114071
0.255071, 0.506933, 0.115583
0.26465, 0.506845, 0.116438
0.274284, 0.506863, 0.116257
0.283924, 0.506892, 0.115978
0.293619, 0.507015, 0.114799
0.303371, 0.507224, 0.112785
0.313125, 0.507423, 0.110869
0.322931, 0.507693, 0.108269
0.332853, 0.508123, 0.104116
0.342809, 0.508581, 0.0997109
0.352931, 0.509252, 0.0932393
0.36318, 0.510067, 0.0853949
0.373566, 0.511025, 0.0761576
0.384118, 0.512157, 0.0652514
0.395218, 0.513947, 0.0480084
0.406972, 0.516478, 0.0236197
0.644723, 0.518403, 0.00506687
0.65305, 0.517203, 0.0166345
0.662398, 0.516834, 0.0201898
0.673002, 0.517442, 0.0143332
0.683249, 0.517762, 0.01125
-0.260667, 0.531171, 0.00842047
-0.250141, 0.529711, 0.0221372
-0.239702, 0.528323, 0.0351844
-0.229127, 0.526503, 0.0522799
-0.218378, 0.524107, 0.0747991
-0.208151, 0.522797, 0.0871086
-0.198139, 0.521926, 0.095295
-0.188329, 0.521527, 0.09904
-0.178586, 0.521277, 0.101393
-0.168891, 0.521148, 0.102603
-0.159233, 0.521125, 0.102825
-0.149621, 0.521259, 0.101563
-0.139977, 0.521295, 0.101222
-0.130339, 0.521357, 0.100643
-0.120676, 0.521322, 0.10097
-0.111015, 0.521288, 0.101291
-0.10136, 0.52128, 0.101366
-0.0917051, 0.521271, 0.10145
-0.082054, 0.521285, 0.101321
-0.0724201, 0.521424, 0.100009
-0.0627736, 0.521504, 0.0992622
-0.0531037, 0.521382, 0.10041
-0.0434352, 0.521222, 0.101911
-0.0337689, 0.521005, 0.103951
-0.0241104, 0.520784, 0.106023
-0.0144606, 0.520581, 0.107932
-0.00481868, 0.520415, 0.109493
0.00481703, 0.520237, 0.111164
0.014446, 0.520053, 0.112899
0.0240704, 0.51992, 0.114141
0.0336902, 0.519792, 0.115349
0.0433048, 0.519657, 0.116612
0.0529151, 0.51953, 0.11781
0.0625308, 0.519487, 0.118216
0.0721486, 0.519469, 0.118382
0.0817661, 0.519455, 0.118514
0.0913871, 0.519463, 0.118436
0.101031, 0.519589, 0.117252
0.110684, 0.519735, 0.11588
0.120343, 0.51988, 0.114522
0.130011, 0.520043, 0.112991
0.139695, 0.520243, 0.111112
0.149392, 0.520461, 0.10906
0.159096, 0.520679, 0.107012
0.168814, 0.520911, 0.104829
0.178449, 0.520877, 0.105149
0.188035, 0.520711, 0.106713
0.19765, 0.52064, 0.107382
0.207268, 0.520581, 0.107934
0.216802, 0.520326, 0.110332
0.226334, 0.520087, 0.112573
0.235939, 0.52003, 0.113114
0.245519, 0.519923, 0.114113
0.255062, 0.51975, 0.115746
0.264623, 0.519624, 0.116927
0.274263, 0.519655, 0.116634
0.283913, 0.519705, 0.116168
0.293607, 0.519828, 0.115009
0.30338, 0.520081, 0.112636
0.313168, 0.52034, 0.110195
0.323015, 0.52068, 0.107001
0.332984, 0.521192, 0.102188
0.342967, 0.521696, 0.0974541
0.353125, 0.522431, 0.0905485
0.363389, 0.52328, 0.0825744
0.373785, 0.52427, 0.0732679
0.384378, 0.525478, 0.0619159
0.395693, 0.527591, 0.0420566
0.407304, 0.529985, 0.0195584
0.634974, 0.531606, 0.00433064
0.643748, 0.530723, 0.0126247
0.652474, 0.529828, 0.0210366
0.662274, 0.529819, 0.0211201
0.672728, 0.530325, 0.0163631
0.683547, 0.531101, 0.00907516
-0.260384, 0.543694, 0.0138493
-0.250103, 0.542707, 0.0229039
-0.239767, 0.541515, 0.0338368
-0.229435, 0.540229, 0.0456271
-0.218688, 0.537811, 0.0678043
-0.208382, 0.536302, 0.0816393
-0.198311, 0.535279, 0.0910206
-0.188442, 0.534724, 0.0961108
-0.178703, 0.5345, 0.0981627
-0.168959, 0.534233, 0.100611
-0.159299, 0.534214, 0.100793
-0.149684, 0.534355, 0.0994945
-0.140038, 0.534398, 0.0991011
-0.130381, 0.534401, 0.0990782
-0.120725, 0.53441, 0.0989933
-0.111067, 0.534409, 0.0989981
-0.101411, 0.534422, 0.0988836
-0.0917635, 0.534482, 0.0983305
-0.0821126, 0.534537, 0.0978255
-0.072474, 0.534696, 0.0963655
-0.0628225, 0.534797, 0.0954456
-0.0531478, 0.5347, 0.096334
-0.0434708, 0.534529, 0.0978985
-0.0337957, 0.534294, 0.10006
-0.0241293, 0.534062, 0.102182
-0.0144719, 0.533851, 0.104116
-0.00482229, 0.533665, 0.105825
0.00482051, 0.533467, 0.107636
0.0144561, 0.533267, 0.109472
0.0240866, 0.533117, 0.110853
0.0337125, 0.532978, 0.112121
0.0433334, 0.53284, 0.113388
0.0529489, 0.532698, 0.114692
0.0625689, 0.532638, 0.115245
0.0721909, 0.532608, 0.115515
0.0818115, 0.532577, 0.115802
0.0914332, 0.532558, 0.115975
0.101072, 0.532633, 0.115291
0.110722, 0.532749, 0.114224
0.120378, 0.532874, 0.113078
0.130043, 0.533016, 0.111776
0.139718, 0.533178, 0.11029
0.149402, 0.533348, 0.108733
0.159097, 0.533536, 0.107003
0.168797, 0.533718, 0.105335
0.178439, 0.53371, 0.105409
0.188027, 0.533546, 0.106914
0.197652, 0.533499, 0.107346
0.207278, 0.533461, 0.107697
0.216833, 0.533248, 0.109653
0.226351, 0.532969, 0.112209
0.235935, 0.53286, 0.113204
0.245514, 0.53275, 0.114218
0.255059, 0.532577, 0.115806
0.264645, 0.532498, 0.116524
0.274325, 0.532608, 0.11552
0.284015, 0.532728, 0.114414
0.293739, 0.532903, 0.112813
0.303536, 0.533195, 0.11013
0.313345, 0.533489, 0.107437
0.323202, 0.533845, 0.104171
0.333171, 0.534361, 0.0994387
0.343172, 0.534898, 0.0945196
0.353374, 0.535708, 0.0870881
0.363675, 0.536623, 0.0786982
0.374167, 0.537764, 0.0682325
0.384984, 0.539302, 0.0541263
0.39648, 0.541693, 0.0322042
0.40814, 0.544186, 0.00933504
0.634693, 0.544491, 0.0065403
0.643197, 0.543362, 0.0168896
0.65227, 0.542741, 0.0225911
0.662247, 0.542879, 0.0213237
0.672626, 0.543338, 0.0171146
0.683448, 0.544136, 0.00979424
-0.260446, 0.556929, 0.0126529
-0.250056, 0.55568, 0.0238371
-0.239861, 0.554781, 0.0318856
-0.229661, 0.553791, 0.0407467
-0.219323, 0.552369, 0.0534806
-0.208756, 0.55021, 0.0728211
-0.198601, 0.548979, 0.083847
-0.188643, 0.548192, 0.0908885
-0.178839, 0.547796, 0.0944371
-0.169133, 0.54767, 0.0955639
-0.159415, 0.547487, 0.0972013
-0.14976, 0.547509, 0.0970025
-0.140117, 0.547584, 0.0963311
-0.130448, 0.547558, 0.0965643
-0.120802, 0.547638, 0.0958552
-0.111145, 0.547669, 0.0955749
-0.101471, 0.547622, 0.0959921
-0.0918238, 0.547721, 0.0951109
-0.0821784, 0.547856, 0.0938959
-0.0725475, 0.548136, 0.0913897
-0.0628932, 0.5483, 0.0899243
-0.0532117, 0.548242, 0.0904398
-0.0435239, 0.548077, 0.0919161
-0.0338367, 0.547832, 0.0941114
-0.024159, 0.547606, 0.0961413
-0.0144902, 0.547404, 0.0979457
-0.00482818, 0.547192, 0.0998449
0.00482611, 0.546957, 0.101952
0.0144726, 0.546739, 0.103901
0.0241125, 0.54655, 0.105597
0.0337463, 0.546368, 0.107227
0.0433745, 0.546196, 0.108761
0.0529983, 0.546043, 0.110134
0.0626239, 0.545952, 0.110947
0.0722495, 0.545885, 0.111553
0.0818734, 0.545823, 0.112107
0.0914994, 0.545786, 0.112435
0.101141, 0.545841, 0.111947
0.110788, 0.545911, 0.111315
0.120442, 0.546005, 0.110473
0.130106, 0.546123, 0.109417
0.139779, 0.546263, 0.108165
0.149461, 0.546416, 0.106797
0.159151, 0.546579, 0.105331
0.168847, 0.546742, 0.103875
0.178486, 0.546714, 0.104125
0.188078, 0.546552, 0.105574
0.19771, 0.546515, 0.105912
0.207338, 0.546471, 0.1063
0.216882, 0.546221, 0.108542
0.226405, 0.545941, 0.111045
0.235985, 0.545815, 0.112179
0.245558, 0.545685, 0.113344
0.255144, 0.545591, 0.114184
0.26478, 0.545608, 0.114034
0.274471, 0.545732, 0.112915
0.284171, 0.545864, 0.111735
0.293909, 0.546061, 0.109974
0.30373, 0.546392, 0.107008
0.313563, 0.546724, 0.104033
0.323463, 0.547152, 0.100207
0.333471, 0.547729, 0.0950327
0.343545, 0.548381, 0.0891938
0.353819, 0.549307, 0.0809026
0.364207, 0.550356, 0.071507
0.374785, 0.551631, 0.0600891
0.385716, 0.553348, 0.0447168
0.397144, 0.555675, 0.0238819
0.407873, 0.556935, 0.0125923
0.418042, 0.557389, 0.00852966
0.428022, 0.557576, 0.00685453
0.634573, 0.557506, 0.00748253
0.642851, 0.556156, 0.0195746
0.652177, 0.55574, 0.0232959
0.662235, 0.55595, 0.0214171
0.672605, 0.556413, 0.0172729
0.683409, 0.557216, 0.0100813
-0.260213, 0.569524, 0.0171075
-0.25003, 0.568695, 0.0243611
-0.239942, 0.568025, 0.0302172
-0.229846, 0.567281, 0.0367332
-0.219713, 0.566371, 0.0446911
-0.209475, 0.565094, 0.055861
-0.199164, 0.563487, 0.0699205
-0.189068, 0.562355, 0.0798259
-0.179194, 0.561799, 0.084693
-0.169396, 0.561425, 0.0879636
-0.159691, 0.561337, 0.0887313
-0.149968, 0.561171, 0.090188
-0.140272, 0.561089, 0.0909042
-0.130579, 0.561005, 0.0916367
-0.120903, 0.56099, 0.0917697
-0.111228, 0.560977, 0.0918865
-0.101542, 0.560897, 0.0925813
-0.0918918, 0.561024, 0.0914745
-0.082251, 0.561242, 0.0895638
-0.072627, 0.561648, 0.0860109
-0.0629753, 0.561933, 0.0835176
-0.053284, 0.561904, 0.0837741
-0.0435893, 0.561817, 0.0845394
-0.0338919, 0.561637, 0.0861135
-0.0241985, 0.561406, 0.0881338
-0.0145136, 0.561191, 0.0900083
-0.00483614, 0.56099, 0.0917702
0.00483426, 0.560772, 0.0936804
0.0144967, 0.560537, 0.095736
0.0241517, 0.560319, 0.0976386
0.0337996, 0.560108, 0.0994859
0.0434404, 0.559897, 0.101332
0.0530739, 0.559688, 0.103159
0.0627052, 0.559524, 0.104601
0.0723345, 0.559386, 0.105803
0.0819627, 0.559276, 0.106772
0.0915905, 0.559184, 0.107572
0.101235, 0.559204, 0.107397
0.110887, 0.559255, 0.106947
0.12054, 0.559307, 0.106494
0.130198, 0.55937, 0.105946
0.139868, 0.559474, 0.105036
0.149549, 0.559604, 0.103898
0.159234, 0.559732, 0.102776
0.16892, 0.559849, 0.101751
0.178566, 0.559828, 0.101934
0.188159, 0.559652, 0.103482
0.197802, 0.559635, 0.103624
0.207414, 0.559536, 0.104493
0.216942, 0.559229, 0.107179
0.226488, 0.558991, 0.109264
0.236054, 0.558821, 0.11075
0.245661, 0.558758, 0.111302
0.255286, 0.55874, 0.111461
0.264948, 0.558799, 0.110938
0.274668, 0.558973, 0.109416
0.284403, 0.559166, 0.107733
0.294197, 0.559457, 0.105182
0.304043, 0.559825, 0.101965
0.313887, 0.560167, 0.0989747
0.323825, 0.560652, 0.0947294
0.333839, 0.561236, 0.0896158
0.344, 0.562027, 0.082695
0.354334, 0.563051, 0.0737376
0.364847, 0.564297, 0.0628395
0.375563, 0.565784, 0.0498304
0.386531, 0.567565, 0.034246
0.397675, 0.56951, 0.0172253
0.407747, 0.569864, 0.0141339
0.417585, 0.56988, 0.0139899
0.427613, 0.570151, 0.0116234
0.437835, 0.570662, 0.00715017
0.634485, 0.570545, 0.0081706
0.642708, 0.569116, 0.0206757
0.652134, 0.568778, 0.0236316
0.662243, 0.569038, 0.0213542
0.672611, 0.56951, 0.01723
0.683519, 0.570419, 0.0092783
-0.260346, 0.582913, 0.014565
-0.250108, 0.581951, 0.0227962
-0.239997, 0.581216, 0.0290794
-0.229973, 0.580642, 0.0339961
-0.219881, 0.579835, 0.0408974
-0.209875, 0.579191, 0.0464001
-0.199831, 0.578372, 0.0534024
-0.189836, 0.577619, 0.0598431
-0.179815, 0.576704, 0.0676723
-0.169905, 0.576059, 0.0731845
-0.160037, 0.575487, 0.0780783
-0.150303, 0.575354, 0.0792165
-0.140597, 0.575316, 0.0795441
-0.130874, 0.5752, 0.080534
-0.121109, 0.574866, 0.0833921
-0.111352, 0.574511, 0.0864305
-0.101661, 0.574463, 0.0868421
-0.0919869, 0.574515, 0.0863957
-0.0823349, 0.57473, 0.0845556
-0.0727041, 0.57517, 0.0807924
-0.0630514, 0.575546, 0.0775743
-0.0533594, 0.575635, 0.0768104
-0.0436575, 0.575632, 0.0768428
-0.0339499, 0.575532, 0.0776958
-0.0242448, 0.575411, 0.078732
-0.0145421, 0.575217, 0.08039
-0.00484587, 0.575041, 0.0818934
0.00484431, 0.574856, 0.0834799
0.0145272, 0.574627, 0.085433
0.0242013, 0.574379, 0.0875597
0.033867, 0.574126, 0.0897188
0.0435239, 0.57387, 0.091907
0.0531733, 0.573627, 0.0939851
0.0628183, 0.573418, 0.0957713
0.0724584, 0.573226, 0.097415
0.0820953, 0.573058, 0.098856
0.0917292, 0.572905, 0.100162
0.101378, 0.572864, 0.100516
0.11103, 0.572852, 0.100618
0.120683, 0.57284, 0.100719
0.130342, 0.572861, 0.100541
0.140008, 0.572907, 0.100148
0.149678, 0.57296, 0.09969
0.159355, 0.573034, 0.0990591
0.169031, 0.573095, 0.0985389
0.178694, 0.573109, 0.0984206
0.188299, 0.572944, 0.0998311
0.19795, 0.572929, 0.0999599
0.207509, 0.572662, 0.102244
0.217006, 0.572254, 0.105735
0.226559, 0.57202, 0.10773
0.236156, 0.571915, 0.10863
0.245856, 0.572058, 0.107407
0.255509, 0.572082, 0.107198
0.265197, 0.572183, 0.106339
0.274938, 0.572386, 0.104604
0.2847, 0.572618, 0.10262
0.294517, 0.57294, 0.0998673
0.304369, 0.573309, 0.096705
0.314251, 0.573709, 0.0932832
0.324265, 0.57432, 0.0880637
0.334312, 0.574952, 0.0826583
0.344584, 0.575925, 0.0743341
0.355075, 0.5772, 0.0634317
0.365802, 0.57878, 0.0499158
0.376663, 0.580485, 0.0353374
0.387604, 0.582223, 0.0204673
0.398369, 0.583618, 0.00853825
0.408242, 0.583672, 0.00807953
0.417696, 0.583137, 0.0126557
0.427274, 0.582795, 0.0155797
0.437225, 0.582967, 0.0141106
0.447514, 0.583571, 0.00894165
0.6265, 0.58539, -0.00661993
0.634297, 0.583488, 0.00965071
0.642632, 0.58213, 0.0212669
0.652159, 0.581876, 0.0234385
0.662279, 0.582151, 0.0210824
0.672781, 0.582749, 0.0159707
0.683766, 0.583743, 0.00747156
-0.36879, 0.596621, 0.00947905
-0.358888, 0.596507, 0.0104294
-0.349367, 0.59704, 0.0059762
-0.26055, 0.59648, 0.0106587
-0.250209, 0.59527, 0.0207815
-0.240083, 0.59449, 0.0273013
-0.230038, 0.593857, 0.0326009
-0.219965, 0.593091, 0.0390038
-0.209974, 0.592486, 0.0440669
-0.200049, 0.592016, 0.0479956
-0.190142, 0.591553, 0.0518708
-0.180282, 0.591197, 0.0548501
-0.170447, 0.590883, 0.0574698
-0.160618, 0.590555, 0.0602131
-0.150791, 0.590193, 0.0632443
-0.141042, 0.590108, 0.0639596
-0.131284, 0.589969, 0.0651193
-0.121499, 0.589676, 0.0675664
-0.111693, 0.589222, 0.0713696
-0.101893, 0.588712, 0.0756297
-0.0921185, 0.588266, 0.0793676
-0.0824256, 0.588293, 0.0791411
-0.0727775, 0.588689, 0.0758252
-0.063123, 0.589148, 0.0719886
-0.0534245, 0.589289, 0.0708075
-0.0437182, 0.589385, 0.0700006
-0.0339996, 0.589326, 0.0704989
-0.0242819, 0.58924, 0.0712142
-0.0145682, 0.589201, 0.0715389
-0.00485537, 0.589116, 0.0722547
0.004854, 0.588949, 0.073647
0.0145583, 0.588799, 0.0749025
0.0242576, 0.588652, 0.0761337
0.0339454, 0.588387, 0.0783501
0.0436233, 0.588106, 0.0807042
0.0532937, 0.587846, 0.0828757
0.0629564, 0.587593, 0.0849943
0.0726134, 0.587361, 0.0869303
0.0822634, 0.587135, 0.0888238
0.0919065, 0.586912, 0.090693
0.101559, 0.586783, 0.0917664
0.111222, 0.586738, 0.092144
0.120886, 0.586702, 0.0924439
0.130549, 0.586667, 0.0927429
0.140218, 0.586659, 0.0928097
0.149885, 0.586645, 0.0929198
0.15955, 0.586628, 0.0930667
0.16921, 0.586594, 0.0933528
0.178852, 0.586507, 0.0940776
0.188463, 0.586328, 0.0955729
0.198078, 0.586181, 0.0968013
0.20755, 0.585645, 0.101286
0.217071, 0.585287, 0.10428
0.226628, 0.585053, 0.106238
0.236282, 0.585079, 0.106022
0.246003, 0.585263, 0.104484
0.255731, 0.585448, 0.102939
0.265479, 0.585663, 0.101134
0.275262, 0.585938, 0.0988393
0.285064, 0.586233, 0.0963678
0.294932, 0.58664, 0.0929627
0.304831, 0.587081, 0.0892715
0.314777, 0.587584, 0.0850725
0.324855, 0.588295, 0.0791187
0.33515, 0.589346, 0.0703282
0.345779, 0.590908, 0.0572615
0.356597, 0.5927, 0.042274
0.367458, 0.594466, 0.0275049
0.377835, 0.595377, 0.0198841
0.418065, 0.596768, 0.00824833
0.427422, 0.596098, 0.0138507
0.436912, 0.59564, 0.0176859
0.447005, 0.596007, 0.0146117
0.457309, 0.596633, 0.00937891
0.626072, 0.598137, -0.00320053
0.633657, 0.595998, 0.0146866
0.642525, 0.595112, 0.0220952
0.652254, 0.595039, 0.0227122
0.662345, 0.595293, 0.0205836
0.673056, 0.596089, 0.0139275
0.68407, 0.597126, 0.00525188
-0.378557, 0.609624, 0.0103741
-0.368101, 0.608593, 0.0188084
-0.358341, 0.608689, 0.0180221
-0.348503, 0.608654, 0.0183148
-0.339048, 0.609304, 0.0129933
-0.329919, 0.610596, 0.00242043
-0.250466, 0.608976, 0.0156736
-0.240163, 0.607759, 0.0256343
-0.23009, 0.607045, 0.0314794
-0.220028, 0.6063, 0.0375805
-0.209954, 0.60545, 0.0445371
-0.200042, 0.605005, 0.0481791
-0.19021, 0.604771, 0.0500946
-0.180395, 0.604566, 0.0517712
-0.170594, 0.604391, 0.0532012
-0.160794, 0.604197, 0.0547929
-0.151003, 0.604013, 0.0562959
-0.141231, 0.603883, 0.0573592
-0.131478, 0.603825, 0.0578337
-0.121732, 0.603791, 0.0581117
-0.112006, 0.603856, 0.0575814
-0.102241, 0.603706, 0.0588131
-0.0924261, 0.603202, 0.0629387
-0.0826046, 0.602528, 0.0684552
-0.0728541, 0.60226, 0.0706468
-0.0631862, 0.602699, 0.0670538
-0.0534858, 0.602931, 0.0651512
-0.0437738, 0.603104, 0.0637345
-0.0340512, 0.603192, 0.0630188
-0.0243247, 0.603254, 0.0625124
-0.0145969, 0.603337, 0.0618296
-0.00486674, 0.603474, 0.0607109
0.00486656, 0.603452, 0.0608926
0.0145973, 0.603351, 0.061718
0.0243246, 0.60325, 0.0625453
0.0340432, 0.60305, 0.0641799
0.0437458, 0.602719, 0.0668883
0.0534376, 0.602388, 0.0695958
0.0631194, 0.602062, 0.0722666
0.0727965, 0.601784, 0.074542
0.0824683, 0.601534, 0.0765886
0.0921292, 0.601264, 0.0787959
0.10179, 0.601046, 0.0805845
0.111465, 0.600942, 0.0814328
0.121141, 0.60086, 0.0821061
0.130815, 0.600782, 0.0827451
0.140482, 0.60068, 0.0835791
0.150147, 0.600587, 0.0843368
0.159802, 0.600466, 0.0853271
0.169449, 0.600335, 0.0864048
0.179082, 0.600167, 0.0877752
0.188681, 0.599907, 0.0899014
0.198268, 0.59964, 0.0920868
0.207725, 0.599022, 0.097147
0.217265, 0.598685, 0.0999036
0.22686, 0.598523, 0.101232
0.236585, 0.598705, 0.0997396
0.246346, 0.598959, 0.0976667
0.256105, 0.59919, 0.0957766
0.265901, 0.599485, 0.0933557
0.275717, 0.599805, 0.0907383
0.285571, 0.600183, 0.0876412
0.295531, 0.600752, 0.0829859
0.305586, 0.60147, 0.0771098
0.315786, 0.602422, 0.0693202
0.326265, 0.603834, 0.0577641
0.337121, 0.605841, 0.0413356
0.347376, 0.606684, 0.0344362
0.427933, 0.609927, 0.00789547
0.436811, 0.608591, 0.0188284
0.446567, 0.608509, 0.0194964
0.45697, 0.609293, 0.0130835
0.467378, 0.610051, 0.00687551
0.606363, 0.611293, -0.00328398
0.616044, 0.611115, -0.00183392
0.624078, 0.609336, 0.0127306
0.633005, 0.60847, 0.0198154
0.642399, 0.608072, 0.023077
0.652495, 0.608341, 0.0208702
0.662527, 0.608543, 0.019217
0.673887, 0.609941, 0.00777435
0.684187, 0.610354, 0.00440168
-0.388052, 0.622193, 0.0147109
-0.377856, 0.621581, 0.0196147
-0.367877, 0.621303, 0.0218391
-0.357966, 0.621128, 0.023241
-0.34817, 0.621149, 0.0230742
-0.338537, 0.621469, 0.0205131
-0.329334, 0.622621, 0.0112815
-0.250512, 0.622186, 0.0147629
-0.240253, 0.621062, 0.0237737
-0.230154, 0.620274, 0.0300846
-0.219969, 0.619173, 0.0389104
-0.209914, 0.618351, 0.045496
-0.20004, 0.618009, 0.0482345
-0.190234, 0.617856, 0.0494628
-0.180445, 0.61774, 0.0503898
-0.170659, 0.617622, 0.0513339
-0.160874, 0.617496, 0.0523419
-0.151094, 0.617372, 0.0533414
-0.14132, 0.617261, 0.0542302
-0.131562, 0.617204, 0.0546851
-0.121828, 0.617261, 0.054224
-0.112134, 0.617552, 0.0518985
-0.102463, 0.618031, 0.0480595
-0.0927232, 0.618155, 0.0470667
-0.0829105, 0.617765, 0.0501904
-0.0730883, 0.61719, 0.0547962
-0.063295, 0.61672, 0.0585589
-0.0535709, 0.616878, 0.0572968
-0.0438528, 0.617187, 0.0548182
-0.0341252, 0.617503, 0.0522895
-0.0243857, 0.617772, 0.0501337
-0.0146374, 0.618023, 0.0481238
-0.00488133, 0.618299, 0.0459089
0.00488325, 0.618542, 0.043962
0.014648, 0.618471, 0.0445347
0.0244059, 0.618283, 0.0460382
0.0341585, 0.618106, 0.0474596
0.0439011, 0.617867, 0.0493708
0.0536243, 0.617492, 0.0523782
0.0633334, 0.617095, 0.0555596
0.0730305, 0.616702, 0.0587058
0.0827261, 0.616391, 0.0611978
0.0924131, 0.616088, 0.0636282
0.10209, 0.615784, 0.0660663
0.111778, 0.615591, 0.0676098
0.121465, 0.61542, 0.068975
0.131144, 0.615245, 0.0703773
0.140819, 0.615071, 0.0717773
0.150496, 0.614928, 0.0729179
0.160162, 0.614762, 0.0742478
0.169815, 0.61457, 0.0757895
0.179459, 0.614364, 0.0774369
0.189096, 0.614159, 0.0790839
0.198697, 0.61386, 0.0814748
0.20821, 0.613332, 0.085711
0.217731, 0.612873, 0.0893822
0.22733, 0.612663, 0.0910721
0.237065, 0.612822, 0.089797
0.246851, 0.613094, 0.0876122
0.256649, 0.613374, 0.0853734
0.266542, 0.613854, 0.0815268
0.276499, 0.614443, 0.0768061
0.286499, 0.615083, 0.0716786
0.296655, 0.616005, 0.0642934
0.307081, 0.617411, 0.0530281
0.317612, 0.618937, 0.0407996
0.327913, 0.619935, 0.0328054
0.428054, 0.62322, 0.00648308
0.437104, 0.622095, 0.0154924
0.446321, 0.621253, 0.0222445
0.456212, 0.621364, 0.0213509
0.466378, 0.621838, 0.0175576
0.476705, 0.622502, 0.0122342
0.487001, 0.623099, 0.00744724
0.586811, 0.624617, -0.00470972
0.59613, 0.624048, -0.000154972
0.60504, 0.623077, 0.00762939
0.613799, 0.621983, 0.0163946
0.623057, 0.621422, 0.0208907
0.632705, 0.621261, 0.0221815
0.642768, 0.621506, 0.0202174
0.65276, 0.621676, 0.0188537
0.663413, 0.622461, 0.0125589
0.674304, 0.623445, 0.00468206
0.684666, 0.623916, 0.000905514
-0.388123, 0.635408, 0.0138001
-0.377771, 0.634524, 0.0207329
-0.367839, 0.634319, 0.022346
-0.35793, 0.634141, 0.0237408
-0.348051, 0.634008, 0.0247841
-0.338314, 0.634134, 0.0237975
-0.328826, 0.634748, 0.0189738
-0.31947, 0.635664, 0.0117874
-0.310204, 0.63682, 0.00271463
-0.250469, 0.635176, 0.0156169
-0.240274, 0.634193, 0.0233359
-0.230167, 0.633368, 0.0298047
-0.219934, 0.632105, 0.0397148
-0.209901, 0.631331, 0.0457931
-0.200064, 0.631097, 0.0476289
-0.190276, 0.631002, 0.0483718
-0.180507, 0.630962, 0.0486836
-0.17073, 0.630889, 0.0492554
-0.160945, 0.630774, 0.0501637
-0.151165, 0.630666, 0.0510063
-0.141388, 0.630559, 0.0518489
-0.13163, 0.630522, 0.0521417
-0.121905, 0.630656, 0.0510855
-0.112222, 0.631045, 0.0480375
-0.102559, 0.631636, 0.0433984
-0.0929006, 0.632376, 0.037591
-0.0832018, 0.632986, 0.0328026
-0.0734272, 0.633105, 0.0318675
-0.0636303, 0.633039, 0.0323844
-0.0538134, 0.632716, 0.034924
-0.0440104, 0.632446, 0.037044
-0.034235, 0.632532, 0.0363646
-0.0244655, 0.632842, 0.0339355
-0.0146868, 0.63316, 0.0314393
-0.00489878, 0.633574, 0.028192
0.00490192, 0.63398, 0.0250072
0.0147148, 0.634369, 0.0219479
0.0245288, 0.634479, 0.0210915
0.0343301, 0.634288, 0.0225844
0.0441204, 0.634025, 0.0246468
0.0538892, 0.633607, 0.0279336
0.0636381, 0.633117, 0.0317721
0.0733792, 0.632691, 0.0351181
0.0831149, 0.632326, 0.0379853
0.0928463, 0.632006, 0.0404916
0.102569, 0.631695, 0.0429373
0.112268, 0.631304, 0.0460043
0.121948, 0.630875, 0.0493674
0.13163, 0.630523, 0.0521345
0.141316, 0.630238, 0.0543675
0.151011, 0.630022, 0.0560589
0.160691, 0.629778, 0.0579791
0.170367, 0.629546, 0.0597939
0.180031, 0.629299, 0.0617371
0.189699, 0.629088, 0.0633941
0.199359, 0.628871, 0.0650916
0.209002, 0.628625, 0.0670247
0.218675, 0.628487, 0.0681081
0.22833, 0.628312, 0.0694818
0.238055, 0.628335, 0.0693011
0.247919, 0.628711, 0.0663533
0.257819, 0.629143, 0.0629616
0.26775, 0.629617, 0.0592399
0.277826, 0.630389, 0.0531826
0.287973, 0.631263, 0.0463266
0.298072, 0.631979, 0.0407085
0.437683, 0.636033, 0.00889063
0.446573, 0.63469, 0.0194311
0.456009, 0.634163, 0.0235643
0.465795, 0.634135, 0.0237885
0.475757, 0.634343, 0.0221553
0.485953, 0.634848, 0.0181918
0.496596, 0.635905, 0.00989866
0.507048, 0.636682, 0.00379753
0.557734, 0.638351, -0.00929403
0.566744, 0.637381, -0.00168514
0.576484, 0.637253, -0.000677586
0.585365, 0.636195, 0.00761843
0.594271, 0.635199, 0.0154409
0.603646, 0.634728, 0.0191302
0.613246, 0.634505, 0.0208859
0.623146, 0.634595, 0.0201793
0.633223, 0.634859, 0.0181031
0.643161, 0.634978, 0.0171733
0.653536, 0.635519, 0.0129275
0.664523, 0.63663, 0.00421047
0.674464, 0.63672, 0.00350285
-0.387711, 0.647821, 0.0190897
-0.377669, 0.647432, 0.022078
-0.367871, 0.647453, 0.021914
-0.357966, 0.647281, 0.0232363
-0.348008, 0.647001, 0.0253921
-0.33816, 0.646914, 0.0260615
-0.328446, 0.647087, 0.0247278
-0.318941, 0.647694, 0.0200615
-0.309528, 0.648534, 0.0136032
-0.300205, 0.649624, 0.00522137
-0.250608, 0.648634, 0.0128407
-0.240275, 0.647271, 0.0233188
-0.230195, 0.646505, 0.0292068
-0.219927, 0.645119, 0.0398669
-0.209926, 0.644425, 0.0452018
-0.200114, 0.644268, 0.0464082
-0.19034, 0.644227, 0.0467215
-0.180568, 0.644188, 0.0470238
-0.170796, 0.644143, 0.0473652
-0.161014, 0.644056, 0.0480356
-0.151228, 0.643938, 0.0489397
-0.141442, 0.643804, 0.0499697
-0.1317, 0.643868, 0.0494843
-0.121988, 0.644096, 0.0477252
-0.112304, 0.644527, 0.044415
-0.102651, 0.645232, 0.0389948
-0.0930434, 0.646407, 0.0299635
-0.0833984, 0.647564, 0.0210648
-0.0736849, 0.648427, 0.0144305
-0.0639046, 0.648878, 0.010963
-0.0540741, 0.64889, 0.0108719
-0.0442538, 0.649055, 0.00960112
-0.0246153, 0.649844, 0.00353289
0.11306, 0.648868, 0.0110393
0.122782, 0.648291, 0.0154762
0.132387, 0.647226, 0.0236635
0.141999, 0.646339, 0.0304823
0.151668, 0.645812, 0.0345378
0.161327, 0.645309, 0.0383992
0.170984, 0.644853, 0.0419068
0.180672, 0.644561, 0.0441546
0.190365, 0.644314, 0.0460548
0.200068, 0.64412, 0.0475478
0.209769, 0.643942, 0.0489097
0.21947, 0.643779, 0.0501676
0.229211, 0.643742, 0.0504527
0.239056, 0.643987, 0.0485673
0.248907, 0.644231, 0.0466919
0.25901, 0.645082, 0.0401459
0.269175, 0.64602, 0.0329323
0.438095, 0.649759, 0.00418901
0.447489, 0.649105, 0.00921679
0.456628, 0.648117, 0.0168142
0.465913, 0.647374, 0.022522
0.475567, 0.647163, 0.0241475
0.485447, 0.647263, 0.0233798
0.495445, 0.647512, 0.0214634
0.505621, 0.64798, 0.0178628
0.516253, 0.649004, 0.00999069
0.526975, 0.6501, 0.00156641
0.537029, 0.650347, -0.000332832
0.546426, 0.649804, 0.00384045
0.555874, 0.649339, 0.00741625
0.565124, 0.648663, 0.0126109
0.574528, 0.648185, 0.0162907
0.584067, 0.647872, 0.0186944
0.59378, 0.647759, 0.0195613
0.603691, 0.647863, 0.0187654
0.613721, 0.648089, 0.0170283
0.623678, 0.648232, 0.0159283
0.633657, 0.648393, 0.014688
0.644528, 0.649448, 0.00657558
0.654973, 0.650049, 0.00196028
0.664848, 0.650074, 0.00176716
-0.387999, 0.6614, 0.0153856
-0.377945, 0.660995, 0.0184393
-0.367903, 0.66059, 0.0214901
-0.357983, 0.660388, 0.0230079
-0.347993, 0.660043, 0.0256081
-0.338018, 0.659707, 0.028142
-0.328207, 0.65968, 0.028348
-0.318452, 0.659768, 0.0276866
-0.308905, 0.660304, 0.0236416
-0.299378, 0.660922, 0.0189829
-0.29, 0.66192, 0.0114622
-0.250599, 0.661714, 0.01302
-0.240289, 0.660385, 0.0230308
-0.230221, 0.659639, 0.028656
-0.219958, 0.658244, 0.0391693
-0.209976, 0.657599, 0.0440273
-0.20018, 0.657501, 0.0447655
-0.19041, 0.657484, 0.0448952
-0.180639, 0.65746, 0.0450788
-0.170862, 0.65741, 0.045455
-0.161071, 0.6573, 0.0462832
-0.151272, 0.657138, 0.0475039
-0.141494, 0.657053, 0.0481448
-0.131772, 0.657232, 0.0467954
-0.122079, 0.657601, 0.0440154
-0.112398, 0.658101, 0.0402431
-0.102749, 0.658898, 0.0342393
-0.0931483, 0.660209, 0.0243616
-0.0835413, 0.661778, 0.0125318
-0.0737471, 0.662085, 0.0102243
0.457634, 0.662667, 0.00583124
0.466907, 0.661861, 0.0119076
0.476002, 0.660841, 0.0195985
0.485544, 0.660471, 0.022388
0.495303, 0.660404, 0.0228896
0.505204, 0.660526, 0.0219727
0.515188, 0.660749, 0.0202923
0.525245, 0.661056, 0.0179729
0.53522, 0.661251, 0.0165071
0.54495, 0.661141, 0.0173373
0.554652, 0.661002, 0.0183859
0.564426, 0.660951, 0.0187693
0.574321, 0.661042, 0.0180826
0.58429, 0.661213, 0.0167937
0.594313, 0.661439, 0.0150895
0.604265, 0.66158, 0.014029
0.614278, 0.661782, 0.0125051
0.624772, 0.662488, 0.00718737
0.635259, 0.663165, 0.00208426
0.645317, 0.66338, 0.000463963
-0.378155, 0.674459, 0.0156641
-0.368021, 0.673888, 0.0198865
-0.357983, 0.673465, 0.0230074
-0.348008, 0.673141, 0.025403
-0.337963, 0.67266, 0.0289583
-0.328015, 0.672349, 0.0312562
-0.318204, 0.672308, 0.0315604
-0.308383, 0.672242, 0.0320468
-0.298703, 0.67249, 0.0302153
-0.289113, 0.672964, 0.0267129
-0.279872, 0.674312, 0.0167532
-0.271165, 0.67709, -0.00377655
-0.250507, 0.674567, 0.0148659
-0.240304, 0.673506, 0.0227041
-0.23021, 0.67267, 0.0288839
-0.219969, 0.671311, 0.0389266
-0.210023, 0.67077, 0.0429282
-0.200236, 0.670707, 0.0433888
-0.190463, 0.67069, 0.0435171
-0.180692, 0.670675, 0.0436282
-0.170912, 0.670627, 0.0439816
-0.161109, 0.670473, 0.0451245
-0.151297, 0.67026, 0.0466919
-0.141545, 0.670307, 0.0463448
-0.131838, 0.670585, 0.0442948
-0.122148, 0.671002, 0.041213
-0.11249, 0.671678, 0.0362163
-0.10288, 0.672804, 0.0278935
-0.0932855, 0.674274, 0.0170331
-0.0835927, 0.675298, 0.00946522
0.467523, 0.675858, 0.00532675
0.477249, 0.675693, 0.00654364
0.486431, 0.67478, 0.0132928
0.495755, 0.674096, 0.0183496
0.505435, 0.673914, 0.0196934
0.515216, 0.673869, 0.02002
0.525083, 0.673938, 0.0195127
0.534998, 0.674064, 0.0185809
0.544918, 0.674192, 0.0176358
0.554917, 0.674412, 0.0160127
0.564932, 0.674643, 0.0143027
0.574936, 0.674854, 0.0127459
0.584938, 0.675055, 0.0112596
0.595151, 0.675488, 0.00805759
0.605589, 0.676158, 0.00310516
0.615808, 0.676568, 8.10623e-05
0.62561, 0.676512, 0.000489712
0.635815, 0.676888, -0.00228596
-0.378244, 0.687717, 0.0144935
-0.368175, 0.687259, 0.0178118
-0.358063, 0.686697, 0.0218897
-0.347957, 0.686112, 0.0261245
-0.337942, 0.685679, 0.029264
-0.32789, 0.685144, 0.0331473
-0.317957, 0.684831, 0.0354171
-0.308084, 0.68463, 0.0368681
-0.298199, 0.684392, 0.0385957
-0.288432, 0.684416, 0.0384254
-0.27877, 0.684699, 0.0363731
-0.269395, 0.685733, 0.0288768
-0.260396, 0.687839, 0.0136085
-0.250494, 0.68763, 0.015121
-0.240245, 0.686414, 0.0239391
-0.230123, 0.685473, 0.0307636
-0.21996, 0.684319, 0.0391221
-0.210065, 0.683934, 0.0419164
-0.200284, 0.683898, 0.0421782
-0.190511, 0.683885, 0.0422716
-0.180734, 0.683857, 0.0424743
-0.170939, 0.683756, 0.0432086
-0.161116, 0.683524, 0.044888
-0.151333, 0.68344, 0.0454974
-0.14161, 0.683636, 0.0440731
-0.13191, 0.683978, 0.0416002
-0.122236, 0.684522, 0.0376515
-0.112624, 0.685537, 0.0302963
-0.103015, 0.686765, 0.02139
-0.0933833, 0.688087, 0.0118079
-0.0835989, 0.688462, 0.00909424
0.48739, 0.689238, 0.00346279
0.497142, 0.689108, 0.00441027
0.506656, 0.688659, 0.00766325
0.516003, 0.688004, 0.0124092
0.525784, 0.687941, 0.012867
0.535639, 0.687977, 0.0126104
0.545573, 0.68811, 0.0116448
0.555838, 0.688649, 0.00773621
0.566045, 0.689098, 0.00448322
0.576264, 0.689547, 0.00122547
0.586429, 0.689917, -0.00145626
0.596342, 0.689983, -0.00193214
0.606175, 0.689955, -0.00172997
-0.368244, 0.700482, 0.0168724
-0.358089, 0.699827, 0.0215316
-0.347939, 0.699146, 0.0263767
-0.337804, 0.698455, 0.031292
-0.327744, 0.697883, 0.0353594
-0.317757, 0.697435, 0.0385432
-0.307834, 0.697105, 0.0408916
-0.298011, 0.696987, 0.0417318
-0.288289, 0.697105, 0.040895
-0.278607, 0.697332, 0.039279
-0.268959, 0.697662, 0.0369301
-0.259447, 0.698386, 0.0317826
-0.250296, 0.700175, 0.0190549
-0.240145, 0.699196, 0.0260158
-0.229911, 0.697886, 0.0353374
-0.219929, 0.697258, 0.0398083
-0.210116, 0.697128, 0.0407319
-0.200329, 0.697078, 0.0410857
-0.190545, 0.697036, 0.0413833
-0.18075, 0.696948, 0.0420122
-0.170937, 0.696772, 0.0432615
-0.161131, 0.696608, 0.0444279
-0.151392, 0.696729, 0.0435719
-0.141695, 0.697073, 0.0411186
-0.132024, 0.697609, 0.0373054
-0.122421, 0.698613, 0.0301623
-0.112815, 0.699781, 0.0218568
-0.103171, 0.700906, 0.0138545
-0.0934177, 0.701452, 0.00996637
0.507616, 0.703105, -0.00179052
0.517191, 0.702723, 0.000928402
0.527399, 0.703199, -0.00245762
0.537219, 0.703149, -0.00210094
0.547086, 0.703161, -0.00218821
0.556827, 0.703015, -0.00114632
0.566779, 0.703134, -0.00199795
0.576802, 0.703337, -0.00344086
-0.36835, 0.71378, 0.0154414
-0.358153, 0.713036, 0.020638
-0.347948, 0.712231, 0.0262547
-0.337612, 0.711105, 0.0341215
-0.327529, 0.710461, 0.0386162
-0.317607, 0.710136, 0.0408845
-0.307747, 0.709935, 0.0422893
-0.297936, 0.709836, 0.0429835
-0.288193, 0.7099, 0.0425353
-0.278507, 0.71011, 0.0410662
-0.26884, 0.710388, 0.0391254
-0.259179, 0.710706, 0.0369096
-0.249862, 0.712024, 0.0276999
-0.239991, 0.711811, 0.0291929
-0.229801, 0.71059, 0.0377188
-0.219941, 0.710328, 0.0395479
-0.210147, 0.710265, 0.0399861
-0.200357, 0.710209, 0.040379
-0.190559, 0.710116, 0.0410295
-0.180739, 0.709931, 0.0423155
-0.170932, 0.709775, 0.0434084
-0.161191, 0.709892, 0.042593
-0.151492, 0.710221, 0.0402932
-0.141822, 0.710739, 0.0366774
-0.132238, 0.711797, 0.0292888
-0.122645, 0.712977, 0.021049
-0.113016, 0.714131, 0.0129919
-0.10327, 0.714691, 0.0090766
-0.35828, 0.726376, 0.0188742
-0.347981, 0.725368, 0.025785
-0.337648, 0.72423, 0.0335875
-0.327477, 0.723382, 0.0394087
-0.317515, 0.722956, 0.0423241
-0.307676, 0.722794, 0.043437
-0.297886, 0.72274, 0.0438104
-0.288137, 0.722785, 0.0435014
-0.278429, 0.722939, 0.0424428
-0.268744, 0.723166, 0.0408888
-0.259084, 0.72348, 0.038733
-0.249607, 0.724351, 0.0327635
-0.239859, 0.724471, 0.0319395
-0.229783, 0.723571, 0.0381117
-0.219968, 0.723451, 0.0389295
-0.210167, 0.723364, 0.0395293
-0.200361, 0.723254, 0.0402851
-0.19054, 0.723076, 0.041503
-0.180735, 0.722939, 0.0424457
-0.171009, 0.723123, 0.0411797
-0.161332, 0.72355, 0.0382533
-0.151695, 0.724219, 0.0336642
-0.142102, 0.725213, 0.0268531
-0.132491, 0.726247, 0.0197601
-0.122865, 0.727361, 0.0121222
-0.113074, 0.727605, 0.0104504
-0.358492, 0.739901, 0.0159326
-0.348016, 0.738513, 0.0252805
-0.337749, 0.7375, 0.0321026
-0.327451, 0.736357, 0.0398021
-0.31743, 0.735787, 0.0436416
-0.307608, 0.735656, 0.0445251
-0.297829, 0.735622, 0.0447555
-0.288093, 0.735696, 0.0442543
-0.278381, 0.735836, 0.0433102
-0.268694, 0.736059, 0.0418139
-0.259042, 0.736396, 0.0395408
-0.249546, 0.737221, 0.0339837
-0.239711, 0.737072, 0.0349874
-0.229798, 0.736657, 0.0377822
-0.219981, 0.736527, 0.0386562
-0.210157, 0.736364, 0.0397539
-0.200327, 0.736161, 0.0411205
-0.19053, 0.736065, 0.04177
-0.180829, 0.736347, 0.0398684
-0.171193, 0.736943, 0.0358567
-0.161608, 0.737849, 0.0297556
-0.152018, 0.738841, 0.0230713
-0.14238, 0.739723, 0.0171299
-0.132724, 0.740632, 0.0110083
-0.122913, 0.740756, 0.0101714
-0.347665, 0.750825, 0.0303054
-0.337845, 0.750766, 0.0306964
-0.327492, 0.749483, 0.0391841
-0.317355, 0.748632, 0.0448165
-0.307549, 0.748531, 0.0454874
-0.297799, 0.748566, 0.0452542
-0.288076, 0.748672, 0.0445557
-0.27837, 0.748833, 0.0434914
-0.26869, 0.749075, 0.0418878
-0.259086, 0.749556, 0.038702
-0.249445, 0.749966, 0.0359864
-0.239626, 0.749849, 0.0367603
-0.229783, 0.749646, 0.0381069
-0.219943, 0.749436, 0.0394998
-0.210108, 0.749222, 0.040916
-0.200328, 0.749192, 0.0411096
-0.190662, 0.74961, 0.0383472
-0.181082, 0.75043, 0.032918
-0.171532, 0.751473, 0.0260148
-0.161903, 0.752276, 0.0207009
-0.152264, 0.753133, 0.0150247
-0.142567, 0.753805, 0.010582
-0.132797, 0.754156, 0.00825405
-0.347874, 0.764344, 0.0273056
-0.337068, 0.762067, 0.0421181
-0.327113, 0.761637, 0.0449138
-0.317326, 0.761583, 0.0452652
-0.307546, 0.761544, 0.0455217
-0.29781, 0.761612, 0.0450764
-0.28809, 0.76173, 0.0443101
-0.278389, 0.761907, 0.0431595
-0.268736, 0.762234, 0.0410309
-0.259092, 0.762612, 0.0385742
-0.249317, 0.762618, 0.0385351
-0.239519, 0.762551, 0.0389719
-0.229709, 0.762439, 0.0396986
-0.219894, 0.762298, 0.0406151
-0.21015, 0.762404, 0.0399246
-0.20053, 0.762994, 0.0360885
-0.19101, 0.76404, 0.0292802
-0.18145, 0.765031, 0.0228329
-0.171816, 0.765809, 0.0177741
-0.162172, 0.76663, 0.0124345
-0.152429, 0.767063, 0.00961542
-0.348911, 0.779726, 0.012485
-0.337638, 0.776404, 0.0337377
-0.327343, 0.7752, 0.0414362
-0.3174, 0.774782, 0.0441093
-0.307603, 0.774705, 0.0446053
-0.297864, 0.774771, 0.0441828
-0.288148, 0.774906, 0.0433202
-0.278476, 0.775173, 0.0416131
-0.268775, 0.775374, 0.0403261
-0.259007, 0.775391, 0.0402169
-0.249225, 0.775366, 0.0403733
-0.239437, 0.775319, 0.0406742
-0.229688, 0.775401, 0.0401549
-0.220017, 0.775764, 0.0378308
-0.210448, 0.776536, 0.0328913
-0.200963, 0.77771, 0.0253839
-0.191388, 0.778637, 0.0194511
-0.181758, 0.779429, 0.0143857
-0.17205, 0.779961, 0.010983
-0.162257, 0.780145, 0.00980949
-0.348894, 0.792792, 0.0127268
-0.338563, 0.791617, 0.0201225
-0.327966, 0.789729, 0.0319996
-0.317606, 0.788314, 0.0409026
-0.30772, 0.788024, 0.0427265
-0.297975, 0.788086, 0.0423307
-0.288226, 0.788144, 0.0419717
-0.27847, 0.788184, 0.0417171
-0.26872, 0.788245, 0.0413332
-0.25899, 0.788373, 0.0405312
-0.249283, 0.788581, 0.0392184
-0.239619, 0.788949, 0.0369024
-0.230055, 0.789691, 0.0322347
-0.220552, 0.79072, 0.0257621
-0.210998, 0.791651, 0.0199065
-0.201406, 0.792525, 0.0144067
-0.191695, 0.792994, 0.0114613
-0.181888, 0.793096, 0.0108161
-0.33863, 0.80486, 0.0191407
-0.328787, 0.804791, 0.0195689
-0.318025, 0.802401, 0.034358
-0.307555, 0.80062, 0.0453815
-0.297913, 0.800947, 0.0433583
-0.288303, 0.801386, 0.0406418
-0.27867, 0.801787, 0.0381575
-0.26907, 0.802319, 0.0348659
-0.259519, 0.80304, 0.0304041
-0.249966, 0.803812, 0.0256271
-0.240406, 0.804623, 0.0206065
-0.230795, 0.805326, 0.0162606
-0.221144, 0.805949, 0.0124054
-0.211334, 0.806016, 0.0119858
-0.201568, 0.806271, 0.0104113
-0.337966, 0.816342, 0.0289173
-0.327431, 0.814504, 0.0401068
-0.316985, 0.812781, 0.0506015
-0.307539, 0.813594, 0.0456495
-0.298933, 0.816757, 0.0263891
-0.289324, 0.817298, 0.0230951
-0.279703, 0.817843, 0.0197725
-0.270121, 0.818548, 0.0154805
-0.260278, 0.818484, 0.0158753
-0.250541, 0.818761, 0.014183
-0.240842, 0.819191, 0.0115695
-0.336543, 0.825913, 0.0498385
-0.326768, 0.82586, 0.0501537
-0.31714, 0.826192, 0.0481668
-0.346403, 0.839173, 0.048337
-0.33676, 0.839461, 0.0466428
