0.214331, 0.0731053, -0.0587735
0.432362, 0.0712507, 0.0695639
0.44173, 0.0711947, 0.073441
0.451971, 0.0712785, 0.0676374
0.461841, 0.0713018, 0.0660262
0.471857, 0.0713461, 0.0629616
-0.0948566, 0.0865359, -0.0668936
-0.0849223, 0.0865875, -0.0699148
0.0921072, 0.0840277, 0.0799694
0.101855, 0.0840705, 0.0774641
0.111415, 0.0839647, 0.0836539
0.12117, 0.0840115, 0.080914
0.130958, 0.0840721, 0.0773692
0.140742, 0.0841218, 0.0744586
0.194339, 0.0863731, -0.0573606
0.204126, 0.0862971, -0.0529118
0.213724, 0.0861521, -0.0444245
0.4121, 0.084036, 0.0794811
0.421515, 0.08398, 0.0827613
0.430876, 0.0839159, 0.0865149
0.440238, 0.083855, 0.0900807
0.450134, 0.083896, 0.0876765
0.460005, 0.0839307, 0.0856457
0.469909, 0.0839699, 0.0833488
0.47985, 0.0840142, 0.0807571
-0.104781, 0.0997917, -0.0639796
-0.0947306, 0.0997165, -0.0601635
-0.0847399, 0.0996941, -0.0590258
-0.0748054, 0.0997405, -0.0613823
-0.0648974, 0.0998421, -0.0665407
-0.0548739, 0.0997709, -0.0629249
-0.0448973, 0.0997716, -0.062963
-0.0349134, 0.0997526, -0.0619969
-0.0249442, 0.0997769, -0.0632305
-0.0149849, 0.0998988, -0.0694132
0.0726938, 0.096925, 0.0814919
0.0823413, 0.0968722, 0.0841708
0.0919352, 0.0967739, 0.0891614
0.101569, 0.0967325, 0.0912585
0.11125, 0.0967391, 0.0909228
0.120986, 0.096789, 0.0883932
0.130738, 0.0968431, 0.08565
0.140513, 0.0969053, 0.0824914
0.150265, 0.0969452, 0.0804691
0.184394, 0.0996727, -0.0579414
0.194065, 0.0995206, -0.0502234
0.203761, 0.0993956, -0.0438776
0.21355, 0.0993258, -0.0403399
0.22376, 0.099449, -0.0465879
0.37298, 0.0968778, 0.0838852
0.382652, 0.0968738, 0.0840893
0.392161, 0.0968299, 0.0863156
0.401841, 0.0968291, 0.0863595
0.411468, 0.0968161, 0.087018
0.421017, 0.0967854, 0.0885749
0.430524, 0.0967469, 0.0905275
0.439927, 0.0966872, 0.0935569
0.449596, 0.0966873, 0.0935545
0.459282, 0.096691, 0.0933647
0.469073, 0.096716, 0.0920982
0.47901, 0.0967697, 0.0893741
-0.114801, 0.113137, -0.0657535
-0.104678, 0.112985, -0.0589733
-0.0946721, 0.112942, -0.0570354
-0.084715, 0.112953, -0.0575395
-0.07477, 0.112986, -0.0589857
-0.0648039, 0.112991, -0.0592408
-0.054827, 0.112977, -0.0585961
-0.0448431, 0.112938, -0.0568571
-0.034859, 0.112877, -0.0541019
-0.0248999, 0.112879, -0.0542283
-0.0149454, 0.112921, -0.0560746
-0.00498559, 0.113006, -0.059906
0.00498569, 0.113008, -0.0600057
0.0149716, 0.113118, -0.0649242
0.0532927, 0.109815, 0.0829649
0.0629559, 0.109769, 0.085032
0.0725827, 0.10968, 0.0890059
0.0822302, 0.10964, 0.0908079
0.0919248, 0.109665, 0.0897121
0.101563, 0.109624, 0.0915422
0.111208, 0.109596, 0.0927806
0.120871, 0.10959, 0.0930696
0.130605, 0.109644, 0.0906458
0.140412, 0.109747, 0.0860181
0.150174, 0.109805, 0.0834384
0.174595, 0.113071, -0.0627985
0.184192, 0.112838, -0.0523772
0.193929, 0.112711, -0.0466828
0.203749, 0.112642, -0.0435915
0.213617, 0.112604, -0.0419178
0.224143, 0.112902, -0.0552316
0.363433, 0.109837, 0.0819736
0.372447, 0.109638, 0.0909038
0.381941, 0.109586, 0.0932121
0.391719, 0.109617, 0.0918598
0.401661, 0.109691, 0.088553
0.411546, 0.109745, 0.0860944
0.421319, 0.109769, 0.0850463
0.430969, 0.10976, 0.0854535
0.440148, 0.109634, 0.0910945
0.449743, 0.109615, 0.0919461
0.459363, 0.109602, 0.0925055
0.468994, 0.109593, 0.0929193
0.478807, 0.109626, 0.0914488
-0.12481, 0.126474, -0.0668421
-0.114709, 0.126346, -0.0616918
-0.104685, 0.126286, -0.0593066
-0.0947287, 0.126305, -0.06006
-0.0847902, 0.126354, -0.0620279
-0.074852, 0.126417, -0.0645332
-0.0648401, 0.126355, -0.0620685
-0.0548679, 0.126362, -0.0623693
-0.0448431, 0.126225, -0.0568557
-0.0348476, 0.126115, -0.0524483
-0.02488, 0.126059, -0.0502062
-0.0149244, 0.126028, -0.0489497
-0.00497778, 0.126103, -0.0519843
0.00497709, 0.126086, -0.0512838
0.0339457, 0.122851, 0.0783105
0.0435694, 0.12264, 0.0867791
0.053183, 0.122482, 0.0930891
0.0628424, 0.122462, 0.0938931
0.0725464, 0.122523, 0.0914655
0.0822872, 0.122624, 0.0874043
0.0920587, 0.122745, 0.0825634
0.101778, 0.12278, 0.0811572
0.111326, 0.12262, 0.0875587
0.120982, 0.122595, 0.0885715
0.130653, 0.122588, 0.0888419
0.140416, 0.122663, 0.0858555
0.174662, 0.126422, -0.0647421
0.184237, 0.126144, -0.0536246
0.194045, 0.126046, -0.0497088
0.203861, 0.125963, -0.0463505
0.213743, 0.125926, -0.0448818
0.223803, 0.125993, -0.0475502
0.36343, 0.122758, 0.0820184
0.37236, 0.122508, 0.0920496
0.381878, 0.122459, 0.0940309
0.391658, 0.122494, 0.0926208
0.401984, 0.122694, 0.0846062
0.412206, 0.122854, 0.0782089
0.422141, 0.122922, 0.075459
0.431625, 0.12286, 0.0779662
0.440927, 0.122749, 0.0824008
0.450456, 0.122705, 0.0841632
0.460184, 0.122716, 0.0837355
0.469492, 0.122616, 0.0877128
-0.144882, 0.139886, -0.0704122
-0.134819, 0.139812, -0.0677476
-0.124714, 0.13968, -0.0629382
-0.114725, 0.139665, -0.0624089
-0.104792, 0.139723, -0.0645165
-0.0948278, 0.139746, -0.0653558
-0.0849353, 0.139893, -0.0706897
-0.0448561, 0.139552, -0.0583167
-0.0348515, 0.139406, -0.0530224
-0.0248794, 0.139325, -0.050087
-0.0149312, 0.139357, -0.0512609
0.0338889, 0.135555, 0.0865464
0.0435, 0.135333, 0.0946093
0.0531495, 0.13529, 0.0961785
0.0628535, 0.135377, 0.0930271
0.0726047, 0.135529, 0.0875201
0.0824182, 0.135748, 0.0795822
0.111524, 0.135769, 0.0788155
0.121183, 0.135725, 0.0804038
0.130879, 0.135726, 0.0803714
0.164853, 0.139875, -0.0700221
0.174521, 0.139617, -0.060667
0.184306, 0.139475, -0.0555215
0.19429, 0.13949, -0.0560656
0.204294, 0.139518, -0.057066
0.214321, 0.139558, -0.0585294
0.363231, 0.135606, 0.084703
0.372425, 0.135427, 0.0911922
0.381913, 0.135361, 0.0935802
0.391722, 0.13541, 0.0918207
0.401998, 0.135614, 0.0844369
-0.164999, 0.153332, -0.0745134
-0.154864, 0.153199, -0.0701056
-0.144754, 0.153074, -0.065958
-0.134718, 0.153013, -0.0639458
-0.124769, 0.15305, -0.065167
-0.114821, 0.153094, -0.0666394
-0.104851, 0.153116, -0.0673532
-0.0348728, 0.152776, -0.056107
0.0338642, 0.148357, 0.0901251
0.0434881, 0.148181, 0.0959482
0.0531714, 0.148235, 0.0941644
0.062901, 0.148382, 0.0893216
0.0726617, 0.148553, 0.0836606
0.164571, 0.152935, -0.0613694
0.174413, 0.152819, -0.0575414
0.184366, 0.152808, -0.0571742
0.194433, 0.152887, -0.0597916
0.36339, 0.148586, 0.0825615
0.372589, 0.14839, 0.0890336
0.382066, 0.148312, 0.0916114
0.391949, 0.148392, 0.0889707
0.402254, 0.148624, 0.0813084
-0.184921, 0.166595, -0.0723772
-0.174874, 0.166546, -0.0708895
-0.164774, 0.166439, -0.0676107
-0.154695, 0.166339, -0.0645809
-0.14472, 0.166345, -0.0647578
-0.1348, 0.166419, -0.0670261
-0.124828, 0.166437, -0.0675678
-0.114882, 0.166496, -0.069346
0.0241886, 0.161257, 0.0901437
0.0338339, 0.161114, 0.0945191
0.0435073, 0.161138, 0.0937858
0.0532393, 0.161331, 0.0878997
0.0629734, 0.16147, 0.0836639
0.154684, 0.166327, -0.0642037
0.164421, 0.166082, -0.0567474
0.174292, 0.165992, -0.0540171
0.184273, 0.166011, -0.0545983
0.194403, 0.166156, -0.0590105
0.204408, 0.166185, -0.0598869
0.363546, 0.161576, 0.08044
0.37283, 0.161398, 0.0858579
0.382365, 0.161335, 0.0877671
0.3924, 0.161481, 0.0833292
0.402614, 0.161692, 0.0769014
-0.194865, 0.179875, -0.071034
-0.184663, 0.179672, -0.0653119
-0.174607, 0.179596, -0.0631504
-0.164614, 0.179578, -0.0626674
-0.154714, 0.179668, -0.065186
-0.144833, 0.179792, -0.0686922
-0.134857, 0.17981, -0.0691848
0.0145149, 0.174178, 0.0895729
0.0241697, 0.174022, 0.0939698
0.033841, 0.17404, 0.0934849
0.0435622, 0.174249, 0.0875897
0.0532845, 0.174386, 0.0837269
0.154626, 0.179565, -0.0622969
0.164438, 0.179387, -0.0572734
0.174285, 0.179264, -0.0538168
0.184173, 0.179195, -0.0518637
0.194161, 0.179226, -0.0527205
0.204248, 0.179339, -0.0559292
0.214533, 0.179609, -0.0635328
0.363658, 0.174556, 0.0789351
0.373007, 0.174393, 0.083528
0.382586, 0.174343, 0.0849271
0.392796, 0.174576, 0.0783548
0.403032, 0.174809, 0.0717869
-0.194648, 0.192984, -0.0653868
-0.184449, 0.192757, -0.0594263
-0.174443, 0.192718, -0.0583906
-0.164606, 0.192872, -0.0624361
-0.154787, 0.193068, -0.067595
0.00483858, 0.187091, 0.0892949
0.0145028, 0.186924, 0.0936732
0.0241731, 0.186939, 0.0932841
0.0338824, 0.18716, 0.0874839
0.0435928, 0.187287, 0.0841365
0.164702, 0.192984, -0.0653749
0.174432, 0.192706, -0.0580764
0.18426, 0.192559, -0.0542407
0.194135, 0.192476, -0.0520539
0.204138, 0.19252, -0.0532026
0.214237, 0.192647, -0.0565391
0.22444, 0.192852, -0.0619183
0.363674, 0.187494, 0.0787196
0.373076, 0.187345, 0.0826197
0.382706, 0.187316, 0.0833912
0.393025, 0.187617, 0.0754976
-0.19466, 0.206306, -0.0656953
-0.184405, 0.206002, -0.0582271
-0.174369, 0.205922, -0.0562577
-0.164507, 0.20605, -0.059402
-0.154717, 0.206289, -0.0652857
-0.0145335, 0.200239, 0.0832767
-0.00483867, 0.199998, 0.0892005
0.0048344, 0.199821, 0.0935373
0.0145021, 0.199807, 0.0938935
0.0241987, 0.200043, 0.0880909
0.0339025, 0.200186, 0.084568
0.184495, 0.206102, -0.060699
0.194283, 0.205907, -0.0558901
0.20414, 0.205799, -0.0532527
0.21415, 0.20585, -0.0544915
0.224219, 0.20595, -0.0569439
0.234371, 0.206113, -0.0609684
0.363861, 0.200528, 0.0761867
0.37307, 0.200263, 0.0826917
0.382832, 0.2003, 0.0817676
0.393163, 0.200627, 0.0737576
-0.194736, 0.219703, -0.0676932
-0.184457, 0.219354, -0.0596495
-0.174399, 0.219244, -0.0571136
-0.164495, 0.219327, -0.0590315
-0.154648, 0.2195, -0.063015
-0.0242032, 0.212989, 0.0871739
-0.0145168, 0.212913, 0.088922
-0.00483425, 0.212706, 0.093689
0.00483261, 0.212634, 0.0953498
0.0145143, 0.212875, 0.0897932
0.0242126, 0.213071, 0.0852761
0.194596, 0.219544, -0.0640345
0.204304, 0.219253, -0.0573134
0.214116, 0.219095, -0.0536785
0.224105, 0.219125, -0.0543737
0.234162, 0.219216, -0.0564618
0.244192, 0.219275, -0.0578232
0.363712, 0.213378, 0.0781984
0.373069, 0.213182, 0.0827074
0.382996, 0.213314, 0.0796585
0.393304, 0.213647, 0.0719967
-0.19482, 0.233118, -0.0698657
-0.184601, 0.23283, -0.0636125
-0.174455, 0.232607, -0.0587564
-0.164463, 0.232574, -0.0580459
-0.154561, 0.232672, -0.0601659
-0.144753, 0.232936, -0.0659022
-0.0338985, 0.22599, 0.0851493
-0.0241816, 0.225696, 0.0915556
-0.0144952, 0.22548, 0.0962424
-0.00483043, 0.225419, 0.0975623
0.00483421, 0.225595, 0.0937333
0.0145221, 0.225899, 0.0871325
0.204509, 0.232774, -0.062386
0.214303, 0.232577, -0.0581079
0.224045, 0.232343, -0.0530124
0.234011, 0.232351, -0.053196
0.244083, 0.23246, -0.0555587
0.25404, 0.232455, -0.0554404
0.354585, 0.226675, 0.070251
0.363625, 0.226255, 0.0793819
0.373072, 0.226104, 0.0826674
0.383118, 0.226314, 0.0780978
0.393445, 0.226676, 0.0702229
-0.194925, 0.246572, -0.0726008
-0.184648, 0.246197, -0.0648994
-0.174452, 0.245894, -0.0586486
-0.164418, 0.245797, -0.0566578
-0.154507, 0.245883, -0.0584211
-0.144659, 0.246087, -0.0626283
-0.0435709, 0.238833, 0.0866141
-0.0338597, 0.23863, 0.0907831
-0.024152, 0.2383, 0.0975704
-0.0144817, 0.238143, 0.100796
-0.00482883, 0.238222, 0.0991864
0.00483695, 0.238622, 0.0909438
0.0145337, 0.238997, 0.0832272
0.214612, 0.246222, -0.0654001
0.224165, 0.245752, -0.0557261
0.233953, 0.245568, -0.0519476
0.243912, 0.245571, -0.0520124
0.253995, 0.245695, -0.0545568
0.263928, 0.245669, -0.0540242
0.273982, 0.245753, -0.0557609
0.354278, 0.239421, 0.0745101
0.363548, 0.239134, 0.0804248
0.373076, 0.239027, 0.0826111
0.383246, 0.239327, 0.0764489
0.393339, 0.239564, 0.0715618
-0.195, 0.26, -0.0745478
-0.184644, 0.2595, -0.0647836
-0.174439, 0.259167, -0.0582895
-0.16438, 0.259022, -0.0554686
-0.154453, 0.259083, -0.0566545
-0.144585, 0.259255, -0.0600128
-0.134783, 0.259582, -0.0663943
-0.0532719, 0.251831, 0.0848851
-0.0435448, 0.251592, 0.0895586
-0.0338183, 0.251222, 0.0967755
-0.0241363, 0.251018, 0.10075
-0.0144825, 0.25103, 0.100523
-0.00483274, 0.251302, 0.095221
0.00484068, 0.251715, 0.0871596
0.234083, 0.258986, -0.0547566
0.243852, 0.258782, -0.0507817
0.253806, 0.258783, -0.0507903
0.263894, 0.258915, -0.0533776
0.273832, 0.258895, -0.0529923
0.283747, 0.258857, -0.0522418
0.354201, 0.252307, 0.0755916
0.363418, 0.25197, 0.0821829
0.373048, 0.251928, 0.0829873
0.383309, 0.252305, 0.0756431
0.393527, 0.252635, 0.0692034
-0.194981, 0.273307, -0.0740652
-0.184577, 0.272709, -0.0629597
-0.17439, 0.27238, -0.0568624
-0.164333, 0.272229, -0.054049
-0.154391, 0.272259, -0.054606
-0.14449, 0.272372, -0.056706
-0.134682, 0.272689, -0.0625892
-0.0629487, 0.264707, 0.0855961
-0.0532149, 0.264462, 0.0901427
-0.0434999, 0.264221, 0.0946136
-0.0338073, 0.264019, 0.0983768
-0.0241482, 0.264021, 0.0983396
-0.0145035, 0.264286, 0.0934238
-0.00484149, 0.264667, 0.0863419
0.243981, 0.272196, -0.0534468
0.253732, 0.271974, -0.0493259
0.263655, 0.271946, -0.0487919
0.27369, 0.272031, -0.0503788
0.283662, 0.27205, -0.0507259
0.293695, 0.272124, -0.0521069
0.303767, 0.272228, -0.0540366
0.344569, 0.265302, 0.0745602
0.353899, 0.26502, 0.079792
0.363114, 0.264669, 0.0862947
0.372886, 0.264733, 0.0851216
0.383182, 0.265156, 0.077271
0.39351, 0.265579, 0.069418
-0.194976, 0.286631, -0.0739164
-0.184539, 0.285952, -0.0619049
-0.174336, 0.285579, -0.0552979
-0.164278, 0.285412, -0.0523467
-0.154308, 0.285387, -0.0519075
-0.144395, 0.285471, -0.0533838
-0.134559, 0.285731, -0.0579915
-0.12479, 0.286185, -0.0660286
-0.0823275, 0.277654, 0.0849943
-0.0725606, 0.277342, 0.0905027
-0.0628399, 0.27714, 0.0940909
-0.0531542, 0.277046, 0.0957465
-0.0434624, 0.276871, 0.0988488
-0.0338054, 0.276882, 0.0986581
-0.0241681, 0.277128, 0.0943055
-0.0145261, 0.277608, 0.0858006
0.253827, 0.285348, -0.0512166
0.263494, 0.285037, -0.0457087
0.273418, 0.285017, -0.0453596
0.283417, 0.285074, -0.0463624
0.29344, 0.28515, -0.0477138
0.303517, 0.285273, -0.0498781
0.334754, 0.278153, 0.0761585
0.344178, 0.277928, 0.0801387
0.353458, 0.277602, 0.0859146
0.362966, 0.277467, 0.0882931
0.372882, 0.277644, 0.0851731
0.38323, 0.278125, 0.0766535
0.393469, 0.278505, 0.0699291
-0.194998, 0.299997, -0.0745058
-0.184526, 0.299232, -0.0615559
-0.174295, 0.298791, -0.0540962
-0.16422, 0.298581, -0.0505571
-0.15423, 0.29851, -0.0493479
-0.144295, 0.298542, -0.0498981
-0.134412, 0.298692, -0.052434
-0.124654, 0.299169, -0.0604887
-0.09193, 0.290305, 0.089437
-0.0821513, 0.289946, 0.0955172
-0.0724355, 0.289742, 0.0989661
-0.0627836, 0.28977, 0.0984845
-0.053105, 0.289664, 0.100287
-0.0434507, 0.289671, 0.100165
-0.0338156, 0.289848, 0.0971718
-0.0242012, 0.290414, 0.0875893
0.254078, 0.298916, -0.0562091
0.263484, 0.298283, -0.0455155
0.273208, 0.298045, -0.0414906
0.283253, 0.298161, -0.0434475
0.293315, 0.298286, -0.0455599
0.303355, 0.298382, -0.0471826
0.313534, 0.298604, -0.0509362
0.31543, 0.291166, 0.0748725
0.324839, 0.290901, 0.0793667
0.334282, 0.29068, 0.0830975
0.343753, 0.290496, 0.0862131
0.353338, 0.290415, 0.0875835
0.363171, 0.290537, 0.0855207
0.373219, 0.29082, 0.0807247
0.383452, 0.291229, 0.0738015
0.393534, 0.291507, 0.0691109
-0.19505, 0.313414, -0.0758638
-0.184576, 0.312615, -0.0629158
-0.174276, 0.312037, -0.0535626
-0.164174, 0.311765, -0.0491481
-0.154151, 0.311617, -0.0467515
-0.144186, 0.311574, -0.0460639
-0.13427, 0.311638, -0.0470958
-0.124456, 0.311971, -0.0524831
-0.114662, 0.312413, -0.0596476
-0.101515, 0.302934, 0.0938616
-0.0917213, 0.302519, 0.100585
-0.0820193, 0.302346, 0.103396
-0.07239, 0.302429, 0.102047
-0.0627289, 0.302386, 0.10275
-0.0530822, 0.302408, 0.102392
-0.043455, 0.302575, 0.0996771
-0.0338468, 0.303009, 0.0926523
-0.0242198, 0.303555, 0.0838122
0.244152, 0.312248, -0.0569801
0.253789, 0.311845, -0.050456
0.263326, 0.311354, -0.0425014
0.273224, 0.31131, -0.0417848
0.283244, 0.311403, -0.0432849
0.293279, 0.311505, -0.0449414
0.301392, 0.309627, -0.014523
0.307265, 0.305639, 0.0500612
0.314651, 0.303356, 0.0870376
0.324127, 0.303164, 0.0901494
0.333743, 0.30311, 0.0910196
0.343538, 0.303217, 0.0892863
0.353508, 0.303468, 0.0852256
0.36364, 0.303841, 0.0791769
0.373659, 0.304103, 0.0749297
0.383626, 0.304311, 0.0715756
0.393561, 0.304483, 0.0687819
-0.195192, 0.326989, -0.0795598
-0.184632, 0.326016, -0.0644503
-0.174274, 0.325312, -0.0535121
-0.164094, 0.324873, -0.0466847
-0.154038, 0.324639, -0.0430493
-0.144046, 0.324518, -0.0411773
-0.134086, 0.324455, -0.0402007
-0.123388, 0.322455, -0.00913048
-0.111172, 0.315793, 0.0943604
-0.101316, 0.315204, 0.103508
-0.0916086, 0.315005, 0.106602
-0.081982, 0.315068, 0.105621
-0.0723447, 0.315101, 0.105111
-0.0627056, 0.315136, 0.104576
-0.0530866, 0.315302, 0.101986
-0.0434839, 0.31566, 0.0964222
-0.0338966, 0.316368, 0.0854259
0.23425, 0.325625, -0.0583653
0.243837, 0.325116, -0.050456
0.253516, 0.324765, -0.0450153
0.263424, 0.324724, -0.0443673
0.273464, 0.324842, -0.0462089
0.279882, 0.320801, 0.016572
0.287533, 0.318398, 0.0538931
0.295024, 0.315982, 0.0914292
0.304457, 0.315733, 0.0952954
0.314003, 0.315613, 0.0971551
0.323655, 0.315604, 0.0972948
0.333441, 0.315722, 0.0954623
0.343404, 0.315996, 0.0912127
0.353629, 0.316489, 0.0835443
0.363969, 0.317057, 0.0747194
0.373956, 0.317296, 0.0710182
-0.184665, 0.339384, -0.0653582
-0.174219, 0.338483, -0.0519166
-0.16393, 0.337794, -0.0416303
-0.1538, 0.337367, -0.0352554
-0.143778, 0.337134, -0.0317717
-0.133039, 0.335062, -0.00084734
-0.12079, 0.328549, 0.0963507
-0.110933, 0.327976, 0.104904
-0.101219, 0.327757, 0.108172
-0.0915785, 0.327755, 0.108211
-0.0819597, 0.327839, 0.106956
-0.0723173, 0.327838, 0.106964
-0.0627105, 0.328024, 0.104192
-0.0531199, 0.328378, 0.0989108
-0.0435454, 0.329009, 0.0894895
0.224187, 0.338772, -0.0562239
0.233785, 0.338242, -0.0483079
0.243479, 0.33789, -0.0430551
0.251944, 0.335926, -0.013742
0.260021, 0.333612, 0.0207958
0.266166, 0.329078, 0.0884528
0.275518, 0.328688, 0.0942798
0.284928, 0.328392, 0.0987053
0.294422, 0.328208, 0.101451
0.304011, 0.328139, 0.102479
0.313713, 0.328192, 0.101688
0.323488, 0.328316, 0.0998368
0.333346, 0.328515, 0.096859
0.343432, 0.328921, 0.0908108
0.353866, 0.329628, 0.0802455
0.364138, 0.330152, 0.0724339
-0.184019, 0.351459, -0.047637
-0.173453, 0.350209, -0.0296793
-0.163284, 0.349658, -0.0217719
-0.152435, 0.347486, 0.00941992
-0.142139, 0.346362, 0.0255713
-0.130456, 0.34144, 0.0962558
-0.120589, 0.340864, 0.104536
-0.110849, 0.340581, 0.108598
-0.101186, 0.340497, 0.109801
-0.0915705, 0.340578, 0.108637
-0.0819312, 0.340577, 0.108654
-0.0723233, 0.340723, 0.106558
-0.0627424, 0.341061, 0.101698
-0.0531819, 0.341653, 0.093195
-0.043573, 0.342128, 0.0863791
0.00493592, 0.348804, -0.00949907
0.204442, 0.352371, -0.060729
0.214177, 0.35198, -0.055119
0.223729, 0.351338, -0.0458946
0.233463, 0.351023, -0.041369
0.240343, 0.346617, 0.021914
0.246667, 0.341787, 0.0912781
0.256059, 0.341411, 0.0966697
0.26552, 0.341153, 0.100384
0.275008, 0.340946, 0.103356
0.284552, 0.34082, 0.105167
0.294185, 0.340804, 0.105387
0.303917, 0.340902, 0.103987
0.313697, 0.341045, 0.101927
0.323567, 0.341274, 0.0986419
0.333688, 0.341748, 0.0918307
0.344065, 0.342449, 0.0817623
-0.192334, 0.361653, -0.00516701
-0.181265, 0.359263, 0.0279093
-0.170531, 0.357303, 0.0550365
-0.160462, 0.356582, 0.065012
-0.150436, 0.355871, 0.0748615
-0.140195, 0.354517, 0.0935917
-0.130317, 0.353948, 0.101469
-0.120524, 0.353538, 0.107144
-0.110816, 0.353327, 0.110058
-0.101184, 0.353342, 0.109858
-0.0915544, 0.353368, 0.109499
-0.0819262, 0.353408, 0.108951
-0.072348, 0.353701, 0.10489
-0.0628018, 0.354266, 0.0970635
-0.0533638, 0.355759, 0.0764074
-0.0439689, 0.358265, 0.0417261
-0.0342047, 0.358335, 0.0407519
-0.0244371, 0.358412, 0.0396938
-0.0146655, 0.358489, 0.0386314
-0.00488969, 0.358576, 0.0374174
0.00489255, 0.358786, 0.0345201
0.0146903, 0.359096, 0.0302258
0.0245071, 0.359437, 0.0255017
0.0343615, 0.359978, 0.0180216
0.0441499, 0.35974, 0.0213151
0.0541192, 0.360795, 0.0067153
0.19454, 0.365802, -0.0625811
0.204125, 0.365101, -0.0528836
0.21366, 0.364382, -0.0429306
0.223473, 0.364178, -0.040113
0.22887, 0.357101, 0.0578275
0.23673, 0.354289, 0.0967445
0.246148, 0.353939, 0.101595
0.255638, 0.353713, 0.104722
0.265177, 0.35357, 0.106703
0.27478, 0.353518, 0.107425
0.284461, 0.353568, 0.106732
0.294217, 0.353704, 0.104851
0.304094, 0.353972, 0.101144
0.31403, 0.35429, 0.0967407
0.324083, 0.354717, 0.0908217
0.334169, 0.355155, 0.0847616
0.344801, 0.356133, 0.0712342
-0.200696, 0.372021, 0.0320005
-0.190189, 0.370625, 0.0506377
-0.179984, 0.369696, 0.0630436
-0.169933, 0.368998, 0.0723653
-0.159897, 0.368248, 0.0823822
-0.149913, 0.367529, 0.0919814
-0.140055, 0.36704, 0.0985107
-0.130253, 0.366638, 0.103881
-0.120511, 0.366355, 0.107667
-0.110815, 0.366172, 0.110106
-0.10117, 0.36614, 0.110536
-0.0915367, 0.366147, 0.110444
-0.0819501, 0.366365, 0.10753
-0.072408, 0.366867, 0.100831
-0.0629784, 0.368182, 0.0832734
-0.0535427, 0.369932, 0.0599008
-0.0438118, 0.369966, 0.0594392
-0.0340811, 0.370023, 0.0586796
-0.0243457, 0.370055, 0.0582509
-0.0146074, 0.370053, 0.0582848
-0.00486966, 0.370092, 0.057755
0.00487066, 0.370169, 0.0567327
0.0146157, 0.370264, 0.0554628
0.0243668, 0.370375, 0.0539775
0.0341361, 0.37062, 0.050705
0.0439304, 0.370967, 0.0460749
0.0537493, 0.371359, 0.0408401
0.0636182, 0.371922, 0.0333271
0.0735032, 0.372416, 0.0267286
0.0834561, 0.373098, 0.0176167
0.174578, 0.379084, -0.0623159
0.184387, 0.378741, -0.0577407
0.193908, 0.377872, -0.046133
0.203419, 0.37707, -0.0354204
0.213061, 0.376573, -0.0287938
0.220324, 0.372103, 0.0309062
0.227108, 0.367239, 0.0958571
0.236458, 0.366751, 0.102377
0.2459, 0.36644, 0.106533
0.255416, 0.366257, 0.108967
0.265, 0.366181, 0.109984
0.27464, 0.366186, 0.109916
0.284402, 0.366348, 0.107759
0.294233, 0.366585, 0.104588
0.304116, 0.36687, 0.100793
0.314068, 0.367218, 0.096137
0.324025, 0.36755, 0.0917039
0.334036, 0.367924, 0.0867162
0.344314, 0.368562, 0.0781932
0.354384, 0.368947, 0.0730472
-0.210462, 0.385032, 0.0325475
-0.200051, 0.383838, 0.0479531
-0.189727, 0.382697, 0.0626726
-0.179553, 0.381753, 0.0748525
-0.169499, 0.38097, 0.0849528
-0.159567, 0.380383, 0.0925303
-0.149729, 0.379958, 0.0980101
-0.13992, 0.379552, 0.103243
-0.130175, 0.379274, 0.10683
-0.120479, 0.379106, 0.109002
-0.110808, 0.378995, 0.110435
-0.101163, 0.378959, 0.110893
-0.0915429, 0.37902, 0.110112
-0.0819707, 0.379316, 0.106295
-0.0724632, 0.380029, 0.0970922
-0.0630374, 0.381457, 0.0786715
-0.0534148, 0.381997, 0.0716987
-0.0437071, 0.382032, 0.0712543
-0.033994, 0.382028, 0.0713053
-0.0242782, 0.381977, 0.0719633
-0.0145649, 0.381921, 0.0726781
-0.00485544, 0.38196, 0.0721784
0.00485595, 0.382, 0.07166
0.0145691, 0.382033, 0.0712347
0.0242855, 0.382093, 0.0704656
0.0340139, 0.382252, 0.0684185
0.0437514, 0.382419, 0.0662522
0.0535033, 0.38263, 0.0635357
0.0632812, 0.382932, 0.0596375
0.0731094, 0.383418, 0.0533705
0.0829869, 0.384018, 0.0456285
0.0929388, 0.384799, 0.0355506
0.102955, 0.385673, 0.0242763
0.112976, 0.386411, 0.0147591
0.164718, 0.392661, -0.0658765
0.174401, 0.391987, -0.0571837
0.183823, 0.390831, -0.0422711
0.193297, 0.389899, -0.0302424
0.202943, 0.389387, -0.0236435
0.212651, 0.389036, -0.0191054
0.217819, 0.38078, 0.0874066
0.2269, 0.379776, 0.100354
0.236294, 0.379356, 0.105779
0.245753, 0.379071, 0.109457
0.25528, 0.378907, 0.111574
0.264799, 0.378742, 0.113692
0.27439, 0.37869, 0.114367
0.284126, 0.378834, 0.112509
0.293918, 0.379042, 0.109827
0.303805, 0.379354, 0.105797
0.313779, 0.379753, 0.100656
0.323791, 0.380172, 0.095243
0.333707, 0.380458, 0.0915618
0.343683, 0.380794, 0.0872216
0.353964, 0.38144, 0.078886
0.364237, 0.382044, 0.071094
-0.22021, 0.398009, 0.0334864
-0.210094, 0.397387, 0.0412493
-0.199644, 0.396041, 0.0580401
-0.189275, 0.394727, 0.0744424
-0.179145, 0.393797, 0.0860376
-0.16919, 0.393166, 0.0939159
-0.159314, 0.392652, 0.100335
-0.149499, 0.392233, 0.105557
-0.139748, 0.391937, 0.109257
-0.130054, 0.391768, 0.11136
-0.120389, 0.391666, 0.112636
-0.110759, 0.39167, 0.11258
-0.101149, 0.391753, 0.111547
-0.0915516, 0.391905, 0.10965
-0.0819796, 0.392216, 0.105768
-0.0724773, 0.392988, 0.096138
-0.0629832, 0.394049, 0.0828986
-0.0533172, 0.394225, 0.0807037
-0.0436206, 0.394201, 0.0810056
-0.0339194, 0.394111, 0.0821233
-0.0242201, 0.39398, 0.0837531
-0.0145293, 0.393904, 0.0847068
-0.00484324, 0.393915, 0.0845656
0.00484338, 0.393927, 0.084424
0.0145305, 0.393935, 0.0843158
0.0242192, 0.393966, 0.08393
0.033917, 0.394083, 0.0824695
0.0436216, 0.39421, 0.0808911
0.0533322, 0.394335, 0.0793233
0.0630564, 0.394506, 0.077188
0.0728227, 0.394861, 0.0727701
0.0826209, 0.395285, 0.0674782
0.0924471, 0.395739, 0.0618143
0.102364, 0.396457, 0.0528455
0.112373, 0.397377, 0.0413685
0.122556, 0.398714, 0.024682
0.132384, 0.398785, 0.0237932
0.142636, 0.400038, 0.00816441
0.164553, 0.405564, -0.0607944
0.17394, 0.404203, -0.0438061
0.183528, 0.40343, -0.0341625
0.193146, 0.4028, -0.0263014
0.202881, 0.402463, -0.0221009
0.211452, 0.399955, 0.00919342
0.21751, 0.393129, 0.0943766
0.226811, 0.392496, 0.102279
0.236215, 0.392084, 0.107416
0.245697, 0.39183, 0.110585
0.255197, 0.391623, 0.113169
0.264685, 0.391413, 0.115792
0.274227, 0.391294, 0.117269
0.283886, 0.391345, 0.116639
0.293636, 0.391515, 0.114518
0.303474, 0.391787, 0.111124
0.313391, 0.39214, 0.106719
0.323421, 0.392611, 0.100841
0.333469, 0.393075, 0.0950513
0.34343, 0.393413, 0.0908356
0.353429, 0.393775, 0.0863218
0.363962, 0.394697, 0.0748119
-0.230229, 0.411472, 0.0284786
-0.220021, 0.410706, 0.0377364
-0.209582, 0.409416, 0.0533237
-0.199157, 0.408028, 0.0700965
-0.1889, 0.406862, 0.0841789
-0.178836, 0.406005, 0.0945358
-0.168996, 0.405591, 0.0995369
-0.159154, 0.405119, 0.105242
-0.149385, 0.404785, 0.109276
-0.139677, 0.404582, 0.111733
-0.130005, 0.404461, 0.113197
-0.120352, 0.404383, 0.114133
-0.110716, 0.404355, 0.11448
-0.101107, 0.404428, 0.113587
-0.0915133, 0.404585, 0.111693
-0.0819433, 0.404896, 0.107934
-0.0724261, 0.405586, 0.0996041
-0.0629043, 0.406458, 0.0890608
-0.0532335, 0.40651, 0.0884314
-0.0435386, 0.40636, 0.0902472
-0.0338511, 0.406213, 0.0920258
-0.0241713, 0.406078, 0.0936627
-0.0144993, 0.405978, 0.094861
-0.00483284, 0.405957, 0.0951238
0.00483256, 0.405933, 0.0954051
0.0144968, 0.405909, 0.0957026
0.0241618, 0.405919, 0.0955787
0.0338321, 0.405984, 0.0947862
0.0435064, 0.406059, 0.0938849
0.0531856, 0.406145, 0.0928507
0.0628767, 0.40628, 0.0912156
0.0726037, 0.40658, 0.0875869
0.0823508, 0.40691, 0.0836077
0.092122, 0.407276, 0.0791798
0.101964, 0.407857, 0.0721579
0.111841, 0.408464, 0.0648246
0.121749, 0.409075, 0.0574436
0.131681, 0.409674, 0.0502052
0.141702, 0.410446, 0.0408788
0.151774, 0.41126, 0.0310497
0.161866, 0.412021, 0.0218482
0.172632, 0.414316, -0.00588036
0.182343, 0.413967, -0.00166464
0.192049, 0.413643, 0.0022521
0.200228, 0.410224, 0.0435634
0.208398, 0.407104, 0.0812659
0.21739, 0.405795, 0.0970702
0.226734, 0.405226, 0.10395
0.236171, 0.404865, 0.108314
0.245657, 0.404611, 0.111385
0.255161, 0.404407, 0.11385
0.264697, 0.404264, 0.115574
0.274239, 0.404142, 0.117052
0.283812, 0.404071, 0.117907
0.293501, 0.404166, 0.116759
0.303231, 0.404308, 0.115046
0.313111, 0.404635, 0.111089
0.323063, 0.405034, 0.106269
0.333175, 0.405604, 0.0993805
0.343271, 0.406123, 0.0931091
0.353286, 0.406521, 0.0883055
0.363397, 0.407004, 0.0824623
0.374118, 0.408129, 0.0688772
-0.230164, 0.424416, 0.0298781
-0.219487, 0.422716, 0.049787
-0.209046, 0.421333, 0.0659776
-0.19879, 0.420206, 0.0791759
-0.18862, 0.419155, 0.0914888
-0.178681, 0.418532, 0.0987763
-0.168877, 0.418171, 0.103003
-0.159078, 0.417782, 0.107564
-0.14934, 0.41751, 0.110746
-0.13964, 0.417317, 0.113013
-0.12998, 0.41722, 0.114139
-0.120337, 0.417169, 0.114741
-0.1107, 0.41713, 0.115197
-0.101084, 0.41717, 0.114724
-0.0914886, 0.417316, 0.113014
-0.0819029, 0.417544, 0.110346
-0.0723575, 0.418065, 0.104243
-0.0628228, 0.418819, 0.0954204
-0.0531611, 0.418846, 0.095108
-0.0434814, 0.418709, 0.096705
-0.0338083, 0.418578, 0.0982361
-0.0241402, 0.418431, 0.0999575
-0.0144794, 0.418293, 0.101584
-0.00482569, 0.418225, 0.102377
0.00482505, 0.418169, 0.10303
0.0144735, 0.418121, 0.10359
0.0241215, 0.418106, 0.103768
0.0337719, 0.418129, 0.103502
0.0434234, 0.418151, 0.103239
0.0530756, 0.418172, 0.102996
0.0627372, 0.418248, 0.102103
0.0724297, 0.418483, 0.0993562
0.0821418, 0.418763, 0.0960798
0.0918739, 0.419074, 0.0924354
0.101662, 0.419557, 0.0867815
0.111511, 0.420187, 0.0793967
0.12136, 0.420716, 0.0732098
0.131154, 0.420989, 0.0700049
0.140969, 0.421286, 0.0665283
0.150809, 0.421618, 0.0626431
0.160569, 0.421697, 0.061718
0.170313, 0.421727, 0.0613642
0.180015, 0.421656, 0.0621963
0.189583, 0.421295, 0.0664234
0.199086, 0.420832, 0.0718484
0.208094, 0.419414, 0.088448
0.217323, 0.418549, 0.0985842
0.226686, 0.418002, 0.104981
0.236162, 0.417702, 0.108496
0.245659, 0.41746, 0.111331
0.255186, 0.417286, 0.113374
0.264732, 0.417154, 0.114918
0.274274, 0.417024, 0.116434
0.283807, 0.416892, 0.117988
0.29345, 0.416924, 0.117608
0.303169, 0.417058, 0.116041
0.312996, 0.417329, 0.112872
0.32289, 0.417669, 0.108883
0.332897, 0.418132, 0.103465
0.343049, 0.418745, 0.0962873
0.353143, 0.419257, 0.0902939
0.36318, 0.419674, 0.085402
0.373527, 0.42042, 0.0766706
0.384721, 0.422057, 0.0575047
-0.240518, 0.438496, 0.018271
-0.229612, 0.436426, 0.0417957
-0.218946, 0.434649, 0.0619798
-0.20867, 0.433516, 0.0748515
-0.198503, 0.43251, 0.0862861
-0.188462, 0.431691, 0.0955887
-0.178607, 0.431231, 0.100817
-0.168846, 0.430958, 0.103909
-0.159098, 0.430689, 0.106975
-0.149374, 0.430453, 0.109647
-0.139667, 0.430238, 0.112089
-0.130004, 0.430136, 0.113251
-0.120358, 0.430078, 0.11391
-0.110726, 0.430065, 0.114063
-0.101085, 0.430014, 0.114638
-0.0914745, 0.43009, 0.11377
-0.0818869, 0.430308, 0.111302
-0.0723124, 0.43066, 0.107299
-0.0627538, 0.431231, 0.100812
-0.0531074, 0.431297, 0.100061
-0.0434398, 0.43118, 0.101394
-0.0337747, 0.431029, 0.103102
-0.0241163, 0.430878, 0.104818
-0.0144652, 0.43074, 0.10639
-0.00482079, 0.430656, 0.107344
0.00481991, 0.430577, 0.108241
0.0144571, 0.430498, 0.109136
0.0240928, 0.430458, 0.109592
0.03373, 0.430459, 0.109587
0.0433679, 0.430466, 0.1095
0.0530072, 0.430483, 0.109311
0.0626527, 0.430537, 0.108699
0.0723181, 0.430694, 0.106908
0.0819951, 0.430876, 0.10484
0.0916855, 0.431083, 0.102498
0.101423, 0.431449, 0.0983396
0.111202, 0.431913, 0.0930595
0.121028, 0.432473, 0.0866985
0.130817, 0.432826, 0.0826879
0.140595, 0.433098, 0.0796022
0.150367, 0.433316, 0.0771203
0.16008, 0.433347, 0.076767
0.169764, 0.433302, 0.0772786
0.179405, 0.433159, 0.0789113
0.188963, 0.432839, 0.0825405
0.198473, 0.432445, 0.0870199
0.207937, 0.431994, 0.0921464
0.217291, 0.431362, 0.0993242
0.226653, 0.4308, 0.105703
0.236139, 0.430513, 0.108973
0.245641, 0.430272, 0.111704
0.255176, 0.430107, 0.113575
0.2647, 0.429936, 0.11552
0.274268, 0.429847, 0.116539
0.283831, 0.429755, 0.117579
0.293429, 0.429722, 0.117959
0.303144, 0.429855, 0.116447
0.312896, 0.430032, 0.114435
0.322769, 0.430359, 0.110718
0.332684, 0.430722, 0.106596
0.342821, 0.431342, 0.099545
0.353029, 0.432017, 0.0918798
0.363115, 0.432511, 0.0862727
0.373312, 0.433107, 0.0794988
0.383923, 0.434141, 0.0677519
-0.240027, 0.450664, 0.0284414
-0.229085, 0.448422, 0.0531702
-0.218649, 0.447015, 0.0686946
-0.208392, 0.445863, 0.0814023
-0.198289, 0.444941, 0.0915728
-0.188376, 0.444374, 0.0978279
-0.17858, 0.444038, 0.101535
-0.168866, 0.443877, 0.103311
-0.159133, 0.443643, 0.105897
-0.149411, 0.443414, 0.108421
-0.13971, 0.443217, 0.110595
-0.130046, 0.443121, 0.111656
-0.120398, 0.443064, 0.112282
-0.110757, 0.443027, 0.112689
-0.101133, 0.443057, 0.11236
-0.0915012, 0.443058, 0.112343
-0.0818899, 0.443169, 0.111118
-0.0723064, 0.443479, 0.107699
-0.0627172, 0.443845, 0.103666
-0.0530765, 0.443913, 0.102918
-0.0434179, 0.443827, 0.103859
-0.033758, 0.443677, 0.105519
-0.0241048, 0.44353, 0.107143
-0.0144585, 0.443393, 0.108652
-0.00481842, 0.443293, 0.109756
0.00481733, 0.443192, 0.110863
0.0144486, 0.443087, 0.112023
0.0240768, 0.443013, 0.112842
0.0337039, 0.442965, 0.113374
0.0433311, 0.442939, 0.113656
0.0529582, 0.442923, 0.113835
0.0625905, 0.442948, 0.113562
0.0722371, 0.443054, 0.112391
0.0818926, 0.443184, 0.110961
0.0915569, 0.443328, 0.109366
0.101264, 0.443634, 0.105994
0.111001, 0.444004, 0.101911
0.120752, 0.444366, 0.0979152
0.130463, 0.44454, 0.0959949
0.140164, 0.44466, 0.0946765
0.14989, 0.444834, 0.0927544
0.159551, 0.44481, 0.0930219
0.169215, 0.444794, 0.0931983
0.178899, 0.44483, 0.0927973
0.188574, 0.444841, 0.0926757
0.198206, 0.444754, 0.0936327
0.207794, 0.444582, 0.0955391
0.217186, 0.444025, 0.101675
0.226577, 0.443512, 0.107338
0.236059, 0.443213, 0.110634
0.245547, 0.442948, 0.113565
0.2551, 0.442815, 0.115031
0.264639, 0.44267, 0.116629
0.274209, 0.442582, 0.117594
0.283806, 0.442545, 0.118005
0.293423, 0.44254, 0.118063
0.303137, 0.442676, 0.116564
0.312873, 0.442836, 0.114796
0.322735, 0.443158, 0.111242
0.332652, 0.443536, 0.107078
0.342722, 0.444091, 0.100954
0.352948, 0.444811, 0.0930076
0.36309, 0.445391, 0.0866141
0.373232, 0.44594, 0.0805564
0.383968, 0.447153, 0.0671759
-0.250686, 0.465326, 0.011292
-0.239618, 0.462935, 0.036922
-0.228799, 0.460843, 0.0593581
-0.218421, 0.459493, 0.0738325
-0.20816, 0.458276, 0.0868807
-0.198174, 0.457572, 0.0944257
-0.188312, 0.4571, 0.0994806
-0.17856, 0.456856, 0.102096
-0.168846, 0.456688, 0.103901
-0.159176, 0.456626, 0.104564
-0.149492, 0.456512, 0.10579
-0.139795, 0.456343, 0.107597
-0.130123, 0.456232, 0.108789
-0.12047, 0.456181, 0.109334
-0.110818, 0.456121, 0.109979
-0.101177, 0.456099, 0.110212
-0.0915449, 0.456119, 0.110004
-0.0819269, 0.456221, 0.108912
-0.0723188, 0.456411, 0.106865
-0.062705, 0.456621, 0.104622
-0.0530609, 0.456645, 0.104357
-0.043406, 0.456566, 0.105212
-0.0337484, 0.456406, 0.106923
-0.0240976, 0.456248, 0.108614
-0.0144538, 0.456095, 0.110259
-0.0048165, 0.45596, 0.111704
0.00481517, 0.455834, 0.113053
0.0144418, 0.455716, 0.114321
0.0240652, 0.455635, 0.115185
0.0336864, 0.455568, 0.115904
0.0433052, 0.455506, 0.116574
0.0529238, 0.455466, 0.117004
0.0625509, 0.455499, 0.116647
0.0721897, 0.455597, 0.115596
0.0818319, 0.455691, 0.114586
0.0914771, 0.455781, 0.113628
0.101153, 0.455991, 0.111374
0.11086, 0.456294, 0.108128
0.12059, 0.456633, 0.104489
0.130292, 0.456828, 0.102405
0.139995, 0.456995, 0.100606
0.149713, 0.457188, 0.0985451
0.159405, 0.457283, 0.0975232
0.169104, 0.457385, 0.0964255
0.17881, 0.457496, 0.0952325
0.188433, 0.457393, 0.0963364
0.198068, 0.457328, 0.0970392
0.207673, 0.457202, 0.0983877
0.217081, 0.456674, 0.104054
0.226504, 0.456221, 0.108902
0.235973, 0.455893, 0.112419
0.245487, 0.455675, 0.114761
0.255046, 0.455555, 0.116051
0.264608, 0.455446, 0.117214
0.274202, 0.455401, 0.117703
0.283817, 0.45539, 0.117819
0.29346, 0.455424, 0.117449
0.303176, 0.455566, 0.115931
0.312907, 0.45572, 0.114275
0.322743, 0.456015, 0.111117
0.33265, 0.45639, 0.107098
0.342637, 0.456849, 0.102174
0.352862, 0.457592, 0.0942063
0.363076, 0.458283, 0.0868039
0.373266, 0.458907, 0.0801096
0.383664, 0.459749, 0.0710859
0.394686, 0.461279, 0.0546837
-0.250288, 0.477674, 0.0192189
-0.239476, 0.475694, 0.0398617
-0.22868, 0.473578, 0.0619273
-0.218237, 0.472039, 0.0779743
-0.208041, 0.470914, 0.0896997
-0.198086, 0.470254, 0.0965915
-0.188287, 0.469912, 0.100156
-0.178543, 0.469681, 0.102559
-0.168839, 0.469533, 0.104108
-0.15919, 0.469529, 0.104141
-0.149547, 0.469547, 0.103962
-0.139868, 0.469442, 0.105052
-0.130195, 0.469345, 0.106063
-0.120539, 0.4693, 0.106531
-0.110884, 0.469247, 0.10709
-0.10123, 0.469193, 0.107647
-0.0915853, 0.469174, 0.10785
-0.0819511, 0.469211, 0.107467
-0.0723263, 0.469317, 0.106355
-0.0627086, 0.46951, 0.104339
-0.0530581, 0.469484, 0.104615
-0.0434016, 0.46938, 0.105702
-0.033744, 0.469202, 0.107551
-0.0240941, 0.469032, 0.109325
-0.0144514, 0.468866, 0.111058
-0.00481558, 0.468715, 0.112632
0.00481415, 0.468576, 0.114088
0.0144384, 0.468444, 0.115463
0.0240592, 0.468354, 0.116401
0.0336772, 0.468273, 0.117239
0.0432917, 0.468192, 0.118093
0.0529026, 0.468108, 0.118966
0.0625189, 0.46809, 0.11915
0.0721454, 0.468143, 0.118596
0.0817767, 0.468212, 0.117877
0.0914114, 0.468283, 0.117138
0.10108, 0.468498, 0.114894
0.110771, 0.46877, 0.112062
0.120479, 0.469065, 0.108987
0.130187, 0.469314, 0.106384
0.139893, 0.469527, 0.104165
0.149606, 0.469731, 0.102037
0.159312, 0.469889, 0.100388
0.169012, 0.470015, 0.0990767
0.178692, 0.470073, 0.0984731
0.188287, 0.469912, 0.100152
0.197925, 0.469871, 0.100583
0.20752, 0.469735, 0.102
0.216996, 0.469354, 0.105969
0.226451, 0.468962, 0.110058
0.235948, 0.468686, 0.112932
0.245477, 0.468492, 0.114962
0.255046, 0.468386, 0.116061
0.264618, 0.468294, 0.117022
0.27423, 0.468277, 0.117206
0.283858, 0.468286, 0.117105
0.293503, 0.468322, 0.116733
0.303219, 0.468466, 0.115229
0.31295, 0.468623, 0.113598
0.322766, 0.468894, 0.110767
0.332681, 0.469289, 0.106651
0.342631, 0.46971, 0.102255
0.352815, 0.47042, 0.0948577
0.363034, 0.471137, 0.0873799
0.373289, 0.471863, 0.0798054
0.383642, 0.472673, 0.0713639
0.39483, 0.474446, 0.052875
-0.250304, 0.490793, 0.0188932
-0.239484, 0.488742, 0.0397053
-0.228684, 0.486561, 0.0618372
-0.21817, 0.484823, 0.0794806
-0.208024, 0.483776, 0.0901089
-0.198072, 0.483103, 0.0969372
-0.188278, 0.482763, 0.100385
-0.178544, 0.482551, 0.10254
-0.168854, 0.482441, 0.103654
-0.159197, 0.482415, 0.103921
-0.149568, 0.482479, 0.10327
-0.139931, 0.482522, 0.102831
-0.13026, 0.482446, 0.103604
-0.1206, 0.482401, 0.104059
-0.110943, 0.482361, 0.104472
-0.101284, 0.482304, 0.105042
-0.0916329, 0.482278, 0.105308
-0.0819855, 0.482268, 0.105415
-0.072356, 0.482373, 0.104343
-0.0627261, 0.482508, 0.102976
-0.0530671, 0.482428, 0.103784
-0.0434058, 0.482286, 0.105227
-0.0337471, 0.482101, 0.107104
-0.0240961, 0.481922, 0.108924
-0.0144525, 0.481747, 0.1107
-0.00481592, 0.48159, 0.112296
0.00481427, 0.481425, 0.113963
0.0144378, 0.481257, 0.115673
0.0240564, 0.481128, 0.116985
0.0336714, 0.48102, 0.118079
0.0432824, 0.480915, 0.119139
0.0528891, 0.48081, 0.120208
0.0625038, 0.480799, 0.120325
0.0721259, 0.480839, 0.119917
0.08175, 0.480883, 0.119473
0.0913774, 0.480934, 0.118952
0.101033, 0.481108, 0.117184
0.110705, 0.481325, 0.114981
0.120392, 0.481569, 0.11251
0.130088, 0.481808, 0.110084
0.13979, 0.482034, 0.107788
0.1495, 0.482257, 0.105528
0.159205, 0.48244, 0.103668
0.168912, 0.482606, 0.101984
0.17857, 0.482622, 0.101822
0.18816, 0.482462, 0.103438
0.197781, 0.482392, 0.104152
0.207387, 0.482294, 0.105145
0.216881, 0.481958, 0.108554
0.226413, 0.481729, 0.110882
0.23594, 0.48151, 0.113109
0.245492, 0.481356, 0.114664
0.255063, 0.481251, 0.11573
0.26463, 0.481145, 0.116805
0.27426, 0.481157, 0.116685
0.283891, 0.481172, 0.116536
0.29354, 0.481213, 0.116124
0.303262, 0.481369, 0.114541
0.313005, 0.481546, 0.112741
0.322813, 0.48181, 0.110056
0.332723, 0.482208, 0.106024
0.342647, 0.482602, 0.102024
0.352777, 0.483255, 0.0953903
0.362997, 0.483996, 0.0878787
0.373272, 0.484768, 0.0800362
0.383657, 0.485642, 0.0711656
0.394589, 0.487147, 0.0558949
-0.260674, 0.504953, 0.0082922
-0.250126, 0.503521, 0.0224438
-0.23956, 0.501935, 0.0381227
-0.228897, 0.500003, 0.0572281
-0.218227, 0.49788, 0.078207
-0.208057, 0.496756, 0.0893197
-0.198109, 0.496078, 0.0960269
-0.188299, 0.495693, 0.0998316
-0.17857, 0.495493, 0.10181
-0.168883, 0.495391, 0.102817
-0.159224, 0.495362, 0.103098
-0.149603, 0.495459, 0.102141
-0.139972, 0.495533, 0.101409
-0.130323, 0.495548, 0.101267
-0.120654, 0.495486, 0.101878
-0.110996, 0.495462, 0.10211
-0.101338, 0.49543, 0.10243
-0.0916815, 0.495402, 0.102709
-0.0820307, 0.495401, 0.102716
-0.0723957, 0.495508, 0.101661
-0.0627524, 0.495583, 0.100922
-0.0530862, 0.495471, 0.102023
-0.0434207, 0.495317, 0.103545
-0.0337581, 0.495119, 0.105502
-0.024103, 0.494916, 0.107512
-0.0144562, 0.494721, 0.109443
-0.00481704, 0.494547, 0.111157
0.00481535, 0.494374, 0.112869
0.014441, 0.494203, 0.114564
0.0240616, 0.494065, 0.115924
0.0336779, 0.493942, 0.117135
0.04329, 0.493826, 0.118289
0.0528974, 0.493709, 0.119441
0.0625102, 0.49367, 0.11983
0.0721252, 0.493657, 0.119961
0.0817403, 0.493648, 0.120051
0.0913614, 0.493672, 0.119807
0.10101, 0.493825, 0.118296
0.110677, 0.494035, 0.116222
0.120353, 0.494249, 0.114104
0.13004, 0.494472, 0.111902
0.139734, 0.494692, 0.109724
0.149432, 0.494892, 0.107752
0.159132, 0.495079, 0.105905
0.16884, 0.495263, 0.104084
0.178484, 0.495252, 0.104188
0.188061, 0.495067, 0.106015
0.197665, 0.494965, 0.107029
0.207276, 0.494892, 0.107749
0.216806, 0.494639, 0.110247
0.226349, 0.494437, 0.112251
0.235951, 0.494374, 0.112868
0.245515, 0.494239, 0.114203
0.255067, 0.494093, 0.115651
0.264633, 0.493982, 0.116745
0.27427, 0.494007, 0.116497
0.28391, 0.494036, 0.116215
0.293577, 0.494107, 0.11551
0.303318, 0.494296, 0.113645
0.313064, 0.494481, 0.111816
0.322865, 0.494738, 0.109268
0.332784, 0.495156, 0.105135
0.342715, 0.495569, 0.101056
0.352827, 0.496213, 0.0946922
0.363028, 0.496945, 0.0874562
0.373309, 0.497745, 0.0795479
0.383713, 0.498664, 0.0704565
0.394574, 0.500119, 0.056077
0.407058, 0.503509, 0.0225649
-0.260379, 0.517483, 0.0139394
-0.250055, 0.516454, 0.0238533
-0.239681, 0.515233, 0.0356121
-0.229202, 0.513673, 0.0506454
-0.218414, 0.51125, 0.0739908
-0.208258, 0.510151, 0.084578
-0.198195, 0.509184, 0.0939007
-0.188391, 0.508816, 0.0974441
-0.178656, 0.508606, 0.0994682
-0.168919, 0.508366, 0.101779
-0.159282, 0.508414, 0.101315
-0.149667, 0.508546, 0.100048
-0.14001, 0.508544, 0.100066
-0.130367, 0.50859, 0.099618
-0.120706, 0.508577, 0.0997491
-0.111043, 0.508543, 0.100073
-0.101387, 0.508544, 0.100068
-0.0917334, 0.508557, 0.0999365
-0.0820806, 0.508578, 0.0997367
-0.0724461, 0.508732, 0.0982513
-0.0627912, 0.508769, 0.0978932
-0.0531189, 0.508654, 0.0990038
-0.0434464, 0.508483, 0.10065
-0.0337767, 0.508259, 0.102811
-0.0241157, 0.508038, 0.104944
-0.0144638, 0.507838, 0.106866
-0.00481952, 0.507654, 0.108638
0.00481774, 0.507466, 0.110448
0.0144482, 0.507289, 0.112153
0.0240737, 0.507154, 0.113459
0.0336943, 0.50702, 0.114753
0.0433092, 0.506878, 0.116117
0.0529187, 0.506737, 0.117473
0.0625337, 0.506683, 0.117994
0.0721504, 0.506656, 0.118254
0.0817665, 0.506632, 0.118485
0.0913868, 0.506636, 0.118451
0.10103, 0.506755, 0.117301
0.110682, 0.506891, 0.115995
0.12034, 0.507032, 0.114637
0.130011, 0.507205, 0.112969
0.139693, 0.507392, 0.111159
0.149385, 0.507586, 0.109291
0.159083, 0.507779, 0.107439
0.168792, 0.507983, 0.105469
0.178434, 0.507974, 0.105556
0.188014, 0.507799, 0.107242
0.197634, 0.507742, 0.107787
0.207256, 0.507697, 0.108225
0.216796, 0.507464, 0.110471
0.226324, 0.507223, 0.112788
0.235927, 0.507164, 0.113365
0.24551, 0.507066, 0.114309
0.255056, 0.506904, 0.115861
0.264626, 0.506799, 0.116873
0.274266, 0.50683, 0.11658
0.283914, 0.506875, 0.116148
0.293597, 0.506977, 0.115163
0.303358, 0.507201, 0.113003
0.31312, 0.507415, 0.110941
0.322921, 0.507677, 0.108415
0.332849, 0.508117, 0.104181
0.342801, 0.508568, 0.0998297
0.352909, 0.50922, 0.0935493
0.36312, 0.509982, 0.0862107
0.373465, 0.510888, 0.0774822
0.383973, 0.511964, 0.0671134
0.395024, 0.513693, 0.0504503
0.407033, 0.516556, 0.0228658
-0.26047, 0.530768, 0.0122027
-0.250035, 0.529485, 0.0242605
-0.239771, 0.528474, 0.0337586
-0.229526, 0.527421, 0.0436525
-0.21892, 0.525408, 0.062573
-0.208502, 0.523679, 0.0788245
-0.198451, 0.522749, 0.0875568
-0.188523, 0.522062, 0.0940123
-0.178762, 0.521793, 0.0965486
-0.169063, 0.521679, 0.0976138
-0.159358, 0.521534, 0.0989814
-0.149726, 0.521625, 0.0981193
-0.140083, 0.52169, 0.0975089
-0.130414, 0.521657, 0.0978198
-0.120764, 0.521699, 0.0974288
-0.111107, 0.521718, 0.0972452
-0.101443, 0.521706, 0.0973587
-0.0917951, 0.521783, 0.0966411
-0.0821456, 0.521867, 0.0958529
-0.0725114, 0.522082, 0.0938306
-0.0628501, 0.522139, 0.0932889
-0.0531715, 0.522048, 0.0941525
-0.0434876, 0.52185, 0.0960093
-0.0338081, 0.521611, 0.0982561
-0.0241378, 0.521378, 0.100447
-0.0144768, 0.521164, 0.102453
-0.00482364, 0.520951, 0.10446
0.00482179, 0.520752, 0.106329
0.0144598, 0.52055, 0.108227
0.0240915, 0.520377, 0.109848
0.0337173, 0.520209, 0.111428
0.043338, 0.520055, 0.112876
0.0529535, 0.519907, 0.114265
0.0625724, 0.519832, 0.114974
0.0721928, 0.519788, 0.115386
0.0818115, 0.519744, 0.115802
0.091432, 0.519718, 0.11604
0.10107, 0.519789, 0.115374
0.110719, 0.519899, 0.114347
0.120374, 0.520016, 0.113242
0.13004, 0.520161, 0.111878
0.139714, 0.520314, 0.110446
0.149397, 0.520481, 0.108876
0.159092, 0.520664, 0.107151
0.168794, 0.520851, 0.105398
0.178436, 0.520841, 0.105493
0.188028, 0.520694, 0.106873
0.197661, 0.520669, 0.107111
0.207283, 0.520619, 0.107577
0.216815, 0.520356, 0.110044
0.226347, 0.520116, 0.112305
0.235932, 0.520012, 0.113278
0.245499, 0.51988, 0.11452
0.255042, 0.519707, 0.116146
0.264633, 0.519644, 0.116741
0.274289, 0.519705, 0.116162
0.283948, 0.519769, 0.11556
0.293648, 0.519901, 0.114322
0.303429, 0.520164, 0.111852
0.313226, 0.520438, 0.109282
0.323074, 0.520776, 0.106101
0.333026, 0.521258, 0.101571
0.343004, 0.521753, 0.0969234
0.353165, 0.52249, 0.0899906
0.363413, 0.523315, 0.0822396
0.373804, 0.524296, 0.0730205
0.384399, 0.525507, 0.0616388
0.395768, 0.527691, 0.0411181
0.40751, 0.530254, 0.0170312
0.641523, 0.528889, 0.0298581
0.6508, 0.528469, 0.0338082
0.660327, 0.528262, 0.0357542
0.669832, 0.528042, 0.037816
0.679266, 0.527775, 0.0403285
0.688913, 0.527678, 0.0412383
0.698632, 0.527638, 0.0416145
0.708574, 0.527766, 0.0404181
0.718526, 0.527897, 0.0391865
-0.260467, 0.543869, 0.0122452
-0.250007, 0.542498, 0.0248156
-0.239886, 0.541783, 0.0313745
-0.229719, 0.540898, 0.0394874
-0.219544, 0.539916, 0.0484953
-0.209044, 0.538005, 0.0660262
-0.198784, 0.536555, 0.0793171
-0.188817, 0.535788, 0.0863528
-0.179, 0.535386, 0.0900383
-0.169267, 0.535207, 0.0916867
-0.159559, 0.535086, 0.0927949
-0.149849, 0.534945, 0.0940819
-0.140186, 0.534964, 0.0939136
-0.130512, 0.534937, 0.0941591
-0.120856, 0.534991, 0.0936608
-0.111186, 0.534981, 0.0937552
-0.101503, 0.534906, 0.0944405
-0.0918563, 0.535023, 0.0933709
-0.0822136, 0.535195, 0.0917945
-0.0725931, 0.535575, 0.0883064
-0.0629262, 0.535679, 0.0873494
-0.0532383, 0.53561, 0.0879869
-0.0435452, 0.535445, 0.0895033
-0.0338541, 0.535217, 0.0915928
-0.0241719, 0.535004, 0.0935411
-0.0144975, 0.534794, 0.095468
-0.00483055, 0.534579, 0.0974441
0.00482834, 0.534335, 0.0996833
0.014478, 0.534076, 0.102057
0.0241192, 0.53384, 0.104223
0.0337538, 0.533631, 0.106133
0.0433809, 0.533424, 0.108035
0.0530029, 0.533242, 0.109704
0.0626279, 0.53314, 0.11064
0.0722512, 0.533053, 0.111434
0.0818722, 0.532972, 0.112179
0.091497, 0.53293, 0.112564
0.101137, 0.532976, 0.112144
0.110782, 0.533039, 0.111563
0.120435, 0.533124, 0.110785
0.130097, 0.533235, 0.109764
0.139769, 0.533372, 0.108509
0.149451, 0.533524, 0.107115
0.159142, 0.533688, 0.105612
0.168848, 0.53388, 0.103852
0.178485, 0.533848, 0.104146
0.188085, 0.533711, 0.105399
0.197729, 0.533707, 0.105438
0.207336, 0.533608, 0.106343
0.216854, 0.5333, 0.109169
0.226396, 0.533075, 0.111233
0.235974, 0.532947, 0.112405
0.245533, 0.532791, 0.113841
0.255112, 0.532686, 0.114799
0.26475, 0.53271, 0.114581
0.274418, 0.532789, 0.113862
0.284094, 0.532877, 0.113054
0.293819, 0.533048, 0.111483
0.303612, 0.533329, 0.108905
0.313418, 0.533614, 0.106294
0.323285, 0.533983, 0.102904
0.333256, 0.534498, 0.0981865
0.343279, 0.535064, 0.0929952
0.353489, 0.535883, 0.0854845
0.363798, 0.536804, 0.077035
0.374282, 0.537929, 0.066721
0.385122, 0.539495, 0.0523572
0.396748, 0.542059, 0.0288448
0.408172, 0.544229, 0.00894165
0.612163, 0.541968, 0.0296779
0.621462, 0.541536, 0.0336409
0.630634, 0.541009, 0.038475
0.639998, 0.54066, 0.0416756
0.649321, 0.540287, 0.0450916
0.658586, 0.539878, 0.0488467
0.668103, 0.539684, 0.0506263
0.677761, 0.539608, 0.051322
0.687537, 0.539627, 0.0511451
0.697392, 0.539707, 0.050415
0.707487, 0.539967, 0.048028
0.717758, 0.540353, 0.0444894
0.728498, 0.541077, 0.0378499
-0.260234, 0.556475, 0.0167179
-0.250034, 0.555631, 0.0242739
-0.239955, 0.554998, 0.0299425
-0.229905, 0.55438, 0.0354724
-0.219797, 0.553563, 0.0427952
-0.209727, 0.55277, 0.0498934
-0.199558, 0.551622, 0.0601707
-0.189469, 0.550594, 0.0693755
-0.179472, 0.549734, 0.0770769
-0.169624, 0.549259, 0.0813355
-0.159859, 0.54901, 0.0835657
-0.150157, 0.54896, 0.0840163
-0.140439, 0.548841, 0.0850754
-0.130722, 0.548709, 0.086257
-0.120974, 0.548414, 0.0889058
-0.111276, 0.548315, 0.0897851
-0.101596, 0.548293, 0.0899835
-0.0919411, 0.54842, 0.0888457
-0.0822954, 0.548636, 0.0869155
-0.0726733, 0.549087, 0.0828762
-0.06301, 0.549317, 0.080812
-0.0533162, 0.549318, 0.0808029
-0.0436154, 0.54923, 0.081593
-0.0339143, 0.549088, 0.0828691
-0.0242147, 0.548866, 0.0848546
-0.0145228, 0.548636, 0.0869145
-0.00483887, 0.548403, 0.0890021
0.00483669, 0.548156, 0.091208
0.0145034, 0.547904, 0.0934711
0.0241602, 0.547632, 0.0959039
0.0338086, 0.547377, 0.098186
0.0434487, 0.547132, 0.100386
0.0530809, 0.546894, 0.102514
0.06271, 0.546703, 0.104227
0.0723349, 0.54653, 0.105774
0.0819586, 0.546391, 0.107018
0.0915845, 0.546293, 0.107892
0.101229, 0.546317, 0.10768
0.110876, 0.546345, 0.107428
0.120524, 0.546374, 0.107174
0.130181, 0.546439, 0.106588
0.139852, 0.546549, 0.105602
0.14953, 0.546669, 0.104527
0.159218, 0.546808, 0.103288
0.168914, 0.54696, 0.101918
0.178555, 0.546925, 0.102239
0.18816, 0.546791, 0.103437
0.197813, 0.5468, 0.103353
0.207388, 0.546605, 0.105104
0.216906, 0.54628, 0.108008
0.226459, 0.54607, 0.109893
0.236033, 0.545927, 0.111174
0.245631, 0.545847, 0.111887
0.255236, 0.545788, 0.11242
0.264898, 0.54585, 0.111863
0.274581, 0.54595, 0.110968
0.284269, 0.546053, 0.110046
0.294025, 0.546276, 0.108047
0.303847, 0.546603, 0.105118
0.313684, 0.546936, 0.102141
0.323607, 0.547394, 0.098033
0.333606, 0.547951, 0.0930448
0.343712, 0.548648, 0.0868044
0.35399, 0.549573, 0.0785213
0.364397, 0.550644, 0.0689278
0.374999, 0.551946, 0.0572748
0.386041, 0.553814, 0.0405483
0.397428, 0.556071, 0.0203285
0.40794, 0.557027, 0.011775
0.418024, 0.557365, 0.0087471
0.428247, 0.557869, 0.00423002
0.595453, 0.557724, 0.0055275
0.602397, 0.555054, 0.0294385
0.611145, 0.554105, 0.0379415
0.619903, 0.553194, 0.0460973
0.629148, 0.55274, 0.0501609
0.638532, 0.55242, 0.0530286
0.648077, 0.552246, 0.0545831
0.657704, 0.552146, 0.0554795
0.667399, 0.552106, 0.055841
0.677179, 0.552136, 0.0555696
0.687009, 0.552206, 0.0549455
0.696855, 0.552286, 0.0542316
0.706752, 0.552404, 0.0531697
0.716684, 0.552545, 0.0519052
0.726857, 0.552867, 0.0490274
0.737616, 0.553619, 0.0422902
-0.260486, 0.57012, 0.0118933
-0.250153, 0.568975, 0.0219078
-0.240029, 0.568231, 0.0284138
-0.230011, 0.567686, 0.0331879
-0.219922, 0.566911, 0.039969
-0.209945, 0.566363, 0.0447655
-0.199974, 0.565779, 0.0498672
-0.190028, 0.565211, 0.054842
-0.180138, 0.564756, 0.0588188
-0.170247, 0.564248, 0.0632644
-0.160396, 0.563815, 0.0670514
-0.150589, 0.563494, 0.0698624
-0.140868, 0.56347, 0.0700707
-0.131123, 0.563342, 0.0711918
-0.121347, 0.563049, 0.0737529
-0.111512, 0.562408, 0.0793662
-0.101741, 0.562, 0.082931
-0.0920415, 0.561938, 0.0834804
-0.0823821, 0.562137, 0.081738
-0.0727515, 0.562612, 0.0775843
-0.0630847, 0.56291, 0.0749741
-0.0533876, 0.562997, 0.0742121
-0.0436815, 0.563006, 0.0741377
-0.0339682, 0.562902, 0.0750408
-0.0242584, 0.562795, 0.0759778
-0.014551, 0.562635, 0.0773807
-0.00484869, 0.562446, 0.0790358
0.00484694, 0.562243, 0.0808086
0.0145345, 0.561998, 0.0829492
0.0242114, 0.561706, 0.0855107
0.0338777, 0.561402, 0.0881653
0.0435334, 0.561096, 0.0908403
0.053179, 0.560798, 0.0934558
0.0628206, 0.560553, 0.0955954
0.0724556, 0.560323, 0.0976067
0.0820868, 0.560122, 0.0993657
0.0917175, 0.55996, 0.100785
0.101363, 0.559908, 0.101241
0.111007, 0.55986, 0.101658
0.120656, 0.559842, 0.101813
0.13031, 0.559851, 0.101737
0.13997, 0.559882, 0.101468
0.149646, 0.559965, 0.10074
0.159325, 0.560051, 0.0999899
0.169011, 0.560149, 0.0991273
0.178668, 0.560149, 0.0991268
0.188291, 0.560044, 0.100044
0.197931, 0.559999, 0.10044
0.207446, 0.559621, 0.103752
0.21696, 0.559276, 0.106769
0.226521, 0.559073, 0.108544
0.236179, 0.559119, 0.108142
0.245819, 0.559118, 0.108146
0.255439, 0.559074, 0.108533
0.265121, 0.559165, 0.107736
0.274821, 0.559285, 0.106685
0.284541, 0.559437, 0.105355
0.294345, 0.559738, 0.10273
0.304177, 0.560071, 0.0998111
0.31402, 0.560405, 0.0968881
0.323982, 0.560924, 0.0923495
0.33401, 0.561524, 0.0871034
0.344226, 0.562398, 0.0794559
0.354582, 0.563445, 0.0702887
0.365154, 0.564771, 0.0586905
0.375858, 0.566228, 0.0459414
0.386959, 0.568193, 0.0287514
0.397843, 0.569751, 0.0151176
0.407736, 0.569848, 0.0142722
0.417611, 0.569916, 0.0136733
0.427687, 0.570249, 0.0107651
0.437867, 0.570703, 0.0067873
0.583736, 0.56902, 0.0215187
0.592659, 0.568169, 0.0289574
0.600879, 0.566683, 0.041965
0.60989, 0.565978, 0.0481286
0.619231, 0.565597, 0.0514631
0.628877, 0.565502, 0.0522933
0.638635, 0.565509, 0.0522351
0.648423, 0.565542, 0.0519443
0.658229, 0.565589, 0.0515332
0.668031, 0.565632, 0.0511541
0.677796, 0.565642, 0.0510654
0.687625, 0.565706, 0.0505137
0.697477, 0.565786, 0.0498109
0.707346, 0.565877, 0.0490184
0.717471, 0.566167, 0.046474
0.727465, 0.566349, 0.0448885
0.737489, 0.566548, 0.0431452
0.748148, 0.567224, 0.0372324
0.758692, 0.567795, 0.0322285
0.768288, 0.567652, 0.0334802
-0.369403, 0.584478, 0.00118732
-0.35879, 0.583239, 0.0117817
-0.349233, 0.583694, 0.00788593
-0.250304, 0.582406, 0.0189023
-0.24013, 0.581539, 0.0263162
-0.230064, 0.580872, 0.0320268
-0.220032, 0.580232, 0.0375013
-0.209985, 0.579493, 0.0438147
-0.200059, 0.579032, 0.0477581
-0.190198, 0.578721, 0.0504236
-0.180364, 0.578465, 0.0526104
-0.170544, 0.578226, 0.0546513
-0.160737, 0.578003, 0.0565662
-0.150935, 0.577774, 0.0585194
-0.141171, 0.577667, 0.0594368
-0.131426, 0.577626, 0.0597882
-0.121681, 0.577577, 0.0602069
-0.111903, 0.577355, 0.0621028
-0.102087, 0.576873, 0.0662293
-0.0922405, 0.576098, 0.0728531
-0.0824843, 0.575773, 0.0756354
-0.0728232, 0.576112, 0.0727358
-0.0631557, 0.576498, 0.0694304
-0.0534522, 0.576636, 0.0682545
-0.0437405, 0.576725, 0.0674896
-0.0340174, 0.576676, 0.067915
-0.0242964, 0.576635, 0.0682611
-0.0145779, 0.576633, 0.0682783
-0.00485829, 0.576515, 0.0692892
0.00485694, 0.576355, 0.0706601
0.0145668, 0.576194, 0.0720296
0.0242693, 0.575993, 0.0737534
0.0339567, 0.575647, 0.0767126
0.043632, 0.575295, 0.079721
0.0532976, 0.574968, 0.0825191
0.0629561, 0.574676, 0.0850158
0.0726067, 0.574399, 0.0873818
0.0822483, 0.574126, 0.0897245
0.0918846, 0.573876, 0.0918598
0.101537, 0.573762, 0.0928326
0.111192, 0.573684, 0.0934987
0.120845, 0.573613, 0.0941081
0.130506, 0.573582, 0.0943699
0.140166, 0.573555, 0.0946054
0.149824, 0.573522, 0.0948896
0.159488, 0.573511, 0.0949769
0.169154, 0.573512, 0.0949726
0.1788, 0.57345, 0.0955024
0.188432, 0.573349, 0.0963697
0.198003, 0.57308, 0.0986629
0.207471, 0.572555, 0.103155
0.217017, 0.572281, 0.105502
0.226603, 0.572132, 0.106778
0.236302, 0.572269, 0.105599
0.246006, 0.572407, 0.104425
0.255666, 0.572435, 0.104183
0.265375, 0.572568, 0.103049
0.275102, 0.572727, 0.101686
0.284847, 0.572913, 0.100096
0.294681, 0.57326, 0.0971284
0.30454, 0.57363, 0.0939608
0.314457, 0.574085, 0.0900693
0.324469, 0.574682, 0.0849667
0.334553, 0.575366, 0.0791154
0.34492, 0.576487, 0.069531
0.355496, 0.577884, 0.0575795
0.366215, 0.579433, 0.0443316
0.377144, 0.581226, 0.0290012
0.387857, 0.582604, 0.0172105
0.398544, 0.583875, 0.0063405
0.40808, 0.583439, 0.0100694
0.417627, 0.58304, 0.0134821
0.427276, 0.582798, 0.0155497
0.437285, 0.583047, 0.0134249
0.447657, 0.583758, 0.0073452
0.574189, 0.582368, 0.0192261
0.582759, 0.581127, 0.0298471
0.591263, 0.579861, 0.0406728
0.600383, 0.579232, 0.0460553
0.609936, 0.579032, 0.0477619
0.619804, 0.579135, 0.0468841
0.629539, 0.579111, 0.0470843
0.639317, 0.579126, 0.0469532
0.649665, 0.579651, 0.04247
0.659576, 0.579775, 0.0414038
0.669827, 0.58019, 0.0378547
0.679681, 0.580256, 0.0372972
0.689599, 0.580372, 0.0363007
0.699607, 0.58056, 0.0346942
0.708884, 0.580144, 0.0382471
0.718753, 0.580218, 0.037621
0.728666, 0.580324, 0.0367088
0.738548, 0.580404, 0.036026
0.748565, 0.580586, 0.0344682
-0.378174, 0.595911, 0.0154185
-0.368061, 0.595441, 0.0193439
-0.35825, 0.595447, 0.0192957
-0.348552, 0.595647, 0.0176249
-0.339019, 0.596149, 0.013422
-0.250448, 0.595837, 0.0160341
-0.240218, 0.594827, 0.0244865
-0.230152, 0.594151, 0.0301337
-0.220061, 0.593348, 0.0368514
-0.209957, 0.592436, 0.0444789
-0.200044, 0.592001, 0.0481248
-0.190222, 0.5918, 0.0497999
-0.180417, 0.591637, 0.0511689
-0.170623, 0.591492, 0.0523815
-0.160839, 0.591366, 0.0534291
-0.151061, 0.591251, 0.0543947
-0.14129, 0.591145, 0.0552816
-0.131534, 0.59109, 0.0557423
-0.121789, 0.591084, 0.055789
-0.112087, 0.5913, 0.053988
-0.102396, 0.591622, 0.0512958
-0.0926048, 0.591371, 0.05339
-0.0827503, 0.59061, 0.0597568
-0.0729372, 0.589981, 0.0650187
-0.0632264, 0.590113, 0.0639138
-0.0535204, 0.590346, 0.0619612
-0.0438044, 0.590548, 0.0602779
-0.0340787, 0.590697, 0.0590334
-0.0243465, 0.590808, 0.0580974
-0.0146121, 0.590976, 0.0566974
-0.00487213, 0.591149, 0.0552459
0.00487109, 0.591024, 0.0562959
0.0146084, 0.590828, 0.0579352
0.0243403, 0.590659, 0.059351
0.0340563, 0.59031, 0.0622702
0.0437549, 0.589881, 0.0658555
0.0534414, 0.589475, 0.0692482
0.0631172, 0.589094, 0.0724373
0.0727869, 0.588765, 0.0751877
0.0824465, 0.588442, 0.0778928
0.0920955, 0.588119, 0.0805964
0.101758, 0.587937, 0.0821195
0.111424, 0.5878, 0.083262
0.121088, 0.587683, 0.0842428
0.130746, 0.587548, 0.0853677
0.140398, 0.587414, 0.0864897
0.150056, 0.587314, 0.0873246
0.159704, 0.587193, 0.0883403
0.169351, 0.587083, 0.089262
0.178981, 0.586928, 0.0905557
0.188611, 0.586791, 0.0917006
0.198143, 0.586376, 0.0951762
0.2076, 0.585786, 0.100108
0.217156, 0.585517, 0.102358
0.226796, 0.585488, 0.102601
0.23652, 0.585669, 0.10109
0.246249, 0.585847, 0.0995994
0.255988, 0.586036, 0.0980206
0.265744, 0.586246, 0.0962558
0.275502, 0.58645, 0.0945568
0.285286, 0.586689, 0.0925522
0.295155, 0.587085, 0.0892429
0.305071, 0.587545, 0.0853987
0.315085, 0.588159, 0.080256
0.325249, 0.589008, 0.073154
0.33572, 0.590348, 0.0619469
0.346396, 0.591963, 0.0484381
0.356969, 0.593319, 0.0371013
0.367644, 0.594766, 0.0249915
0.418278, 0.597071, 0.00571203
0.427375, 0.596033, 0.0143971
0.436921, 0.595652, 0.0175819
0.447018, 0.596024, 0.0144711
0.457223, 0.59652, 0.0103183
0.564808, 0.595913, 0.0153975
0.57328, 0.594513, 0.0271125
0.581798, 0.593206, 0.038044
0.591032, 0.592661, 0.0426044
0.60078, 0.592639, 0.0427823
0.610651, 0.592739, 0.0419488
0.620398, 0.592717, 0.0421362
0.630817, 0.593326, 0.0370364
0.641338, 0.594013, 0.0312891
0.65099, 0.593886, 0.0323539
0.661185, 0.59425, 0.0293102
-0.387947, 0.60893, 0.0160565
-0.377819, 0.608436, 0.0201001
-0.367844, 0.608169, 0.0222778
-0.357987, 0.608087, 0.022953
-0.348217, 0.608154, 0.0224018
-0.338605, 0.608508, 0.0195074
-0.329537, 0.60989, 0.00819492
-0.25078, 0.609739, 0.00943565
-0.240361, 0.608261, 0.0215316
-0.230206, 0.607352, 0.0289707
-0.220023, 0.606285, 0.0377021
-0.209924, 0.605361, 0.0452614
-0.200047, 0.605021, 0.0480499
-0.190249, 0.604893, 0.0490952
-0.180472, 0.604826, 0.0496407
-0.170695, 0.604749, 0.0502725
-0.160912, 0.604639, 0.0511713
-0.151133, 0.604532, 0.0520496
-0.141359, 0.604431, 0.0528769
-0.131595, 0.604363, 0.0534325
-0.121865, 0.604451, 0.0527134
-0.112174, 0.604767, 0.0501289
-0.102516, 0.605332, 0.0455046
-0.0928385, 0.605893, 0.0409064
-0.0830862, 0.60604, 0.0397034
-0.0732571, 0.605592, 0.0433755
-0.0634292, 0.605017, 0.0480785
-0.0536496, 0.604778, 0.0500398
-0.0439105, 0.604988, 0.048317
-0.0341702, 0.605301, 0.0457544
-0.0244165, 0.605531, 0.0438766
-0.0146557, 0.605766, 0.0419521
-0.0048874, 0.606036, 0.0397425
0.00488921, 0.606259, 0.0379109
0.0146624, 0.606044, 0.0396771
0.0244243, 0.605723, 0.0423031
0.034177, 0.605421, 0.0447755
0.0439139, 0.605035, 0.0479298
0.0536302, 0.604559, 0.0518317
0.0633268, 0.60404, 0.0560741
0.073015, 0.60359, 0.0597591
0.0826976, 0.603206, 0.0629001
0.0923672, 0.602817, 0.0660844
0.102038, 0.602509, 0.0686035
0.111713, 0.602278, 0.0705023
0.121381, 0.602048, 0.0723815
0.131048, 0.601848, 0.0740151
0.14071, 0.601655, 0.0755987
0.150367, 0.601467, 0.077136
0.16002, 0.601287, 0.0786104
0.169659, 0.601079, 0.0803142
0.179264, 0.600777, 0.0827799
0.188892, 0.60058, 0.0843945
0.198468, 0.600244, 0.0871453
0.207927, 0.599602, 0.0923991
0.217502, 0.599337, 0.0945659
0.227164, 0.599327, 0.094655
0.236901, 0.599505, 0.0931959
0.246643, 0.59968, 0.091763
0.256411, 0.599905, 0.0899181
0.266221, 0.600207, 0.0874453
0.276042, 0.600512, 0.0849552
0.285914, 0.600904, 0.0817423
0.295955, 0.601614, 0.0759315
0.306093, 0.60247, 0.0689292
0.316464, 0.603715, 0.0587349
0.327177, 0.605521, 0.0439539
0.337223, 0.606023, 0.039845
0.348296, 0.608291, 0.0212808
0.427963, 0.60997, 0.00754404
0.436836, 0.608625, 0.0185466
0.446526, 0.608454, 0.0199509
0.456743, 0.608991, 0.015554
0.466883, 0.609405, 0.0121636
0.477207, 0.610038, 0.00698423
0.555941, 0.610058, 0.00681734
0.564019, 0.608159, 0.0223603
0.572505, 0.606757, 0.0338383
0.581774, 0.606218, 0.0382471
0.59159, 0.606258, 0.0379248
0.601474, 0.606364, 0.0370531
0.611305, 0.606414, 0.0366416
0.621993, 0.6073, 0.0293903
0.632046, 0.607548, 0.0273647
0.642007, 0.607702, 0.0261068
-0.38804, 0.622174, 0.0148592
-0.377626, 0.621203, 0.022645
-0.367818, 0.621204, 0.0226312
-0.35791, 0.621032, 0.0240159
-0.348069, 0.620968, 0.0245271
-0.338315, 0.621061, 0.0237799
-0.32886, 0.621725, 0.0184579
-0.319431, 0.622481, 0.0124044
-0.310061, 0.623402, 0.00502205
-0.250715, 0.622692, 0.010715
-0.24036, 0.62134, 0.0215454
-0.230237, 0.620496, 0.0283084
-0.220027, 0.619337, 0.0375967
-0.209932, 0.618405, 0.0450625
-0.20008, 0.618133, 0.0472374
-0.190298, 0.618061, 0.0478196
-0.180528, 0.618025, 0.0481086
-0.170761, 0.617993, 0.0483637
-0.16098, 0.617902, 0.0490909
-0.151201, 0.61781, 0.0498276
-0.141421, 0.617702, 0.0506921
-0.131661, 0.617669, 0.0509601
-0.121939, 0.617826, 0.0496974
-0.11225, 0.61819, 0.0467844
-0.102585, 0.618767, 0.0421591
-0.0929709, 0.619806, 0.0338364
-0.0833109, 0.620749, 0.0262842
-0.0735971, 0.621487, 0.0203695
-0.0638251, 0.621886, 0.0171709
-0.053993, 0.621738, 0.0183587
-0.0441533, 0.621416, 0.0209394
-0.0343462, 0.621502, 0.0202465
-0.0245301, 0.621429, 0.020834
-0.0147202, 0.621516, 0.0201364
-0.00490896, 0.621799, 0.0178642
0.00490837, 0.621724, 0.0184669
0.0147136, 0.621239, 0.0223541
0.0245093, 0.620902, 0.0250559
0.0343384, 0.621362, 0.021369
0.0441542, 0.621429, 0.0208306
0.053914, 0.620828, 0.0256467
0.0636434, 0.620116, 0.0313544
0.0733603, 0.619487, 0.0363941
0.0830764, 0.619001, 0.0402884
0.0927815, 0.618543, 0.0439539
0.102457, 0.617994, 0.0483522
0.112126, 0.617504, 0.052278
0.121799, 0.617115, 0.0553942
0.131474, 0.61679, 0.0579982
0.141143, 0.616488, 0.0604196
0.1508, 0.616172, 0.0629501
0.160456, 0.615892, 0.0651932
0.170107, 0.615624, 0.0673428
0.179754, 0.615374, 0.0693479
0.189395, 0.615131, 0.0712976
0.199035, 0.614906, 0.0730987
0.208654, 0.614641, 0.0752215
0.218271, 0.614392, 0.0772185
0.227861, 0.614093, 0.0796108
0.237618, 0.614251, 0.0783443
0.247403, 0.614466, 0.0766206
0.25721, 0.614716, 0.0746212
0.2671, 0.61514, 0.0712218
0.277045, 0.615655, 0.0670962
0.287106, 0.616385, 0.0612445
0.297463, 0.617683, 0.0508461
0.307466, 0.618186, 0.0468135
0.318138, 0.619962, 0.0325871
0.428016, 0.623164, 0.00692844
0.437233, 0.622279, 0.0140247
0.446374, 0.621327, 0.0216484
0.456088, 0.621195, 0.0227022
0.466, 0.621334, 0.0215955
0.476105, 0.621718, 0.0185132
0.48642, 0.622355, 0.0134125
0.496893, 0.623167, 0.00690889
0.507229, 0.623777, 0.00202036
0.546464, 0.623592, 0.00349998
0.554616, 0.621694, 0.0187106
0.563189, 0.620324, 0.0296879
0.572522, 0.619824, 0.033689
0.582364, 0.619883, 0.0332155
0.592271, 0.620008, 0.0322151
0.60238, 0.620338, 0.0295773
0.613052, 0.621226, 0.0224571
0.622907, 0.621272, 0.0220876
-0.387731, 0.634766, 0.0188389
-0.377659, 0.634336, 0.0222116
-0.367856, 0.634347, 0.0221257
-0.357942, 0.634162, 0.0235744
-0.347993, 0.633903, 0.0256081
-0.338136, 0.633801, 0.0264077
-0.328428, 0.633981, 0.0249972
-0.318897, 0.634523, 0.0207443
-0.309422, 0.635216, 0.015306
-0.299934, 0.635925, 0.0097394
-0.25058, 0.635458, 0.0134077
-0.240362, 0.634425, 0.021513
-0.230276, 0.633666, 0.0274692
-0.22007, 0.632496, 0.0366483
-0.20997, 0.631538, 0.0441651
-0.200137, 0.631326, 0.0458279
-0.190368, 0.631305, 0.0459952
-0.180596, 0.631274, 0.0462375
-0.170825, 0.631239, 0.0465117
-0.161046, 0.63117, 0.0470505
-0.151256, 0.631046, 0.0480251
-0.141467, 0.630909, 0.0491018
-0.131727, 0.630991, 0.0484605
-0.122023, 0.631263, 0.0463209
-0.112334, 0.631677, 0.043076
-0.102674, 0.632344, 0.0378418
-0.0930599, 0.63346, 0.0290813
-0.0834737, 0.635055, 0.0165644
-0.073738, 0.635785, 0.0108371
-0.0639105, 0.635827, 0.0105057
0.093378, 0.635626, 0.0120893
0.10304, 0.634595, 0.0201793
0.112686, 0.633653, 0.0275683
0.12234, 0.632906, 0.0334334
0.131975, 0.632179, 0.0391393
0.141908, 0.632876, 0.0336695
0.15164, 0.63265, 0.03544
0.161254, 0.631987, 0.0406432
0.170896, 0.6315, 0.044467
0.180518, 0.630998, 0.0484009
0.190172, 0.630657, 0.0510802
0.199832, 0.630365, 0.0533705
0.209494, 0.630105, 0.0554118
0.219187, 0.62996, 0.05655
0.228955, 0.630033, 0.0559783
0.238748, 0.630165, 0.0549417
0.2486, 0.630437, 0.0528097
0.258544, 0.630913, 0.0490675
0.268684, 0.631815, 0.0419893
0.278184, 0.631202, 0.0468044
0.288666, 0.632781, 0.0344124
0.438009, 0.636508, 0.00516748
0.44697, 0.635255, 0.0150023
0.456161, 0.634375, 0.0219045
0.465764, 0.634092, 0.0241241
0.475567, 0.63409, 0.0241432
0.48549, 0.634243, 0.0229383
0.495531, 0.634541, 0.0206032
0.505659, 0.634937, 0.0174923
0.516139, 0.635752, 0.0110955
0.526496, 0.636387, 0.00611162
0.536458, 0.636531, 0.00498486
0.54513, 0.635166, 0.0156946
0.553835, 0.633888, 0.0257258
0.563229, 0.633428, 0.0293345
0.573106, 0.633519, 0.0286231
0.583073, 0.633704, 0.0271721
0.593227, 0.634082, 0.024199
0.603864, 0.634957, 0.0173326
0.61372, 0.634996, 0.0170317
-0.387886, 0.648112, 0.0168481
-0.377899, 0.647827, 0.0190401
-0.367886, 0.647479, 0.0217209
-0.357968, 0.647284, 0.0232162
-0.347975, 0.646938, 0.0258741
-0.337995, 0.646599, 0.0284853
-0.328178, 0.646559, 0.0287948
-0.318389, 0.646574, 0.0286756
-0.308788, 0.646985, 0.0255194
-0.299222, 0.647496, 0.0215845
-0.2899, 0.64859, 0.0131731
-0.280313, 0.649145, 0.00890684
-0.250518, 0.648401, 0.0146317
-0.24037, 0.647528, 0.0213404
-0.230308, 0.646823, 0.0267625
-0.220089, 0.645595, 0.0362039
-0.210022, 0.644719, 0.0429401
-0.200197, 0.644536, 0.044342
-0.190427, 0.644523, 0.0444422
-0.180659, 0.644512, 0.0445294
-0.170888, 0.644491, 0.044692
-0.161098, 0.644392, 0.0454488
-0.151294, 0.644219, 0.0467863
-0.141507, 0.644101, 0.0476875
-0.131786, 0.644286, 0.0462651
-0.122092, 0.644646, 0.0435014
-0.112414, 0.645159, 0.0395589
-0.10277, 0.645985, 0.0332074
-0.0931691, 0.64728, 0.0232487
-0.0835559, 0.648787, 0.0116577
0.230235, 0.646618, 0.0283375
0.447588, 0.649248, 0.00811291
0.457271, 0.64903, 0.00979567
0.466492, 0.648178, 0.0163455
0.475811, 0.647495, 0.0215926
0.485459, 0.647279, 0.0232587
0.495249, 0.647256, 0.0234346
0.50515, 0.647377, 0.0225048
0.515106, 0.647562, 0.0210805
0.525046, 0.647721, 0.0198598
0.534916, 0.647788, 0.0193439
0.544469, 0.647477, 0.0217338
0.553932, 0.647071, 0.024858
0.563806, 0.647151, 0.0242395
0.573807, 0.647372, 0.0225368
0.584037, 0.64784, 0.0189452
0.594642, 0.648701, 0.0123253
0.604654, 0.648897, 0.0108147
-0.378132, 0.661321, 0.0159798
-0.36801, 0.660782, 0.0200419
-0.357975, 0.660373, 0.0231218
-0.347995, 0.660048, 0.0255761
-0.337955, 0.659584, 0.0290661
-0.327987, 0.659238, 0.0316792
-0.318151, 0.659144, 0.0323839
-0.308312, 0.659038, 0.0331821
-0.298528, 0.659045, 0.0331359
-0.288863, 0.659325, 0.0310178
-0.279403, 0.660111, 0.0250974
-0.270245, 0.661691, 0.0131884
-0.261176, 0.663618, -0.00132942
-0.250481, 0.661401, 0.0153785
-0.240355, 0.660568, 0.021657
-0.230316, 0.659912, 0.0265989
-0.22007, 0.658579, 0.0366411
-0.210056, 0.65785, 0.042141
-0.200249, 0.657727, 0.0430617
-0.190479, 0.657721, 0.0431104
-0.180706, 0.657704, 0.0432382
-0.170927, 0.657664, 0.0435429
-0.161123, 0.657513, 0.0446806
-0.151311, 0.657308, 0.0462236
-0.141557, 0.657346, 0.0459323
-0.131849, 0.657618, 0.0438895
-0.122154, 0.658003, 0.0409832
-0.1125, 0.658695, 0.0357656
-0.102903, 0.659885, 0.0267987
-0.0932905, 0.661217, 0.0167623
-0.0835898, 0.662163, 0.00963593
0.467456, 0.662639, 0.00604677
0.477108, 0.662376, 0.00802422
0.486314, 0.661517, 0.0144992
0.49568, 0.660906, 0.019104
0.505366, 0.660737, 0.0203795
0.515126, 0.66067, 0.0208864
0.524959, 0.660696, 0.0206871
0.534797, 0.660727, 0.020453
0.544655, 0.660783, 0.0200348
0.554559, 0.66089, 0.0192232
0.564527, 0.661069, 0.0178752
0.575011, 0.661836, 0.0120964
0.585399, 0.662469, 0.00732899
0.594988, 0.66219, 0.00942898
-0.378282, 0.674684, 0.0140009
-0.368181, 0.67418, 0.0177274
-0.358069, 0.673628, 0.0218072
-0.34796, 0.673049, 0.0260825
-0.33794, 0.672615, 0.0292921
-0.327881, 0.672074, 0.0332885
-0.317923, 0.671714, 0.0359468
-0.308026, 0.671464, 0.0377984
-0.298116, 0.671168, 0.0399814
-0.28836, 0.671211, 0.0396657
-0.27868, 0.67144, 0.0379767
-0.269058, 0.67183, 0.0350924
-0.259933, 0.673538, 0.0224695
-0.250489, 0.674519, 0.0152183
-0.240284, 0.67345, 0.0231194
-0.230174, 0.672565, 0.0296645
-0.220002, 0.671412, 0.0381789
-0.210095, 0.671, 0.041223
-0.200297, 0.670912, 0.0418792
-0.190522, 0.670898, 0.0419798
-0.180742, 0.670862, 0.0422421
-0.170949, 0.67077, 0.0429273
-0.16113, 0.670559, 0.0444832
-0.151344, 0.670472, 0.0451298
-0.141623, 0.670673, 0.0436454
-0.131928, 0.671043, 0.0409117
-0.122262, 0.671626, 0.0366011
-0.112663, 0.672714, 0.028563
-0.103034, 0.673812, 0.0204482
-0.0933804, 0.67496, 0.0119624
-0.0835829, 0.675219, 0.0100503
0.487376, 0.67609, 0.00360727
0.497334, 0.676242, 0.00248432
0.506531, 0.675375, 0.00889635
0.516327, 0.675323, 0.0092802
0.5257, 0.67473, 0.0136576
0.535551, 0.674762, 0.0134244
0.545807, 0.675293, 0.00950289
0.555707, 0.675372, 0.00891352
0.565884, 0.67578, 0.00589848
0.575938, 0.67603, 0.00405169
-0.36821, 0.687325, 0.0173321
-0.358118, 0.686801, 0.0211315
-0.347974, 0.686147, 0.025877
-0.337805, 0.685401, 0.0312781
-0.327729, 0.684807, 0.0355864
-0.317727, 0.684335, 0.039011
-0.307803, 0.684008, 0.0413814
-0.297977, 0.683883, 0.0422883
-0.288237, 0.683952, 0.0417857
-0.278543, 0.68414, 0.0404239
-0.268887, 0.684441, 0.0382447
-0.259238, 0.684779, 0.0357909
-0.249987, 0.686238, 0.0252109
-0.240223, 0.686353, 0.0243821
-0.229956, 0.684974, 0.0343781
-0.219945, 0.684274, 0.039454
-0.210124, 0.684125, 0.0405283
-0.200337, 0.684076, 0.0408893
-0.19055, 0.684026, 0.0412469
-0.180753, 0.68393, 0.0419469
-0.170936, 0.683743, 0.0433002
-0.161141, 0.683628, 0.0441375
-0.151406, 0.683768, 0.0431185
-0.141712, 0.684128, 0.0405083
-0.132051, 0.684707, 0.0363097
-0.12247, 0.68583, 0.0281692
-0.112857, 0.686955, 0.0200167
-0.103207, 0.688047, 0.0120978
-0.0934051, 0.688248, 0.0106421
0.517147, 0.68953, 0.00134993
0.526895, 0.689395, 0.0023241
0.536739, 0.689389, 0.00237036
0.546577, 0.689376, 0.00246572
0.55642, 0.68937, 0.00251007
0.566387, 0.689515, 0.00146103
-0.358243, 0.700127, 0.0193977
-0.348005, 0.699277, 0.0254426
-0.337678, 0.698193, 0.0331516
-0.327542, 0.697452, 0.0384278
-0.317599, 0.697089, 0.0410047
-0.307728, 0.696865, 0.0426011
-0.297908, 0.696746, 0.0434465
-0.288147, 0.696763, 0.0433264
-0.27845, 0.696938, 0.0420818
-0.268767, 0.697166, 0.0404625
-0.259097, 0.697443, 0.0384874
-0.249578, 0.698167, 0.0333414
-0.240097, 0.699058, 0.0269995
-0.229847, 0.69769, 0.0367327
-0.219951, 0.697325, 0.039331
-0.210153, 0.697252, 0.0398507
-0.200359, 0.697183, 0.0403409
-0.190557, 0.697081, 0.0410619
-0.180737, 0.696895, 0.0423856
-0.170939, 0.696782, 0.0431948
-0.161217, 0.696978, 0.0417976
-0.15153, 0.697363, 0.0390587
-0.141877, 0.697971, 0.0347314
-0.132288, 0.699004, 0.0273867
-0.122683, 0.700112, 0.0195031
-0.113042, 0.701187, 0.0118551
-0.10324, 0.701374, 0.0105228
-0.358375, 0.713477, 0.0175529
-0.348088, 0.712519, 0.0242476
-0.337757, 0.71141, 0.031991
-0.327535, 0.710473, 0.0385346
-0.317508, 0.709916, 0.0424261
-0.307653, 0.709719, 0.0438008
-0.297856, 0.709646, 0.0443072
-0.288099, 0.709669, 0.0441518
-0.278372, 0.709766, 0.0434704
-0.26868, 0.709966, 0.0420718
-0.259008, 0.710236, 0.0401869
-0.24943, 0.710795, 0.0362844
-0.239894, 0.711522, 0.0312076
-0.2298, 0.710587, 0.0377412
-0.219974, 0.710433, 0.0388112
-0.210164, 0.710321, 0.0395927
-0.200354, 0.710196, 0.0404658
-0.190529, 0.710005, 0.0418034
-0.180738, 0.709927, 0.0423503
-0.171033, 0.710194, 0.0404844
-0.16138, 0.710725, 0.0367708
-0.151772, 0.711536, 0.0311131
-0.142189, 0.712578, 0.0238342
-0.132553, 0.713497, 0.017416
-0.122893, 0.714418, 0.0109873
-0.113076, 0.714512, 0.0103269
-0.348161, 0.725743, 0.0232158
-0.337903, 0.724778, 0.0298328
-0.327682, 0.723834, 0.0363059
-0.317438, 0.722781, 0.0435266
-0.307585, 0.72258, 0.0449038
-0.297792, 0.722513, 0.0453663
-0.288051, 0.722568, 0.0449905
-0.278335, 0.722694, 0.0441246
-0.268638, 0.722881, 0.04284
-0.258974, 0.723172, 0.0408478
-0.249431, 0.723839, 0.036274
-0.239713, 0.724032, 0.0349493
-0.229807, 0.723649, 0.0375762
-0.219975, 0.723473, 0.0387788
-0.210143, 0.723284, 0.0400777
-0.20031, 0.723069, 0.0415502
-0.190531, 0.723041, 0.0417428
-0.180855, 0.723418, 0.039155
-0.171252, 0.724151, 0.0341306
-0.161689, 0.725151, 0.0272751
-0.152064, 0.725984, 0.0215654
-0.142426, 0.726863, 0.0155325
-0.132727, 0.727542, 0.0108781
-0.348137, 0.738771, 0.0235453
-0.337645, 0.737273, 0.0336323
-0.32768, 0.736872, 0.0363374
-0.317343, 0.735585, 0.0450063
-0.307522, 0.735449, 0.0459223
-0.297763, 0.735458, 0.0458617
-0.288035, 0.735547, 0.045259
-0.278324, 0.735686, 0.0443254
-0.268634, 0.735893, 0.0429277
-0.259008, 0.736299, 0.0401931
-0.249367, 0.736691, 0.0375504
-0.239569, 0.736634, 0.0379367
-0.229753, 0.736513, 0.0387554
-0.219924, 0.736337, 0.039938
-0.210094, 0.736143, 0.041244
-0.200337, 0.736197, 0.0408812
-0.190697, 0.736709, 0.0374355
-0.181155, 0.737674, 0.0309291
-0.171595, 0.738676, 0.0241842
-0.161952, 0.739415, 0.0192041
-0.152312, 0.740271, 0.0134387
-0.142571, 0.740713, 0.0104623
-0.34822, 0.752024, 0.0223665
-0.337339, 0.749642, 0.038137
-0.327152, 0.748706, 0.0443296
-0.31732, 0.74855, 0.045362
-0.307525, 0.748474, 0.0458674
-0.297779, 0.748516, 0.0455852
-0.288049, 0.748602, 0.0450172
-0.278346, 0.748767, 0.0439281
-0.268678, 0.749042, 0.0421047
-0.259027, 0.749385, 0.039835
-0.249259, 0.749407, 0.0396872
-0.239467, 0.749352, 0.0400543
-0.229667, 0.749268, 0.040606
-0.219878, 0.749215, 0.0409617
-0.210172, 0.749451, 0.0393972
-0.200584, 0.750151, 0.0347619
-0.191084, 0.751272, 0.0273457
-0.181502, 0.752171, 0.0213914
-0.171878, 0.752987, 0.0159917
-0.162212, 0.753713, 0.0111866
-0.152386, 0.753739, 0.0110168
-0.338628, 0.765593, 0.0191774
-0.327563, 0.762684, 0.0381064
-0.317457, 0.761896, 0.0432324
-0.307597, 0.761668, 0.0447159
-0.297834, 0.761674, 0.044672
-0.28812, 0.76181, 0.0437894
-0.278425, 0.762006, 0.0425158
-0.268716, 0.762178, 0.041399
-0.258951, 0.762196, 0.0412765
-0.249187, 0.762218, 0.0411372
-0.239421, 0.762239, 0.0410008
-0.229699, 0.762404, 0.039928
-0.220087, 0.762967, 0.0362654
-0.21056, 0.76389, 0.0302544
-0.201044, 0.764948, 0.0233765
-0.191481, 0.765922, 0.0170379
-0.18182, 0.766593, 0.0126691
-0.172032, 0.766771, 0.0115113
-0.338799, 0.779075, 0.0166516
-0.328547, 0.778052, 0.0231938
-0.317935, 0.776087, 0.0357652
-0.307768, 0.77512, 0.0419478
-0.29793, 0.774944, 0.0430779
-0.288173, 0.774973, 0.0428891
-0.278416, 0.775005, 0.0426831
-0.268688, 0.775124, 0.0419269
-0.258995, 0.775356, 0.0404415
-0.24934, 0.775725, 0.0380769
-0.239758, 0.776359, 0.0340247
-0.230227, 0.777221, 0.0285082
-0.220711, 0.778211, 0.0221758
-0.211147, 0.779115, 0.0163941
-0.201483, 0.779723, 0.0125084
-0.191685, 0.779849, 0.0117035
-0.32891, 0.792003, 0.0176926
-0.318579, 0.79073, 0.0257015
-0.307596, 0.787706, 0.0447245
-0.297736, 0.787454, 0.046309
-0.288244, 0.788193, 0.0416608
-0.278715, 0.788876, 0.0373611
-0.269179, 0.789593, 0.0328569
-0.259677, 0.790464, 0.0273771
-0.250164, 0.791369, 0.0216784
-0.240563, 0.792057, 0.0173526
-0.23093, 0.792695, 0.013339
-0.221111, 0.792725, 0.0131531
-0.211367, 0.793035, 0.011199
-0.330564, 0.809141, -0.00734949
-0.316956, 0.799705, 0.0510459
-0.307281, 0.799905, 0.0498061
-0.297827, 0.800716, 0.0447898
-0.289567, 0.804899, 0.0188999
-0.279787, 0.805001, 0.018271
-0.270051, 0.805242, 0.0167794
-0.260327, 0.80554, 0.014935
-0.25066, 0.806045, 0.0118084
-0.336655, 0.813176, 0.0481949
-0.326761, 0.812839, 0.0502491
-0.31702, 0.812871, 0.0500526
-0.336632, 0.826131, 0.0485301
