0.257096, 0.0840819, 0.0767956
0.266572, 0.0840106, 0.0809693
0.0340444, 0.0972697, 0.0640006
0.0437183, 0.0971517, 0.0699878
0.0534304, 0.0971463, 0.0702605
0.0631795, 0.0971992, 0.0675755
0.072847, 0.0971293, 0.071125
0.082599, 0.0971753, 0.068789
0.0923433, 0.0972035, 0.0673571
0.227684, 0.0968869, 0.0834279
0.237316, 0.0968639, 0.0845919
0.246872, 0.0968127, 0.0871892
0.256401, 0.0967552, 0.090107
0.266066, 0.0967514, 0.090301
0.0242961, 0.110142, 0.0683165
0.0339708, 0.11, 0.0746775
0.0436421, 0.109913, 0.0785761
0.0533192, 0.10987, 0.0805225
0.0630013, 0.109848, 0.0814848
0.072696, 0.109852, 0.0813413
0.0824123, 0.109883, 0.0799317
0.092159, 0.109944, 0.0772033
0.218013, 0.109814, 0.0830226
0.227283, 0.109611, 0.0920997
0.236826, 0.109552, 0.0947433
0.24649, 0.109551, 0.0947933
0.256152, 0.109549, 0.0948825
0.265884, 0.109576, 0.0936708
0.00486069, 0.123137, 0.0668488
0.0145723, 0.123054, 0.0701628
0.0242636, 0.122935, 0.0749264
0.0339659, 0.122924, 0.0753789
0.0436525, 0.122873, 0.0774097
0.0533101, 0.122775, 0.0813661
0.06296, 0.122691, 0.0847092
0.0726148, 0.122638, 0.0868344
0.0822828, 0.122618, 0.0876627
0.208563, 0.122874, 0.0773816
0.21777, 0.122597, 0.0885038
0.227246, 0.122487, 0.0928783
0.236768, 0.122411, 0.0959506
0.246459, 0.122424, 0.0954194
0.256164, 0.122443, 0.0946603
0.265894, 0.122473, 0.0934725
-0.154988, 0.139989, -0.0741487
-0.144808, 0.139815, -0.0678339
-0.134843, 0.139837, -0.0686388
-0.12502, 0.140022, -0.0753469
-0.115012, 0.140014, -0.0750618
-0.104859, 0.139811, -0.067718
-0.0145841, 0.136118, 0.0661626
-0.00485499, 0.135939, 0.0726423
0.00485203, 0.135856, 0.0756388
0.0145573, 0.135867, 0.0752378
0.0242736, 0.135932, 0.072897
0.0340187, 0.136075, 0.0677242
0.0441956, 0.137497, 0.0161648
0.0533619, 0.13583, 0.0765853
0.0630118, 0.135718, 0.0806656
0.0734167, 0.137044, 0.0325789
0.198755, 0.135735, 0.0800481
0.208223, 0.135587, 0.0853944
0.217742, 0.135484, 0.0891438
0.227405, 0.135476, 0.0894442
0.23719, 0.135537, 0.087204
0.246719, 0.135453, 0.0902433
0.256423, 0.135469, 0.0896916
0.266201, 0.13552, 0.0878191
-0.214732, 0.153142, -0.068222
-0.204746, 0.153144, -0.0682721
-0.194732, 0.153123, -0.0675864
-0.184827, 0.15319, -0.0698099
-0.174799, 0.153157, -0.0687127
-0.164718, 0.153071, -0.065887
-0.154628, 0.152965, -0.0623593
-0.144553, 0.152861, -0.058917
-0.134581, 0.152858, -0.0588093
-0.124623, 0.152871, -0.0592499
-0.11466, 0.15288, -0.0595646
-0.104722, 0.152927, -0.0611024
-0.0243002, 0.149041, 0.0674963
-0.0145588, 0.148823, 0.074717
-0.00485006, 0.148735, 0.077642
0.00485183, 0.148789, 0.0758471
0.0145658, 0.148895, 0.0723433
0.0243049, 0.14907, 0.0665417
0.034593, 0.15155, -0.0155363
0.0446884, 0.152271, -0.0394044
0.0543244, 0.15145, -0.0122185
0.0642422, 0.151546, -0.0153866
0.189, 0.148616, 0.0815802
0.198449, 0.148433, 0.0876122
0.208098, 0.148411, 0.0883436
0.217861, 0.148468, 0.0864501
0.227743, 0.148598, 0.082159
0.237619, 0.148714, 0.0783267
-0.224777, 0.166501, -0.0695128
-0.214542, 0.166311, -0.0637369
-0.204443, 0.166214, -0.0607586
-0.194481, 0.166223, -0.0610404
-0.18458, 0.166288, -0.0630183
-0.174625, 0.166309, -0.063664
-0.164635, 0.166298, -0.0633378
-0.154578, 0.166213, -0.0607395
-0.14448, 0.166069, -0.0563507
-0.134474, 0.166017, -0.0547719
-0.124516, 0.166022, -0.0549192
-0.114554, 0.16602, -0.0548749
-0.104607, 0.166043, -0.0555749
-0.0339969, 0.16189, 0.0708852
-0.0242604, 0.161736, 0.0755601
-0.0145504, 0.161671, 0.0775614
-0.004852, 0.161733, 0.0756731
0.00485571, 0.161856, 0.071907
0.0145814, 0.162015, 0.0670815
0.0247463, 0.164975, -0.0230532
0.0347938, 0.165685, -0.0446596
0.044724, 0.165644, -0.0434222
0.0546879, 0.165721, -0.0457602
0.0646931, 0.16588, -0.0505924
0.179442, 0.161659, 0.0779071
0.188766, 0.161338, 0.0876846
0.198322, 0.161238, 0.0907488
0.208025, 0.16126, 0.0900803
0.21794, 0.161437, 0.0846872
0.227778, 0.161544, 0.0814061
-0.235, 0.18, -0.0745535
-0.22468, 0.179744, -0.0673351
-0.214465, 0.179552, -0.0619211
-0.204487, 0.179549, -0.0618405
-0.194595, 0.179626, -0.0640225
-0.184747, 0.179753, -0.0676031
-0.174754, 0.179747, -0.0674224
-0.164793, 0.179774, -0.0681906
-0.154695, 0.179646, -0.0645642
-0.144618, 0.179526, -0.0611873
-0.134593, 0.179457, -0.059237
-0.124566, 0.179375, -0.0569448
-0.114608, 0.179386, -0.0572419
-0.10466, 0.179417, -0.0581121
-0.0534328, 0.174871, 0.070045
-0.0436835, 0.174734, 0.0739136
-0.0339534, 0.174618, 0.0771875
-0.0242563, 0.174646, 0.0763979
-0.0145667, 0.1748, 0.0720482
-0.00485939, 0.174937, 0.0681715
0.00486137, 0.175009, 0.0661602
0.0249153, 0.17939, -0.0573683
0.0348497, 0.179227, -0.0527573
0.044781, 0.179124, -0.0498486
0.0547646, 0.17923, -0.0528336
0.064774, 0.179374, -0.0569053
0.188867, 0.174338, 0.0850587
0.198347, 0.174158, 0.0901427
0.207981, 0.174124, 0.0911036
0.217708, 0.174166, 0.0899143
0.227575, 0.174313, 0.0857863
0.237613, 0.174573, 0.078454
-0.24494, 0.193286, -0.0733047
-0.234777, 0.19315, -0.0697451
-0.22457, 0.192964, -0.0648456
-0.214591, 0.192965, -0.0648952
-0.204715, 0.193064, -0.0674906
-0.194818, 0.193153, -0.0698228
-0.14481, 0.19308, -0.0679159
-0.134931, 0.193235, -0.0719619
-0.124781, 0.192994, -0.0656443
-0.114759, 0.192929, -0.0639272
-0.0728714, 0.187846, 0.0694757
-0.063092, 0.187658, 0.0744076
-0.0533556, 0.187553, 0.077168
-0.0436526, 0.187544, 0.077395
-0.0339771, 0.187683, 0.0737562
-0.0242893, 0.187837, 0.0697088
-0.0145784, 0.187899, 0.0680795
0.0349015, 0.192789, -0.0602717
0.0448249, 0.192581, -0.0547996
0.0547908, 0.192598, -0.055253
0.0648046, 0.192752, -0.0592947
0.188989, 0.187374, 0.0818753
0.198592, 0.18729, 0.0840635
0.208081, 0.187111, 0.0887632
0.217713, 0.187072, 0.0897856
0.227488, 0.187153, 0.0876598
0.237488, 0.187406, 0.0810366
0.247584, 0.187711, 0.0730329
-0.2549, 0.206586, -0.0725598
-0.244765, 0.206468, -0.069685
-0.234623, 0.206335, -0.0664077
-0.224695, 0.206387, -0.0676818
-0.214821, 0.206494, -0.0703173
-0.204834, 0.206499, -0.0704446
-0.102082, 0.200922, 0.0664949
-0.0922554, 0.200696, 0.072053
-0.0825308, 0.200663, 0.0728602
-0.0727622, 0.2005, 0.0768638
-0.0630333, 0.200413, 0.0789928
-0.0533607, 0.200507, 0.0766902
-0.0437023, 0.200707, 0.0717936
-0.0340085, 0.200812, 0.0692081
-0.0243041, 0.200914, 0.0666895
0.0349189, 0.206188, -0.062788
0.0448413, 0.205938, -0.0566549
0.054781, 0.205844, -0.0543532
0.0647553, 0.205888, -0.0554447
0.0747668, 0.206024, -0.0587697
0.0848368, 0.20627, -0.0648122
0.20843, 0.200351, 0.0805244
0.217932, 0.200174, 0.0848594
0.227597, 0.200157, 0.0852995
0.237421, 0.200273, 0.0824342
0.247454, 0.200551, 0.0756154
0.25744, 0.200771, 0.0702181
-0.264944, 0.219954, -0.0734844
-0.254731, 0.219768, -0.069201
-0.244659, 0.219694, -0.0674853
-0.234777, 0.219791, -0.0697279
-0.22488, 0.219883, -0.0718551
-0.214874, 0.219871, -0.0715709
-0.111701, 0.213689, 0.0710144
-0.101922, 0.213551, 0.074213
-0.0921205, 0.213332, 0.0792589
-0.0823876, 0.213239, 0.0814071
-0.072701, 0.213256, 0.0810041
-0.0630677, 0.21346, 0.0763016
-0.0534165, 0.213666, 0.0715485
-0.0437202, 0.213743, 0.0697746
0.0349396, 0.21962, -0.0657859
0.0448416, 0.219225, -0.0566835
0.0547676, 0.219071, -0.0531168
0.0647046, 0.219, -0.0514884
0.0746714, 0.219036, -0.0523186
0.0846666, 0.219137, -0.0546484
0.0946925, 0.219288, -0.0581264
0.218319, 0.213468, 0.076118
0.227874, 0.213329, 0.0793204
0.237485, 0.213252, 0.0810943
0.247282, 0.213341, 0.0790424
0.25731, 0.213616, 0.0727105
0.26713, 0.213704, 0.0706763
-0.284963, 0.233303, -0.0738916
-0.274832, 0.233191, -0.0714478
-0.264657, 0.233031, -0.067977
-0.254655, 0.233018, -0.067688
-0.244819, 0.233161, -0.0708022
-0.234878, 0.233212, -0.0719209
-0.111703, 0.226644, 0.0709391
-0.101786, 0.22619, 0.0807943
-0.0919964, 0.225956, 0.0858898
-0.0823306, 0.226006, 0.0848088
-0.0727445, 0.226316, 0.0780625
-0.0631456, 0.226677, 0.070219
0.0448929, 0.232778, -0.0624661
0.0548078, 0.232518, -0.0568209
0.0647331, 0.232375, -0.0537143
0.0746628, 0.232284, -0.051734
0.0846253, 0.232305, -0.0521841
0.0946275, 0.232418, -0.0546551
0.104644, 0.232542, -0.0573473
0.11462, 0.232563, -0.0577893
0.228091, 0.226473, 0.0746369
0.237711, 0.226392, 0.0764132
0.247269, 0.22626, 0.0792885
0.257059, 0.226341, 0.0775161
0.267107, 0.226636, 0.071105
0.276918, 0.226717, 0.0693517
-0.294808, 0.246506, -0.0712485
-0.284567, 0.246292, -0.0668426
-0.274513, 0.246229, -0.0655575
-0.264593, 0.246288, -0.0667615
-0.254855, 0.246526, -0.07166
-0.244965, 0.246632, -0.0738311
-0.111618, 0.239413, 0.0746808
-0.101722, 0.238967, 0.0838585
-0.091969, 0.238797, 0.0873528
-0.0823422, 0.238954, 0.0841184
-0.0728006, 0.239433, 0.0742631
0.0549189, 0.246303, -0.06707
0.0648074, 0.245936, -0.0595164
0.0747501, 0.245845, -0.0576391
0.0846568, 0.245671, -0.0540667
0.0946026, 0.245635, -0.0533237
0.104591, 0.245706, -0.0547833
0.114576, 0.245758, -0.0558662
0.124576, 0.245831, -0.0573525
0.23788, 0.239498, 0.0729294
0.247456, 0.239369, 0.0755782
0.257007, 0.239227, 0.0785041
0.266827, 0.239335, 0.076272
0.276894, 0.239651, 0.0697813
0.286881, 0.239878, 0.0651083
-0.304837, 0.259861, -0.0718369
-0.294535, 0.25959, -0.0665545
-0.284286, 0.259349, -0.0618367
-0.274315, 0.259353, -0.0619149
-0.264603, 0.25961, -0.0669489
-0.254935, 0.259934, -0.0732627
-0.121472, 0.252663, 0.0686574
-0.111553, 0.252207, 0.0775442
-0.101695, 0.251816, 0.0851727
-0.091986, 0.251751, 0.0864472
-0.0823986, 0.252043, 0.080749
-0.072839, 0.252508, 0.0716667
0.084752, 0.259242, -0.0597491
0.094672, 0.259102, -0.0570316
0.10457, 0.258934, -0.0537529
0.114528, 0.258933, -0.05373
0.12452, 0.259002, -0.0550675
0.134491, 0.25902, -0.0554223
0.14451, 0.259122, -0.0574198
0.247608, 0.252464, 0.0725422
0.257182, 0.252329, 0.0751591
0.266744, 0.252195, 0.0777869
0.276594, 0.252331, 0.0751286
0.28668, 0.252667, 0.0685658
0.296574, 0.252818, 0.0656319
-0.304904, 0.273247, -0.0729551
-0.29463, 0.27299, -0.0681863
-0.284273, 0.272636, -0.0616078
-0.274166, 0.272504, -0.059164
-0.26426, 0.27257, -0.0603843
-0.254447, 0.272741, -0.0635524
-0.244547, 0.272828, -0.065166
-0.235016, 0.273352, -0.0749021
-0.121342, 0.265335, 0.0739326
-0.111489, 0.264987, 0.0803928
-0.101687, 0.264709, 0.0855689
-0.0920136, 0.264741, 0.08497
-0.0824321, 0.265076, 0.0787525
-0.072919, 0.265749, 0.0662508
0.104676, 0.272489, -0.0588822
0.114539, 0.272236, -0.0541902
0.124454, 0.272139, -0.0523758
0.134443, 0.272205, -0.0536013
0.144417, 0.272234, -0.0541511
0.154351, 0.272189, -0.0533113
0.164328, 0.27222, -0.0538864
0.257493, 0.26559, 0.0692067
0.266896, 0.265278, 0.0749979
0.276478, 0.26516, 0.0771899
0.286333, 0.265302, 0.0745435
0.296396, 0.265622, 0.0686049
0.306309, 0.265792, 0.0654502
0.316154, 0.265893, 0.0635748
-0.294831, 0.286502, -0.0716453
-0.284607, 0.286271, -0.0675521
-0.274339, 0.285977, -0.0623527
-0.264294, 0.285903, -0.0610409
-0.254302, 0.285882, -0.0606594
-0.244367, 0.285926, -0.061439
-0.234483, 0.286036, -0.0633869
-0.224744, 0.286341, -0.0687866
-0.131035, 0.278247, 0.0744829
-0.121195, 0.27794, 0.079927
-0.111403, 0.2777, 0.0841651
-0.10165, 0.277519, 0.0873747
-0.0919922, 0.27759, 0.0861163
-0.0824363, 0.27802, 0.0785027
0.11463, 0.285746, -0.0582485
0.124539, 0.28561, -0.0558405
0.134393, 0.285378, -0.0517335
0.144344, 0.285369, -0.0515823
0.15435, 0.285465, -0.0532875
0.164284, 0.285422, -0.0525265
0.174248, 0.285434, -0.0527301
0.184176, 0.28539, -0.0519552
0.267172, 0.278507, 0.0698929
0.276569, 0.278187, 0.0755615
0.28612, 0.278038, 0.078196
0.295947, 0.278158, 0.0760694
0.305972, 0.278451, 0.070888
0.316005, 0.278733, 0.0658922
0.325922, 0.278898, 0.0629606
-0.284889, 0.299883, -0.0725737
-0.274732, 0.299707, -0.0696025
-0.264534, 0.299473, -0.0656328
-0.254329, 0.29921, -0.0611911
-0.244253, 0.299086, -0.0590897
-0.234291, 0.299095, -0.0592365
-0.224398, 0.299198, -0.0609803
-0.214562, 0.299389, -0.0642123
-0.204754, 0.299639, -0.0684533
-0.130889, 0.290865, 0.079968
-0.12106, 0.290543, 0.0854092
-0.111321, 0.290402, 0.0877953
-0.101612, 0.290319, 0.0891986
-0.0919759, 0.29045, 0.0869846
-0.0824449, 0.290982, 0.0779853
0.134509, 0.298909, -0.0561032
0.144346, 0.298647, -0.0516615
0.154239, 0.298528, -0.0496473
0.164206, 0.298555, -0.050118
0.174158, 0.298556, -0.0501256
0.184071, 0.298494, -0.0490708
0.194048, 0.298535, -0.0497775
0.203974, 0.298499, -0.0491629
0.276771, 0.291338, 0.0719628
0.286061, 0.29091, 0.0792122
0.295644, 0.290797, 0.081109
0.305602, 0.291049, 0.0768499
0.315801, 0.291508, 0.0690894
0.325828, 0.291786, 0.0643868
-0.264804, 0.313102, -0.0708032
-0.254533, 0.312759, -0.0652571
-0.244291, 0.312427, -0.0598688
-0.2342, 0.312266, -0.0572667
-0.224221, 0.312249, -0.056993
-0.214294, 0.312304, -0.0578785
-0.204379, 0.312384, -0.0591764
-0.194636, 0.312749, -0.0650873
-0.184691, 0.31281, -0.066083
-0.140591, 0.303805, 0.0797586
-0.130649, 0.303234, 0.0890145
-0.120957, 0.303198, 0.0895953
-0.111232, 0.303068, 0.0916953
-0.101567, 0.30309, 0.0913396
-0.0919656, 0.303325, 0.0875325
-0.0824612, 0.303975, 0.0770154
0.144512, 0.312279, -0.0574775
0.154281, 0.31188, -0.0510163
0.16409, 0.311605, -0.0465541
0.174017, 0.311573, -0.0460415
0.183964, 0.311579, -0.0461411
0.193921, 0.311599, -0.0464716
0.203886, 0.31163, -0.0469718
0.213924, 0.311765, -0.0491533
0.267223, 0.304472, 0.0689626
0.276635, 0.304137, 0.0743861
0.285947, 0.303718, 0.0811763
0.295635, 0.303712, 0.0812616
0.305591, 0.303974, 0.0770178
0.315714, 0.304381, 0.0704341
0.32568, 0.304616, 0.0666203
-0.254731, 0.326322, -0.0691915
-0.244414, 0.325885, -0.062417
-0.234202, 0.325557, -0.0573134
-0.224126, 0.325397, -0.0548306
-0.214125, 0.325337, -0.0538945
-0.204163, 0.325334, -0.053843
-0.194221, 0.325362, -0.0542884
-0.184341, 0.325504, -0.0564866
-0.174518, 0.325767, -0.0605831
-0.164792, 0.326256, -0.0681663
-0.150273, 0.316705, 0.0802031
-0.140344, 0.316178, 0.088377
-0.130522, 0.31583, 0.0937896
-0.120867, 0.315866, 0.0932341
-0.111167, 0.315777, 0.0946045
-0.101539, 0.315898, 0.0927329
-0.0919595, 0.316212, 0.0878611
-0.0824768, 0.31697, 0.0760856
0.154379, 0.325358, -0.0542164
0.164118, 0.32492, -0.0474129
0.173909, 0.324629, -0.0429001
0.183873, 0.324677, -0.0436444
0.193845, 0.324731, -0.0444856
0.203797, 0.324749, -0.0447693
0.21377, 0.324798, -0.0455289
0.257294, 0.317168, 0.0730076
0.26679, 0.316914, 0.0769515
0.276275, 0.316666, 0.080801
0.285951, 0.316647, 0.0811033
0.29583, 0.316845, 0.0780144
0.305782, 0.317107, 0.0739479
0.315707, 0.317326, 0.0705519
0.325616, 0.317516, 0.0675941
-0.244585, 0.339424, -0.0659509
-0.234289, 0.338972, -0.059207
-0.224116, 0.338663, -0.0546045
-0.214045, 0.33849, -0.052021
-0.204029, 0.338389, -0.0505114
-0.194035, 0.338318, -0.0494432
-0.18405, 0.338254, -0.0484967
-0.17409, 0.338232, -0.0481653
-0.164127, 0.338201, -0.0477061
-0.151168, 0.331595, 0.0508938
-0.140157, 0.328644, 0.0949378
-0.130431, 0.328494, 0.0971832
-0.120792, 0.328554, 0.0962834
-0.111118, 0.328524, 0.0967298
-0.101511, 0.328703, 0.0940642
-0.0919653, 0.329139, 0.087553
-0.0824759, 0.329904, 0.0761385
0.164215, 0.338383, -0.0504236
0.173918, 0.337897, -0.0431662
0.183878, 0.337938, -0.0437779
0.193896, 0.338074, -0.045814
0.203881, 0.338144, -0.0468569
0.213908, 0.338273, -0.0487761
0.237902, 0.330149, 0.0724745
0.247496, 0.329995, 0.0747709
0.256782, 0.329456, 0.0828128
0.266316, 0.329264, 0.0856853
0.276035, 0.329305, 0.0850725
0.28593, 0.329546, 0.0814705
0.296014, 0.329983, 0.0749602
0.306036, 0.330324, 0.069859
0.315944, 0.330526, 0.0668416
-0.234568, 0.352684, -0.065228
-0.224248, 0.352152, -0.0575829
-0.214078, 0.351817, -0.0527797
-0.20398, 0.351575, -0.049294
-0.193918, 0.351374, -0.0464067
-0.183874, 0.351183, -0.0436687
-0.173831, 0.350974, -0.0406642
-0.161898, 0.346691, 0.0208402
-0.149917, 0.341746, 0.0918593
-0.140061, 0.341299, 0.0982838
-0.130371, 0.341218, 0.0994492
-0.120741, 0.341293, 0.0983677
-0.11108, 0.341288, 0.0984426
-0.101493, 0.341533, 0.0949202
-0.0919733, 0.342076, 0.0871258
-0.082446, 0.342717, 0.0779209
0.16427, 0.35177, -0.0520973
0.174011, 0.351336, -0.0458732
0.183978, 0.351381, -0.0465102
0.194014, 0.351547, -0.0489035
0.204002, 0.351612, -0.0498371
0.214321, 0.352218, -0.0585356
0.228018, 0.342836, 0.0762086
0.237373, 0.342334, 0.0834165
0.246796, 0.341965, 0.0887175
0.256344, 0.341792, 0.0911975
0.266022, 0.341798, 0.0911222
0.275832, 0.341967, 0.088697
0.285835, 0.342356, 0.0831103
0.296104, 0.343027, 0.0734644
0.306031, 0.343272, 0.0699425
-0.235061, 0.366761, -0.075861
-0.224711, 0.366195, -0.068028
-0.214281, 0.36544, -0.0575762
-0.204034, 0.364938, -0.0506334
-0.193807, 0.364424, -0.0435185
-0.183646, 0.363984, -0.0374222
-0.173558, 0.363646, -0.0327482
-0.160697, 0.357105, 0.0577722
-0.149777, 0.354311, 0.0964522
-0.139992, 0.354002, 0.100728
-0.130327, 0.353974, 0.101108
-0.120693, 0.354031, 0.100317
-0.111043, 0.354049, 0.100066
-0.101474, 0.354354, 0.09585
-0.0919713, 0.354977, 0.0872293
-0.0824909, 0.355843, 0.075243
0.154659, 0.365861, -0.0634046
0.164216, 0.364924, -0.0504365
0.174004, 0.364579, -0.0456619
0.18399, 0.364664, -0.0468364
0.194034, 0.36485, -0.0494113
0.204102, 0.36506, -0.0523133
0.208772, 0.356045, 0.0724459
0.218095, 0.355414, 0.0811772
0.22742, 0.354839, 0.0891352
0.236874, 0.354505, 0.0937634
0.246447, 0.354368, 0.0956578
0.25614, 0.354407, 0.0951133
0.265881, 0.354509, 0.0937114
0.275762, 0.354782, 0.0899334
0.286107, 0.355614, 0.0784183
0.296347, 0.356264, 0.0694189
-0.224961, 0.379933, -0.0736637
-0.214649, 0.379379, -0.0662608
-0.203995, 0.378136, -0.049664
-0.193458, 0.376995, -0.0344234
-0.183205, 0.376312, -0.0253081
-0.172248, 0.374025, 0.00524044
-0.159608, 0.367581, 0.0912881
-0.149706, 0.367022, 0.098762
-0.139953, 0.366774, 0.102067
-0.130291, 0.366745, 0.102463
-0.120656, 0.366794, 0.101808
-0.111015, 0.366831, 0.101305
-0.10146, 0.367189, 0.0965333
-0.0919873, 0.367949, 0.0863762
-0.0830485, 0.371276, 0.0419497
-0.0737953, 0.373896, 0.00696325
-0.0639561, 0.373897, 0.00694561
-0.054065, 0.37354, 0.0117164
-0.0441895, 0.373155, 0.0168552
-0.0343391, 0.372824, 0.021275
-0.0245161, 0.372645, 0.0236659
-0.0147052, 0.372532, 0.0251827
-0.00490224, 0.372569, 0.0246825
0.00490519, 0.372793, 0.0216932
0.0147183, 0.372863, 0.0207629
0.0245065, 0.372499, 0.0256128
0.0343686, 0.373145, 0.0169902
0.0442571, 0.373726, 0.00922918
0.154572, 0.378951, -0.0605445
0.164114, 0.377959, -0.047296
0.173957, 0.377734, -0.0442967
0.183981, 0.377907, -0.0466042
0.1928, 0.375713, -0.0172968
0.200006, 0.370743, 0.0490618
0.208129, 0.367856, 0.0876231
0.217563, 0.367439, 0.0931859
0.227044, 0.367136, 0.0972395
0.236643, 0.367039, 0.098537
0.246343, 0.367099, 0.0977311
0.256107, 0.367248, 0.0957355
0.26607, 0.367661, 0.0902262
0.276199, 0.368265, 0.08216
0.286672, 0.369273, 0.0687017
0.296653, 0.369601, 0.0643163
0.306535, 0.369789, 0.0618114
0.316268, 0.369791, 0.0617857
-0.214083, 0.391656, -0.052918
-0.203114, 0.389715, -0.0278678
-0.191559, 0.386392, 0.0150037
-0.180109, 0.382934, 0.0596204
-0.169555, 0.381096, 0.0833311
-0.159537, 0.380311, 0.0934548
-0.149698, 0.37988, 0.0990171
-0.139949, 0.379632, 0.102217
-0.130258, 0.379518, 0.103681
-0.120614, 0.379533, 0.103487
-0.110992, 0.379625, 0.102302
-0.101439, 0.379993, 0.0975585
-0.0919725, 0.380799, 0.0871644
-0.082605, 0.382251, 0.0684266
-0.0731062, 0.383401, 0.0535874
-0.0633549, 0.383378, 0.0538802
-0.0536096, 0.38339, 0.053731
-0.0438659, 0.38342, 0.0533438
-0.0341207, 0.383451, 0.0529432
-0.024373, 0.383469, 0.0527086
-0.0146245, 0.383486, 0.0524864
-0.00487544, 0.383533, 0.0518823
0.00487634, 0.383604, 0.0509725
0.0146335, 0.383722, 0.0494504
0.0243983, 0.383867, 0.0475817
0.0341848, 0.384172, 0.0436435
0.0439974, 0.384569, 0.0385184
0.0538575, 0.385163, 0.0308609
0.0637949, 0.386041, 0.0195289
0.0735961, 0.38597, 0.020443
0.0837155, 0.38739, 0.00213003
0.154434, 0.391896, -0.0560141
0.164043, 0.391053, -0.0451317
0.173919, 0.390904, -0.0432138
0.182787, 0.388628, -0.0138502
0.188855, 0.380939, 0.085351
0.198279, 0.380438, 0.0918112
0.207754, 0.380077, 0.0964713
0.217288, 0.379852, 0.0993824
0.226897, 0.379771, 0.100419
0.236609, 0.379862, 0.0992436
0.246446, 0.38014, 0.0956674
0.25637, 0.380525, 0.0906997
0.266254, 0.380824, 0.0868397
0.276124, 0.381083, 0.0834961
0.285958, 0.381277, 0.0809894
0.295683, 0.381319, 0.0804548
0.305527, 0.381505, 0.0780511
0.31551, 0.381847, 0.0736322
0.325585, 0.382279, 0.0680661
-0.212791, 0.402489, -0.0224199
-0.200156, 0.397057, 0.0453658
-0.189678, 0.395567, 0.0639534
-0.179407, 0.394373, 0.0788584
-0.169337, 0.393507, 0.0896597
-0.159451, 0.39299, 0.0961103
-0.149657, 0.392648, 0.100376
-0.139923, 0.392429, 0.103109
-0.130236, 0.392316, 0.104518
-0.120585, 0.392304, 0.104669
-0.110965, 0.392399, 0.103491
-0.101394, 0.3927, 0.099731
-0.0918964, 0.393381, 0.0912318
-0.082447, 0.394453, 0.0778608
-0.0728994, 0.395276, 0.0675797
-0.063176, 0.395255, 0.0678458
-0.0534582, 0.395267, 0.067699
-0.0437406, 0.395285, 0.0674744
-0.0340206, 0.395286, 0.0674558
-0.0242987, 0.39526, 0.0677843
-0.0145792, 0.395257, 0.0678167
-0.00485992, 0.395272, 0.0676374
0.00486009, 0.395286, 0.067461
0.0145811, 0.395307, 0.0671935
0.0243069, 0.395393, 0.066123
0.0340427, 0.395543, 0.0642486
0.0437905, 0.395736, 0.0618472
0.0535547, 0.39598, 0.0587978
0.0633537, 0.396367, 0.0539718
0.073206, 0.396939, 0.0468311
0.0831081, 0.397615, 0.0383954
0.0931695, 0.398831, 0.0232291
0.103071, 0.399197, 0.0186529
0.144716, 0.405871, -0.0646272
0.154289, 0.404801, -0.0512652
0.163991, 0.40418, -0.0435209
0.172834, 0.401634, -0.0117478
0.179089, 0.393674, 0.0875745
0.1885, 0.393111, 0.0946031
0.197981, 0.392742, 0.0992041
0.20753, 0.392537, 0.101769
0.217135, 0.392451, 0.102831
0.226809, 0.392491, 0.102334
0.236538, 0.392621, 0.100716
0.246274, 0.39275, 0.0991058
0.256051, 0.392934, 0.0968113
0.26587, 0.393166, 0.0939193
0.275671, 0.393355, 0.0915618
0.285462, 0.393518, 0.0895185
0.295253, 0.393671, 0.0876174
0.305064, 0.393839, 0.0855122
0.314917, 0.39405, 0.082881
0.324862, 0.39436, 0.079021
0.335098, 0.394994, 0.0710983
0.345064, 0.395285, 0.0674796
-0.210104, 0.410435, 0.0410171
-0.199567, 0.408869, 0.0599294
-0.189236, 0.407585, 0.0754528
-0.179099, 0.406603, 0.0873151
-0.169177, 0.406023, 0.0943155
-0.159311, 0.405519, 0.100413
-0.149528, 0.405172, 0.104604
-0.139814, 0.404977, 0.106954
-0.13015, 0.404912, 0.10774
-0.120524, 0.404962, 0.107139
-0.110919, 0.405096, 0.105525
-0.101339, 0.405355, 0.102396
-0.0917901, 0.405809, 0.0969114
-0.0822918, 0.406618, 0.0871272
-0.0727602, 0.407457, 0.0769963
-0.0630497, 0.407398, 0.0777059
-0.0533455, 0.407366, 0.0780921
-0.0436421, 0.407326, 0.0785799
-0.0339378, 0.407253, 0.0794587
-0.0242369, 0.407179, 0.0803485
-0.0145415, 0.40716, 0.0805893
-0.00484704, 0.40715, 0.0807076
0.00484681, 0.40713, 0.080945
0.0145397, 0.407111, 0.0811749
0.0242373, 0.407187, 0.0802608
0.0339419, 0.407303, 0.0788608
0.043652, 0.407418, 0.0774617
0.0533666, 0.407527, 0.0761514
0.0631067, 0.407766, 0.0732589
0.0728882, 0.408174, 0.0683341
0.082693, 0.408601, 0.0631728
0.0925421, 0.409133, 0.0567403
0.102498, 0.409991, 0.0463791
0.112549, 0.411047, 0.033617
0.122599, 0.411931, 0.0229354
0.132565, 0.412426, 0.0169606
0.14397, 0.417018, -0.0385222
0.154187, 0.417796, -0.047924
0.163943, 0.417308, -0.0420299
0.171592, 0.41182, 0.0242815
0.1789, 0.406152, 0.0927653
0.188362, 0.405704, 0.0981808
0.197834, 0.405318, 0.102833
0.207376, 0.405106, 0.105395
0.216914, 0.404905, 0.107825
0.22647, 0.404755, 0.10964
0.23613, 0.404795, 0.109163
0.245818, 0.404876, 0.108175
0.255538, 0.405004, 0.10663
0.265291, 0.405172, 0.104599
0.275091, 0.405397, 0.101885
0.284952, 0.405694, 0.0982924
0.294864, 0.406043, 0.0940833
0.304763, 0.406351, 0.0903554
0.31463, 0.406598, 0.0873709
0.324477, 0.406807, 0.0848436
0.334356, 0.407042, 0.0820045
0.344559, 0.407647, 0.0746994
0.354853, 0.408324, 0.0665212
-0.220191, 0.424072, 0.033906
-0.209722, 0.422696, 0.0500221
-0.199169, 0.421008, 0.0697823
-0.188896, 0.419768, 0.0843048
-0.178869, 0.418973, 0.0936208
-0.168951, 0.418355, 0.100852
-0.159136, 0.417933, 0.105797
-0.149417, 0.417726, 0.108223
-0.139739, 0.417612, 0.109557
-0.130084, 0.417555, 0.110225
-0.120452, 0.417567, 0.110077
-0.110845, 0.417678, 0.108775
-0.101247, 0.417843, 0.106852
-0.0916731, 0.418158, 0.103157
-0.0821439, 0.418773, 0.0959554
-0.0726141, 0.419548, 0.0868855
-0.0629481, 0.419654, 0.0856371
-0.0532451, 0.419507, 0.0873613
-0.0435518, 0.419387, 0.088769
-0.0338653, 0.419284, 0.0899706
-0.0241847, 0.419202, 0.09093
-0.0145096, 0.419166, 0.0913587
-0.00483613, 0.41913, 0.0917783
0.00483563, 0.419087, 0.0922861
0.014505, 0.419032, 0.0929279
0.024176, 0.419052, 0.0926933
0.0338506, 0.419103, 0.0920959
0.0435287, 0.419165, 0.091372
0.0532109, 0.419237, 0.0905204
0.0629147, 0.419431, 0.0882473
0.0726499, 0.419755, 0.0844622
0.0824021, 0.420089, 0.0805407
0.092191, 0.420521, 0.0754924
0.102042, 0.421125, 0.0684147
0.111927, 0.421754, 0.0610509
0.121846, 0.422399, 0.0534902
0.131805, 0.423077, 0.0455556
0.141799, 0.423768, 0.0374613
0.151832, 0.424476, 0.0291729
0.16191, 0.425219, 0.0204744
0.170714, 0.422721, 0.0497236
0.178882, 0.419004, 0.0932555
0.188293, 0.418429, 0.0999918
0.19778, 0.418072, 0.104164
0.207319, 0.417853, 0.10673
0.216813, 0.417565, 0.110101
0.226361, 0.417403, 0.112004
0.235948, 0.417323, 0.112943
0.245602, 0.417363, 0.112474
0.255249, 0.417388, 0.112175
0.264963, 0.417518, 0.110658
0.274773, 0.417783, 0.107545
0.284554, 0.417988, 0.105146
0.294364, 0.418222, 0.10241
0.304256, 0.418553, 0.0985308
0.314231, 0.418974, 0.0935993
0.324217, 0.419385, 0.0887871
0.334131, 0.419682, 0.0853148
0.344101, 0.42003, 0.0812416
0.354418, 0.42077, 0.0725684
0.36476, 0.421501, 0.0640149
-0.230166, 0.437479, 0.0298276
-0.219822, 0.436387, 0.0422311
-0.209308, 0.434841, 0.0598025
-0.198838, 0.433239, 0.0779948
-0.188633, 0.432082, 0.0911455
-0.178709, 0.431477, 0.0980196
-0.16884, 0.430944, 0.104066
-0.159064, 0.430598, 0.107997
-0.149353, 0.430393, 0.110332
-0.139688, 0.430303, 0.111349
-0.130047, 0.430279, 0.11163
-0.120413, 0.430275, 0.111677
-0.110792, 0.430323, 0.11113
-0.101192, 0.430469, 0.109467
-0.0916047, 0.430703, 0.106813
-0.0820312, 0.431066, 0.102684
-0.0724826, 0.431674, 0.095777
-0.062859, 0.431954, 0.0925951
-0.0531688, 0.431795, 0.0944014
-0.0434893, 0.431671, 0.0958104
-0.0338155, 0.43155, 0.0971918
-0.0241466, 0.431419, 0.0986767
-0.0144846, 0.431317, 0.0998321
-0.00482739, 0.431245, 0.100655
0.00482665, 0.431179, 0.101397
0.0144778, 0.431116, 0.10212
0.0241292, 0.431108, 0.102208
0.0337819, 0.431121, 0.102066
0.0434364, 0.431146, 0.101777
0.0530922, 0.431174, 0.101463
0.062763, 0.431294, 0.10009
0.0724621, 0.431552, 0.0971642
0.0821812, 0.431855, 0.0937276
0.0919215, 0.432192, 0.089891
0.101729, 0.432754, 0.0835128
0.11158, 0.433384, 0.0763459
0.121432, 0.433917, 0.0703001
0.131278, 0.43435, 0.0653729
0.141145, 0.434793, 0.0603442
0.15121, 0.435745, 0.0495324
0.16127, 0.436568, 0.0401773
0.170421, 0.43498, 0.0582204
0.178908, 0.431957, 0.0925646
0.188315, 0.431354, 0.0994153
0.197793, 0.430964, 0.103841
0.207301, 0.430673, 0.107152
0.21683, 0.430448, 0.109711
0.226396, 0.430313, 0.111238
0.235965, 0.430194, 0.112589
0.245527, 0.430073, 0.113972
0.255151, 0.430065, 0.114058
0.264839, 0.430163, 0.112943
0.27454, 0.430273, 0.111699
0.284307, 0.430476, 0.109394
0.294085, 0.430682, 0.107046
0.30391, 0.430941, 0.104101
0.31385, 0.431342, 0.0995507
0.323897, 0.431863, 0.093636
0.333927, 0.43233, 0.0883226
0.343881, 0.432677, 0.0843854
0.353915, 0.433101, 0.0795622
0.364324, 0.43395, 0.069921
0.37489, 0.434938, 0.0587015
-0.229918, 0.450053, 0.0351806
-0.219327, 0.448403, 0.0533848
-0.208907, 0.446964, 0.0692601
-0.198578, 0.44559, 0.0844107
-0.188455, 0.444561, 0.0957708
-0.178608, 0.444106, 0.100782
-0.168782, 0.443655, 0.105762
-0.159044, 0.443395, 0.108632
-0.149343, 0.443212, 0.110643
-0.139681, 0.443126, 0.111598
-0.13004, 0.443098, 0.111909
-0.120408, 0.443102, 0.111856
-0.110786, 0.443144, 0.111394
-0.101155, 0.443155, 0.111272
-0.0915669, 0.443377, 0.108831
-0.081975, 0.44363, 0.10604
-0.0723864, 0.44397, 0.102287
-0.0627883, 0.444348, 0.0981193
-0.0531149, 0.444234, 0.09937
-0.0434446, 0.4441, 0.100852
-0.0337795, 0.443959, 0.102412
-0.0241205, 0.443817, 0.103974
-0.0144685, 0.443699, 0.105281
-0.00482184, 0.443607, 0.106288
0.00482085, 0.443517, 0.107283
0.0144599, 0.443435, 0.108186
0.024099, 0.443422, 0.108335
0.0337391, 0.443428, 0.108263
0.0433793, 0.443432, 0.108219
0.0530195, 0.443436, 0.108176
0.0626698, 0.44351, 0.107366
0.0723372, 0.443668, 0.105618
0.0820177, 0.443861, 0.103492
0.0917161, 0.444099, 0.100865
0.101464, 0.444508, 0.0963564
0.111257, 0.445028, 0.0906196
0.121107, 0.445674, 0.0834837
0.130978, 0.446296, 0.0766215
0.140823, 0.44675, 0.0716181
0.150763, 0.447424, 0.0641775
0.160794, 0.448273, 0.0548162
0.170721, 0.448754, 0.0495162
0.179008, 0.445101, 0.0898037
0.188367, 0.444354, 0.0980544
0.197817, 0.443883, 0.103248
0.20734, 0.44361, 0.106252
0.216873, 0.443385, 0.108737
0.226442, 0.443248, 0.110255
0.235997, 0.443097, 0.111917
0.245563, 0.442976, 0.113253
0.255121, 0.442851, 0.114628
0.264747, 0.44285, 0.114645
0.274433, 0.442944, 0.113601
0.284143, 0.44307, 0.112209
0.293924, 0.443296, 0.109725
0.303747, 0.443566, 0.106738
0.313581, 0.443838, 0.103746
0.323521, 0.444238, 0.0993342
0.333591, 0.444788, 0.0932612
0.343673, 0.445323, 0.0873599
0.353767, 0.445844, 0.0816164
0.363898, 0.446382, 0.0756783
0.374531, 0.447491, 0.0634427
0.385119, 0.448493, 0.0523911
-0.240437, 0.464518, 0.019958
-0.229473, 0.4622, 0.0448046
-0.218869, 0.460435, 0.0637264
-0.208585, 0.459211, 0.0768509
-0.198368, 0.45802, 0.0896225
-0.188375, 0.457251, 0.0978613
-0.178549, 0.456828, 0.102396
-0.168809, 0.456587, 0.104978
-0.159077, 0.456342, 0.107606
-0.149374, 0.456153, 0.109632
-0.13969, 0.456001, 0.111268
-0.130048, 0.455972, 0.111574
-0.120413, 0.455964, 0.111658
-0.110787, 0.455993, 0.111352
-0.101171, 0.456071, 0.110518
-0.0915517, 0.456152, 0.109644
-0.0819475, 0.456335, 0.10768
-0.0723459, 0.456583, 0.105031
-0.0627376, 0.456858, 0.102073
-0.0530846, 0.45685, 0.102168
-0.0434203, 0.456717, 0.103591
-0.0337604, 0.456569, 0.105171
-0.0241069, 0.456424, 0.106734
-0.0144601, 0.456294, 0.108126
-0.00481896, 0.456193, 0.109208
0.00481783, 0.456086, 0.11035
0.01445, 0.455976, 0.111534
0.0240795, 0.455905, 0.11229
0.0337082, 0.455863, 0.112743
0.0433368, 0.455838, 0.113015
0.0529644, 0.455815, 0.113263
0.0626, 0.455857, 0.112813
0.0722503, 0.455979, 0.111497
0.0819063, 0.456106, 0.110141
0.0915776, 0.456281, 0.108263
0.101292, 0.456616, 0.104668
0.111029, 0.45699, 0.100659
0.12079, 0.457392, 0.0963564
0.130609, 0.457937, 0.090508
0.140507, 0.458667, 0.0826831
0.150424, 0.459358, 0.075274
0.160368, 0.460045, 0.0679145
0.170208, 0.460373, 0.0643983
0.179183, 0.45845, 0.0850086
0.188444, 0.45742, 0.0960555
0.19787, 0.45687, 0.101954
0.207386, 0.456572, 0.105148
0.216912, 0.456318, 0.107864
0.226451, 0.456114, 0.110054
0.235975, 0.455898, 0.11237
0.245524, 0.455744, 0.114022
0.255101, 0.455652, 0.115002
0.264696, 0.455599, 0.115581
0.274373, 0.455683, 0.114672
0.284079, 0.455811, 0.113302
0.293799, 0.45595, 0.111814
0.303587, 0.456183, 0.109312
0.31342, 0.456468, 0.106256
0.323275, 0.456767, 0.103057
0.333283, 0.457258, 0.0977893
0.34341, 0.45788, 0.0911164
0.353548, 0.458482, 0.0846648
0.363715, 0.459089, 0.0781603
0.374002, 0.459811, 0.0704145
0.38488, 0.461206, 0.0554628
-0.239894, 0.476525, 0.0311956
-0.229009, 0.47426, 0.0548129
-0.218576, 0.472772, 0.0703321
-0.208328, 0.471564, 0.0829268
-0.198216, 0.470561, 0.093389
-0.18831, 0.46997, 0.0995522
-0.178539, 0.469671, 0.102661
-0.168834, 0.46952, 0.104242
-0.159113, 0.469304, 0.106489
-0.149415, 0.469133, 0.10828
-0.139739, 0.469008, 0.10958
-0.130092, 0.468972, 0.109956
-0.120453, 0.468964, 0.110038
-0.110814, 0.468952, 0.110163
-0.101187, 0.468993, 0.10974
-0.0915609, 0.469049, 0.109154
-0.0819455, 0.469178, 0.107802
-0.072331, 0.469348, 0.106037
-0.0627113, 0.469531, 0.104128
-0.0530641, 0.469537, 0.104062
-0.0434059, 0.469427, 0.105215
-0.0337484, 0.469264, 0.106911
-0.0240977, 0.469103, 0.108584
-0.0144542, 0.468956, 0.110122
-0.00481677, 0.46883, 0.11143
0.00481549, 0.468706, 0.112723
0.0144428, 0.468585, 0.113985
0.0240671, 0.468506, 0.114813
0.0336894, 0.468443, 0.115469
0.0433096, 0.468385, 0.116077
0.0529297, 0.468348, 0.116462
0.0625593, 0.468393, 0.115993
0.0721988, 0.46849, 0.114982
0.0818412, 0.468581, 0.114028
0.0914873, 0.468672, 0.113084
0.101167, 0.468903, 0.110678
0.11088, 0.46923, 0.107267
0.120611, 0.46958, 0.103614
0.130363, 0.46995, 0.0997543
0.140135, 0.470338, 0.0957117
0.149958, 0.470837, 0.0905123
0.159867, 0.471526, 0.083323
0.169755, 0.472082, 0.0775309
0.179305, 0.471685, 0.0816689
0.18858, 0.470645, 0.0925074
0.197952, 0.469936, 0.0999064
0.207408, 0.469482, 0.10464
0.216897, 0.46914, 0.108199
0.226408, 0.468874, 0.110975
0.235942, 0.468673, 0.113071
0.245483, 0.468504, 0.11483
0.255077, 0.468443, 0.115467
0.264694, 0.468429, 0.11562
0.274338, 0.46846, 0.115297
0.284035, 0.468578, 0.114064
0.293743, 0.468705, 0.112743
0.30347, 0.468854, 0.111187
0.313292, 0.469134, 0.108263
0.323154, 0.469458, 0.104891
0.333057, 0.46982, 0.101109
0.343122, 0.470383, 0.0952387
0.35327, 0.471027, 0.0885305
0.363473, 0.471707, 0.0814333
0.373748, 0.472443, 0.073761
0.384388, 0.473592, 0.0617771
0.395224, 0.474919, 0.0479412
-0.250689, 0.491548, 0.0112324
-0.239593, 0.488965, 0.0374403
-0.228772, 0.486748, 0.0599403
-0.218378, 0.485284, 0.0747981
-0.208102, 0.483959, 0.0882521
-0.198127, 0.483235, 0.0955925
-0.188267, 0.482735, 0.10067
-0.17852, 0.482487, 0.103185
-0.168818, 0.482336, 0.104721
-0.159163, 0.482312, 0.104966
-0.149485, 0.482208, 0.106018
-0.139802, 0.482075, 0.107369
-0.130144, 0.482016, 0.107972
-0.120501, 0.482003, 0.1081
-0.110856, 0.481985, 0.108288
-0.101216, 0.48198, 0.108339
-0.0915795, 0.481997, 0.108159
-0.0819485, 0.48205, 0.107621
-0.0723233, 0.482155, 0.106557
-0.0627038, 0.482337, 0.104712
-0.0530557, 0.482325, 0.104836
-0.0433991, 0.482212, 0.105985
-0.0337427, 0.482038, 0.107749
-0.0240935, 0.48187, 0.109453
-0.0144514, 0.481711, 0.111061
-0.00481568, 0.481566, 0.112535
0.00481428, 0.481426, 0.113961
0.0144389, 0.481295, 0.11529
0.0240602, 0.481203, 0.116216
0.0336785, 0.481121, 0.117051
0.0432933, 0.481036, 0.117912
0.0529045, 0.48095, 0.11879
0.0625229, 0.480945, 0.118838
0.0721515, 0.48101, 0.11818
0.0817829, 0.481076, 0.117509
0.0914197, 0.481156, 0.116696
0.101091, 0.481385, 0.114374
0.110782, 0.48166, 0.111581
0.120491, 0.481964, 0.108498
0.130223, 0.482307, 0.105015
0.139985, 0.482706, 0.100971
0.149755, 0.48308, 0.0971699
0.159522, 0.483399, 0.0939379
0.169294, 0.483697, 0.0909061
0.179013, 0.483818, 0.0896769
0.188621, 0.483643, 0.0914545
0.198019, 0.482972, 0.0982652
0.20741, 0.48235, 0.104584
0.216876, 0.481946, 0.108681
0.226363, 0.481623, 0.111956
0.235921, 0.481472, 0.113487
0.245486, 0.481345, 0.114783
0.255073, 0.481269, 0.115551
0.264698, 0.48127, 0.115543
0.274327, 0.481276, 0.115478
0.283991, 0.481341, 0.114824
0.293698, 0.481472, 0.113493
0.303421, 0.48162, 0.111988
0.313177, 0.481811, 0.11005
0.323041, 0.482151, 0.106598
0.332941, 0.482524, 0.102815
0.342931, 0.483001, 0.0979705
0.353107, 0.483708, 0.0907941
0.363315, 0.48442, 0.0835714
0.373591, 0.485183, 0.0758238
0.384068, 0.486162, 0.0658894
0.395145, 0.487833, 0.0489306
-0.250317, 0.503906, 0.0186453
-0.239508, 0.501826, 0.0392041
-0.228678, 0.499523, 0.0619707
-0.218217, 0.497858, 0.078433
-0.207998, 0.496615, 0.090714
-0.198052, 0.495934, 0.0974483
-0.188255, 0.495577, 0.100977
-0.178511, 0.495327, 0.10345
-0.168816, 0.495195, 0.104756
-0.159175, 0.49521, 0.104608
-0.149535, 0.495233, 0.104376
-0.139862, 0.495142, 0.105276
-0.1302, 0.49508, 0.105892
-0.120552, 0.495068, 0.106013
-0.110905, 0.495055, 0.106138
-0.101258, 0.495038, 0.106302
-0.0916095, 0.495013, 0.106557
-0.0819653, 0.495006, 0.106621
-0.0723402, 0.495128, 0.105414
-0.0627153, 0.49529, 0.103817
-0.0530613, 0.495239, 0.104321
-0.0434021, 0.495105, 0.10564
-0.0337444, 0.494917, 0.1075
-0.024094, 0.494731, 0.109338
-0.0144513, 0.494554, 0.11109
-0.00481553, 0.494393, 0.112685
0.0048139, 0.494225, 0.114346
0.0144371, 0.494068, 0.11589
0.0240562, 0.493954, 0.117017
0.0336714, 0.493847, 0.11808
0.0432826, 0.493741, 0.119123
0.0528908, 0.493647, 0.120052
0.0625065, 0.493641, 0.120113
0.0721288, 0.493681, 0.119721
0.081753, 0.493724, 0.119292
0.0913809, 0.493777, 0.11877
0.101037, 0.493957, 0.11699
0.11071, 0.494183, 0.114757
0.120398, 0.494434, 0.112277
0.13011, 0.494739, 0.109256
0.139848, 0.495093, 0.10576
0.149607, 0.495474, 0.101994
0.159366, 0.495805, 0.0987282
0.16914, 0.496143, 0.095387
0.178813, 0.496165, 0.0951676
0.188496, 0.49621, 0.0947156
0.198051, 0.495933, 0.0974607
0.20744, 0.495284, 0.103878
0.216902, 0.494858, 0.108086
0.226388, 0.494521, 0.111419
0.235927, 0.494324, 0.113367
0.245498, 0.494206, 0.114531
0.255071, 0.4941, 0.115579
0.264692, 0.494091, 0.115663
0.274321, 0.494098, 0.115593
0.283957, 0.494116, 0.115416
0.293659, 0.494245, 0.114145
0.303389, 0.494412, 0.112493
0.313133, 0.494589, 0.110746
0.322985, 0.494922, 0.107452
0.332898, 0.495327, 0.103453
0.342845, 0.495756, 0.0992026
0.352974, 0.49642, 0.0926456
0.36316, 0.497126, 0.0856676
0.373483, 0.497977, 0.0772562
0.38399, 0.499025, 0.066895
0.395141, 0.500838, 0.0489731
0.407105, 0.503567, 0.0219903
0.684586, 0.505641, 0.00148726
0.69353, 0.504981, 0.00801086
-0.250344, 0.51705, 0.0181093
-0.239526, 0.514899, 0.0388331
-0.228716, 0.512584, 0.0611382
-0.218179, 0.5107, 0.0792866
-0.208008, 0.509539, 0.0904813
-0.198048, 0.508805, 0.0975451
-0.188254, 0.508446, 0.10101
-0.17852, 0.508219, 0.103196
-0.168834, 0.508109, 0.104259
-0.15918, 0.508088, 0.104454
-0.149557, 0.508171, 0.103659
-0.139926, 0.508237, 0.103019
-0.130261, 0.50818, 0.103568
-0.120604, 0.508145, 0.103906
-0.110955, 0.50814, 0.103959
-0.101303, 0.508125, 0.104105
-0.0916542, 0.508118, 0.104168
-0.0820042, 0.508105, 0.104296
-0.0723707, 0.508203, 0.103354
-0.0627388, 0.508345, 0.101981
-0.0530758, 0.508241, 0.102984
-0.0434122, 0.508083, 0.104502
-0.0337517, 0.507883, 0.106436
-0.0240989, 0.507684, 0.108349
-0.0144541, 0.507497, 0.110154
-0.00481644, 0.50733, 0.111762
0.00481482, 0.507159, 0.11341
0.0144397, 0.506994, 0.115003
0.02406, 0.506864, 0.116254
0.033676, 0.506743, 0.11742
0.0432874, 0.506623, 0.118576
0.0528946, 0.506506, 0.119699
0.0625071, 0.506467, 0.120072
0.0721223, 0.506459, 0.120156
0.0817399, 0.506467, 0.120075
0.091361, 0.506493, 0.119828
0.101011, 0.506657, 0.118241
0.110678, 0.506876, 0.11614
0.120354, 0.507093, 0.114046
0.13005, 0.507357, 0.1115
0.139765, 0.507651, 0.108669
0.149483, 0.507921, 0.106065
0.15922, 0.508218, 0.103206
0.168974, 0.50853, 0.100198
0.178629, 0.508529, 0.100208
0.188278, 0.508512, 0.100377
0.197924, 0.508488, 0.100609
0.207431, 0.508126, 0.104092
0.216886, 0.507675, 0.108439
0.226417, 0.507431, 0.110788
0.235951, 0.507215, 0.112864
0.245521, 0.50709, 0.114078
0.255073, 0.506937, 0.115546
0.264664, 0.506871, 0.11618
0.274294, 0.506882, 0.116078
0.28393, 0.506904, 0.115868
0.293633, 0.507038, 0.114578
0.30338, 0.507238, 0.112646
0.313131, 0.507432, 0.110777
0.322935, 0.507699, 0.108202
0.332858, 0.508131, 0.104039
0.34282, 0.508597, 0.0995498
0.352952, 0.509283, 0.0929465
0.363223, 0.510126, 0.0848193
0.373614, 0.511091, 0.0755277
0.384176, 0.512234, 0.0645099
0.39524, 0.513974, 0.0477433
0.406912, 0.516402, 0.024353
0.675965, 0.51972, -0.0076189
0.68353, 0.517975, 0.00919533
0.693218, 0.517865, 0.0102563
-0.260665, 0.531167, 0.00845528
-0.250153, 0.529735, 0.0219069
-0.239636, 0.528177, 0.0365472
-0.229003, 0.526218, 0.0549569
-0.218274, 0.523857, 0.0771437
-0.208058, 0.522565, 0.0892911
-0.1981, 0.521825, 0.0962439
-0.188286, 0.521407, 0.100171
-0.178553, 0.521182, 0.102288
-0.168867, 0.521076, 0.103286
-0.15921, 0.521051, 0.103516
-0.149594, 0.521166, 0.10244
-0.139964, 0.521245, 0.101694
-0.130322, 0.521286, 0.101306
-0.120658, 0.521243, 0.101715
-0.111001, 0.521223, 0.101902
-0.101349, 0.521221, 0.101922
-0.091696, 0.521219, 0.101938
-0.0820465, 0.521237, 0.101771
-0.0724144, 0.521383, 0.100392
-0.0627684, 0.521461, 0.0996671
-0.0530998, 0.521344, 0.100767
-0.0434322, 0.521185, 0.102256
-0.0337671, 0.520978, 0.1042
-0.0241096, 0.520767, 0.106182
-0.0144604, 0.520572, 0.108014
-0.00481862, 0.520409, 0.109553
0.00481702, 0.520236, 0.111172
0.0144462, 0.52006, 0.112829
0.0240706, 0.519925, 0.1141
0.0336901, 0.51979, 0.115364
0.0433042, 0.51965, 0.116682
0.0529138, 0.519518, 0.117927
0.0625289, 0.51947, 0.11837
0.0721457, 0.519449, 0.118576
0.0817632, 0.519437, 0.118686
0.0913831, 0.519441, 0.11865
0.101026, 0.519563, 0.1175
0.110678, 0.519708, 0.116141
0.120337, 0.519858, 0.114731
0.130014, 0.520057, 0.11286
0.139703, 0.520275, 0.110808
0.149403, 0.5205, 0.1087
0.159116, 0.520744, 0.106406
0.16885, 0.521021, 0.103798
0.178501, 0.521031, 0.103703
0.188108, 0.520915, 0.104798
0.197737, 0.520869, 0.105226
0.20734, 0.520762, 0.106236
0.216838, 0.520411, 0.109534
0.226377, 0.520186, 0.111644
0.235967, 0.52009, 0.112552
0.245534, 0.519953, 0.113832
0.255076, 0.519777, 0.115486
0.264632, 0.519641, 0.116771
0.274263, 0.519656, 0.116621
0.283911, 0.519701, 0.116203
0.293602, 0.51982, 0.115081
0.303375, 0.520071, 0.112725
0.313166, 0.520338, 0.110217
0.323016, 0.520683, 0.106977
0.332992, 0.521205, 0.102074
0.342978, 0.521713, 0.0973005
0.353132, 0.522442, 0.0904417
0.363397, 0.523291, 0.0824652
0.373791, 0.524278, 0.0731964
0.384399, 0.525508, 0.0616336
0.395754, 0.527672, 0.0412984
0.407229, 0.529889, 0.0204649
0.664461, 0.531569, 0.00468016
0.673063, 0.53059, 0.0138793
0.68303, 0.530699, 0.0128493
0.693546, 0.531227, 0.00789165
-0.260404, 0.543737, 0.0134573
-0.250088, 0.542674, 0.0232067
-0.239725, 0.541419, 0.0347104
-0.229303, 0.539918, 0.0484743
-0.218536, 0.537436, 0.0712452
-0.20829, 0.536064, 0.0838194
-0.198207, 0.534998, 0.0935955
-0.188391, 0.53458, 0.0974364
-0.178648, 0.534334, 0.0996923
-0.168918, 0.534103, 0.101803
-0.159271, 0.53412, 0.101647
-0.149661, 0.534274, 0.100239
-0.14001, 0.534292, 0.100075
-0.130364, 0.534332, 0.0997095
-0.120708, 0.534335, 0.0996766
-0.111049, 0.534322, 0.0997987
-0.101396, 0.534341, 0.0996261
-0.0917498, 0.534402, 0.0990634
-0.0821004, 0.534458, 0.098556
-0.0724643, 0.534625, 0.0970187
-0.0628145, 0.534729, 0.0960679
-0.0531412, 0.534633, 0.0969434
-0.0434664, 0.534475, 0.0983982
-0.0337937, 0.534262, 0.100346
-0.0241286, 0.534047, 0.102322
-0.0144718, 0.533845, 0.104171
-0.00482228, 0.533663, 0.105842
0.00482053, 0.53347, 0.107609
0.0144563, 0.533276, 0.109395
0.0240865, 0.533114, 0.110876
0.0337118, 0.532968, 0.112217
0.0433319, 0.532821, 0.113562
0.0529463, 0.532673, 0.114925
0.0625658, 0.532611, 0.115486
0.0721865, 0.532576, 0.115816
0.0818054, 0.532537, 0.116167
0.0914254, 0.532513, 0.116388
0.101064, 0.532592, 0.115663
0.110714, 0.532711, 0.114577
0.12037, 0.532837, 0.113418
0.130036, 0.532985, 0.112059
0.139709, 0.533141, 0.110628
0.149393, 0.533319, 0.109001
0.159091, 0.533516, 0.107187
0.168794, 0.533709, 0.10542
0.178449, 0.533739, 0.105146
0.188033, 0.533564, 0.10675
0.197648, 0.533488, 0.107445
0.207277, 0.533457, 0.107729
0.216842, 0.53327, 0.109449
0.226358, 0.532985, 0.112063
0.23594, 0.532872, 0.113095
0.245526, 0.532776, 0.11398
0.255068, 0.532595, 0.11564
0.264631, 0.53247, 0.116783
0.274299, 0.532557, 0.115985
0.283999, 0.532699, 0.114686
0.293727, 0.532883, 0.112999
0.303527, 0.533181, 0.110267
0.313338, 0.533478, 0.107539
0.323194, 0.533832, 0.104292
0.333164, 0.534351, 0.0995378
0.343168, 0.534891, 0.0945821
0.353369, 0.535702, 0.0871477
0.36368, 0.53663, 0.0786314
0.374189, 0.537795, 0.0679474
0.38501, 0.539339, 0.0537868
0.396466, 0.541674, 0.032373
0.407974, 0.543966, 0.0113587
0.418363, 0.544692, 0.00469494
0.655235, 0.545208, -3.62396e-05
0.663403, 0.543827, 0.0126338
0.672657, 0.543363, 0.0168858
0.682822, 0.543638, 0.0143671
0.693599, 0.544385, 0.00750971
-0.260442, 0.556919, 0.0127358
-0.250034, 0.555632, 0.0242667
-0.23981, 0.554664, 0.0329347
-0.229584, 0.553606, 0.0424047
-0.219117, 0.551851, 0.0581269
-0.208589, 0.54977, 0.0767603
-0.198497, 0.548692, 0.0864167
-0.188551, 0.547927, 0.0932622
-0.178764, 0.547567, 0.0964909
-0.169076, 0.547485, 0.0972252
-0.159359, 0.547294, 0.098927
-0.149722, 0.547372, 0.0982318
-0.140087, 0.547468, 0.0973768
-0.130418, 0.547433, 0.097682
-0.120774, 0.547508, 0.0970149
-0.111121, 0.547554, 0.0965986
-0.101454, 0.547531, 0.0968118
-0.0918091, 0.547633, 0.0958934
-0.0821646, 0.547764, 0.0947208
-0.0725325, 0.548023, 0.0924058
-0.0628826, 0.548207, 0.0907545
-0.0532039, 0.548162, 0.0911627
-0.0435188, 0.548014, 0.092485
-0.0338342, 0.547791, 0.0944815
-0.0241584, 0.547591, 0.0962687
-0.0144902, 0.547406, 0.0979285
-0.00482823, 0.547197, 0.0997996
0.00482618, 0.546965, 0.101882
0.0144728, 0.546747, 0.103827
0.0241123, 0.546547, 0.105625
0.0337451, 0.546348, 0.107401
0.0433719, 0.546165, 0.109046
0.0529944, 0.546003, 0.110494
0.0626185, 0.545905, 0.111372
0.0722421, 0.545829, 0.112054
0.0818641, 0.545761, 0.112662
0.0914892, 0.545725, 0.112982
0.101129, 0.545775, 0.112538
0.110775, 0.54585, 0.111867
0.120428, 0.545942, 0.111042
0.13009, 0.546058, 0.109996
0.139763, 0.546199, 0.108737
0.149442, 0.546349, 0.107396
0.159128, 0.546501, 0.106029
0.168819, 0.546653, 0.104669
0.178469, 0.546662, 0.10459
0.188055, 0.546485, 0.10618
0.197676, 0.546422, 0.106739
0.207311, 0.546402, 0.106923
0.216886, 0.546231, 0.10845
0.226401, 0.545931, 0.111139
0.235971, 0.545784, 0.112452
0.245557, 0.545682, 0.113371
0.255125, 0.545549, 0.114554
0.26475, 0.545545, 0.114595
0.274444, 0.545677, 0.113409
0.284153, 0.54583, 0.112042
0.293892, 0.546029, 0.110257
0.303716, 0.546367, 0.107235
0.313552, 0.546707, 0.104191
0.323449, 0.547127, 0.100425
0.333461, 0.547713, 0.0951786
0.343534, 0.548364, 0.0893526
0.353808, 0.54929, 0.0810561
0.364197, 0.550341, 0.071641
0.374776, 0.551619, 0.0602055
0.385683, 0.5533, 0.0451503
0.397095, 0.555606, 0.0244966
0.407807, 0.556845, 0.0134048
0.417889, 0.557185, 0.0103593
0.428037, 0.557597, 0.00667143
0.645521, 0.558466, -0.00111103
0.654418, 0.557649, 0.00619984
0.663023, 0.556612, 0.0154862
0.672619, 0.556424, 0.0171695
0.682745, 0.556674, 0.0149317
0.693666, 0.557556, 0.00703049
0.704431, 0.558291, 0.000456333
-0.260461, 0.570065, 0.0123725
-0.24999, 0.568604, 0.0251527
-0.239898, 0.567923, 0.031116
-0.229764, 0.567078, 0.0385098
-0.219618, 0.566127, 0.0468307
-0.209228, 0.56443, 0.0616751
-0.198918, 0.562793, 0.0759931
-0.188896, 0.561843, 0.0843058
-0.179044, 0.561326, 0.0888286
-0.1693, 0.561109, 0.0907269
-0.159578, 0.560941, 0.0921974
-0.14987, 0.560805, 0.0933886
-0.140198, 0.560794, 0.0934887
-0.130528, 0.560787, 0.0935512
-0.120869, 0.560833, 0.0931425
-0.111203, 0.560851, 0.0929842
-0.10152, 0.560778, 0.0936289
-0.0918708, 0.560896, 0.092597
-0.0822319, 0.561112, 0.0907011
-0.0726083, 0.561504, 0.0872726
-0.0629622, 0.561816, 0.0845408
-0.0532739, 0.561798, 0.0847006
-0.0435827, 0.561732, 0.0852823
-0.0338888, 0.561585, 0.0865655
-0.0241979, 0.561392, 0.0882525
-0.0145139, 0.561201, 0.089921
-0.00483624, 0.561001, 0.0916705
0.00483437, 0.560785, 0.0935683
0.0144971, 0.560551, 0.0956144
0.0241515, 0.560315, 0.0976739
0.033798, 0.560081, 0.0997243
0.0434364, 0.559847, 0.101774
0.053067, 0.559616, 0.10379
0.0626953, 0.559435, 0.105376
0.0723229, 0.559297, 0.106587
0.0819475, 0.559172, 0.10768
0.0915742, 0.559084, 0.108444
0.101219, 0.559117, 0.108161
0.110867, 0.559157, 0.107809
0.120517, 0.559198, 0.10745
0.130175, 0.559269, 0.106833
0.139847, 0.559387, 0.105794
0.149527, 0.559519, 0.104638
0.159212, 0.559653, 0.103468
0.168894, 0.559761, 0.102523
0.178545, 0.559763, 0.10251
0.188128, 0.559561, 0.104276
0.197761, 0.559519, 0.104641
0.207395, 0.559485, 0.104942
0.216956, 0.559264, 0.106868
0.226481, 0.558975, 0.109398
0.236044, 0.558797, 0.110956
0.245628, 0.558684, 0.111946
0.255251, 0.558662, 0.112138
0.264904, 0.558707, 0.111749
0.274627, 0.558891, 0.110137
0.284376, 0.559112, 0.108199
0.294175, 0.559415, 0.105551
0.304025, 0.559792, 0.102251
0.313874, 0.560145, 0.0991659
0.323804, 0.560616, 0.0950441
0.333822, 0.561209, 0.0898566
0.343972, 0.561982, 0.0830889
0.354308, 0.563009, 0.0741038
0.364828, 0.564267, 0.0630994
0.37555, 0.565763, 0.0500088
0.386489, 0.567503, 0.0347862
0.397679, 0.569516, 0.0171733
0.407815, 0.569958, 0.0133119
0.417561, 0.569848, 0.0142698
0.42751, 0.570013, 0.0128264
0.437574, 0.570321, 0.0101328
0.447854, 0.570891, 0.00514841
0.645562, 0.571643, -0.00143337
0.654169, 0.570553, 0.00810194
0.66296, 0.569654, 0.015964
0.672718, 0.569601, 0.0164356
0.682726, 0.569757, 0.015069
0.693803, 0.570789, 0.0060401
0.704275, 0.5713, 0.00156355
-0.260225, 0.582642, 0.0168858
-0.250033, 0.581777, 0.0242867
-0.239946, 0.581092, 0.0301385
-0.229905, 0.580469, 0.0354719
-0.219815, 0.579661, 0.0423861
-0.209785, 0.578941, 0.0485382
-0.199685, 0.57795, 0.0570154
-0.189605, 0.576918, 0.065845
-0.179585, 0.575967, 0.0739784
-0.169687, 0.575318, 0.0795245
-0.159895, 0.574976, 0.0824533
-0.150187, 0.574911, 0.0830064
-0.140467, 0.574784, 0.0840917
-0.130754, 0.574672, 0.0850539
-0.121018, 0.574434, 0.0870905
-0.111303, 0.574261, 0.0885706
-0.101627, 0.574272, 0.0884733
-0.0919603, 0.574349, 0.0878153
-0.0823128, 0.574576, 0.0858736
-0.0726818, 0.574993, 0.0823021
-0.0630378, 0.575422, 0.0786366
-0.0533494, 0.575527, 0.0777388
-0.0436508, 0.575543, 0.0775981
-0.0339465, 0.575474, 0.0781903
-0.0242438, 0.575386, 0.078948
-0.0145424, 0.57523, 0.080276
-0.00484598, 0.575054, 0.0817819
0.00484439, 0.574866, 0.083396
0.0145274, 0.574639, 0.0853367
0.0242011, 0.574373, 0.0876088
0.0338645, 0.574083, 0.090086
0.0435182, 0.573795, 0.0925527
0.0531639, 0.573526, 0.094851
0.0628052, 0.573299, 0.0967965
0.0724417, 0.573094, 0.0985446
0.0820748, 0.572914, 0.100082
0.0917048, 0.572753, 0.101465
0.10135, 0.572706, 0.101869
0.110997, 0.572678, 0.102102
0.120649, 0.572678, 0.102101
0.130305, 0.5727, 0.101916
0.139969, 0.572746, 0.101523
0.149644, 0.572831, 0.1008
0.159327, 0.572935, 0.0999084
0.169002, 0.572997, 0.0993752
0.178662, 0.573007, 0.0992885
0.188257, 0.572816, 0.100925
0.1979, 0.572784, 0.101196
0.20751, 0.572662, 0.10224
0.21703, 0.572316, 0.105204
0.226562, 0.57203, 0.107648
0.236128, 0.571848, 0.109201
0.245796, 0.571918, 0.108606
0.255466, 0.571987, 0.108011
0.265144, 0.572069, 0.107314
0.274895, 0.572297, 0.105365
0.284673, 0.572563, 0.103086
0.294493, 0.572893, 0.100266
0.304348, 0.573269, 0.0970545
0.314229, 0.573669, 0.0936255
0.32424, 0.574276, 0.0884404
0.334281, 0.574898, 0.0831161
0.344546, 0.575861, 0.0748792
0.355049, 0.577157, 0.0637937
0.365782, 0.578748, 0.0501881
0.376667, 0.580491, 0.0352831
0.387614, 0.582238, 0.0203414
0.398195, 0.583363, 0.0107164
0.408165, 0.583562, 0.00901985
0.417884, 0.583399, 0.010416
0.427314, 0.58285, 0.0151067
0.437134, 0.582845, 0.0151539
0.447432, 0.583464, 0.00985575
0.645833, 0.585029, -0.00352955
0.654113, 0.583619, 0.0085268
0.662993, 0.582779, 0.0157113
0.672846, 0.582806, 0.0154858
0.682868, 0.582976, 0.0140285
0.693965, 0.584046, 0.00487471
0.704294, 0.584449, 0.00142956
-0.260378, 0.596085, 0.0139608
-0.250123, 0.595065, 0.0224924
-0.240009, 0.594309, 0.0288186
-0.229985, 0.59372, 0.0337439
-0.219885, 0.592876, 0.0408039
-0.209931, 0.592363, 0.0450945
-0.199984, 0.591821, 0.0496278
-0.190061, 0.591301, 0.0539794
-0.180196, 0.590914, 0.0572147
-0.170317, 0.590433, 0.0612411
-0.160445, 0.589917, 0.0655522
-0.150643, 0.589613, 0.0680928
-0.14089, 0.589471, 0.0692816
-0.131129, 0.589271, 0.0709529
-0.121362, 0.589009, 0.0731497
-0.111578, 0.588617, 0.0764298
-0.101806, 0.588209, 0.0798364
-0.0920784, 0.588009, 0.0815096
-0.0823987, 0.588101, 0.0807447
-0.0727534, 0.588494, 0.0774565
-0.0631068, 0.588996, 0.0732541
-0.0534137, 0.58917, 0.0718007
-0.0437113, 0.589292, 0.0707827
-0.0339964, 0.589271, 0.07096
-0.0242806, 0.58921, 0.0714674
-0.0145682, 0.589201, 0.0715413
-0.00485553, 0.589136, 0.0720882
0.0048541, 0.588962, 0.0735431
0.0145587, 0.588817, 0.0747557
0.0242576, 0.588651, 0.0761437
0.0339425, 0.588337, 0.0787721
0.0436165, 0.588015, 0.0814662
0.053282, 0.587717, 0.0839529
0.0629396, 0.587436, 0.0863047
0.0725905, 0.587177, 0.0884767
0.0822334, 0.586921, 0.0906124
0.0918697, 0.586677, 0.0926561
0.101522, 0.586574, 0.0935163
0.111181, 0.586521, 0.0939584
0.120839, 0.586473, 0.0943575
0.130503, 0.58646, 0.09447
0.140171, 0.586464, 0.0944371
0.149837, 0.586461, 0.0944633
0.1595, 0.586444, 0.0946045
0.169161, 0.586424, 0.0947723
0.178812, 0.586376, 0.0951719
0.188418, 0.586188, 0.0967436
0.198058, 0.586124, 0.0972848
0.20759, 0.585757, 0.100354
0.217079, 0.585309, 0.104099
0.226635, 0.585072, 0.106081
0.236231, 0.584952, 0.107081
0.245949, 0.585134, 0.105561
0.255678, 0.585325, 0.103963
0.265409, 0.585508, 0.10243
0.275209, 0.585824, 0.0997863
0.285026, 0.586156, 0.0970125
0.294898, 0.586573, 0.0935268
0.304802, 0.587026, 0.0897322
0.314744, 0.587521, 0.0855923
0.324825, 0.58824, 0.0795794
0.335099, 0.589257, 0.0710788
0.345736, 0.590835, 0.0578737
0.356583, 0.592677, 0.0424671
0.36696, 0.593661, 0.0342402
0.378069, 0.595745, 0.0168047
0.4185, 0.597388, 0.0030632
0.427688, 0.596469, 0.0107493
0.436944, 0.595684, 0.0173125
0.446873, 0.595831, 0.0160828
0.457351, 0.596687, 0.00892401
0.646029, 0.598358, -0.00505018
0.654182, 0.596798, 0.00799704
0.663099, 0.59597, 0.0149188
0.672992, 0.596032, 0.0144048
0.683041, 0.596227, 0.0127711
0.694172, 0.597349, 0.0033865
0.704678, 0.597908, -0.00129223
-0.378369, 0.609322, 0.012846
-0.368335, 0.60898, 0.0156455
-0.358473, 0.608913, 0.0161963
-0.348946, 0.609427, 0.0119891
-0.339488, 0.610094, 0.00652409
-0.25024, 0.608428, 0.020165
-0.240086, 0.607564, 0.027235
-0.230017, 0.606853, 0.0330563
-0.219937, 0.606047, 0.0396476
-0.209912, 0.605329, 0.0455289
-0.20001, 0.604908, 0.0489697
-0.190178, 0.604667, 0.0509448
-0.180359, 0.604445, 0.052763
-0.170545, 0.604216, 0.0546374
-0.160735, 0.603975, 0.0566049
-0.150937, 0.603748, 0.0584683
-0.141172, 0.603632, 0.059413
-0.131424, 0.603577, 0.059865
-0.121674, 0.603505, 0.0604534
-0.111907, 0.603325, 0.0619259
-0.102129, 0.603045, 0.0642238
-0.092334, 0.602601, 0.0678539
-0.0825482, 0.602116, 0.0718203
-0.0728277, 0.602042, 0.0724335
-0.0631677, 0.602523, 0.0684953
-0.0534736, 0.602793, 0.0662804
-0.0437658, 0.602995, 0.0646305
-0.0340468, 0.603114, 0.0636539
-0.0243228, 0.603205, 0.0629125
-0.0145967, 0.603326, 0.0619168
-0.00486703, 0.60351, 0.0604162
0.00486689, 0.603492, 0.0605626
0.0145979, 0.603377, 0.0614996
0.0243251, 0.603263, 0.0624361
0.0340402, 0.602998, 0.0646014
0.0437379, 0.60261, 0.0677814
0.0534229, 0.602222, 0.0709534
0.0630966, 0.601845, 0.0740461
0.0727687, 0.601554, 0.0764208
0.0824306, 0.601259, 0.0788417
0.0920823, 0.600958, 0.0812993
0.101744, 0.600776, 0.0827923
0.111415, 0.600671, 0.0836515
0.121085, 0.60058, 0.0843987
0.130752, 0.60049, 0.0851316
0.140414, 0.600392, 0.0859327
0.150077, 0.600308, 0.0866213
0.159739, 0.600232, 0.0872469
0.169387, 0.600114, 0.088213
0.179028, 0.599985, 0.0892625
0.188637, 0.599768, 0.0910401
0.198238, 0.59955, 0.0928235
0.207703, 0.598958, 0.097672
0.217215, 0.598549, 0.101022
0.226788, 0.598334, 0.102778
0.236466, 0.598403, 0.102213
0.246245, 0.598714, 0.0996695
0.256021, 0.598993, 0.0973873
0.265817, 0.599295, 0.0949092
0.275654, 0.599669, 0.091855
0.285516, 0.600067, 0.0885954
0.295476, 0.600641, 0.0839
0.305524, 0.601348, 0.0781083
0.315722, 0.6023, 0.0703177
0.326186, 0.603687, 0.0589652
0.337041, 0.605697, 0.0425162
0.347326, 0.606597, 0.0351443
0.428199, 0.610307, 0.00478649
0.436978, 0.608823, 0.0169253
0.446536, 0.608466, 0.0198479
0.456714, 0.608952, 0.0158734
0.467241, 0.609873, 0.00833464
0.477548, 0.610474, 0.00341654
0.647004, 0.612431, -0.0126004
0.654246, 0.609974, 0.00751019
0.663222, 0.609182, 0.0139914
0.673219, 0.609337, 0.0127206
0.683298, 0.609561, 0.0108886
0.694616, 0.610868, 0.000190735
0.705101, 0.611416, -0.0042944
-0.387955, 0.622037, 0.0159607
-0.377784, 0.621463, 0.0205574
-0.367823, 0.621212, 0.0225716
-0.358016, 0.621214, 0.022553
-0.348341, 0.621454, 0.0206294
-0.338976, 0.622274, 0.0140591
-0.250535, 0.622244, 0.0142999
-0.240147, 0.620789, 0.0259609
-0.23006, 0.62002, 0.0321198
-0.219878, 0.618916, 0.0409698
-0.209866, 0.618211, 0.0466137
-0.200006, 0.617906, 0.0490594
-0.190202, 0.617751, 0.0503054
-0.180405, 0.617604, 0.0514755
-0.170615, 0.617463, 0.0526056
-0.160831, 0.617332, 0.053659
-0.151052, 0.617202, 0.0547028
-0.141282, 0.617096, 0.0555477
-0.131527, 0.61704, 0.0559969
-0.121793, 0.617085, 0.0556397
-0.112098, 0.61735, 0.0535154
-0.102406, 0.617687, 0.0508127
-0.09263, 0.617533, 0.0520473
-0.0828271, 0.617144, 0.0551682
-0.0730265, 0.616668, 0.0589809
-0.063256, 0.616341, 0.0616021
-0.0535533, 0.616675, 0.0589237
-0.0438402, 0.61701, 0.0562396
-0.0341177, 0.617369, 0.0533662
-0.0243828, 0.617698, 0.050724
-0.0146366, 0.617987, 0.0484095
-0.00488136, 0.618303, 0.0458798
0.00488355, 0.618581, 0.0436492
0.0146485, 0.618488, 0.0443954
0.0244051, 0.618262, 0.0462041
0.0341554, 0.61805, 0.0479083
0.0438923, 0.617743, 0.0503678
0.0536064, 0.617287, 0.0540228
0.0633064, 0.616832, 0.0576682
0.0729929, 0.616385, 0.0612507
0.0826779, 0.616032, 0.0640779
0.0923553, 0.615702, 0.0667181
0.102025, 0.615391, 0.0692086
0.111706, 0.615192, 0.0708017
0.121383, 0.615007, 0.0722861
0.13106, 0.614849, 0.0735521
0.140735, 0.614705, 0.0747108
0.150406, 0.614563, 0.0758433
0.16007, 0.614412, 0.0770574
0.169733, 0.614271, 0.0781822
0.179375, 0.614076, 0.0797453
0.189004, 0.613859, 0.0814834
0.198594, 0.613543, 0.0840154
0.208107, 0.613029, 0.0881395
0.217614, 0.612542, 0.0920386
0.227207, 0.612331, 0.0937262
0.236916, 0.612436, 0.0928869
0.246718, 0.612765, 0.0902557
0.256528, 0.613085, 0.0876904
0.266397, 0.613521, 0.0841951
0.276379, 0.614176, 0.0789485
0.286401, 0.614873, 0.0733604
0.296526, 0.615737, 0.0664401
0.306945, 0.617139, 0.0552049
0.317413, 0.618548, 0.0439157
0.327694, 0.619521, 0.0361223
0.428221, 0.623464, 0.00452566
0.437507, 0.622669, 0.0108981
0.446495, 0.621495, 0.0203018
0.456205, 0.621354, 0.0214324
0.46622, 0.621627, 0.0192471
0.476444, 0.62216, 0.0149722
0.48674, 0.622765, 0.0101275
0.497296, 0.623671, 0.0028677
0.617636, 0.625871, -0.0147629
0.627743, 0.626095, -0.0165563
0.636141, 0.624634, -0.00485039
0.645109, 0.62377, 0.00207758
0.654007, 0.622864, 0.00933504
0.663363, 0.622415, 0.0129337
0.67351, 0.62271, 0.0105686
0.683614, 0.622958, 0.00858212
0.695115, 0.624453, -0.00340223
0.705444, 0.624869, -0.0067296
-0.397773, 0.635126, 0.016006
-0.387737, 0.634776, 0.018755
-0.377657, 0.634334, 0.0222287
-0.367745, 0.634155, 0.0236297
-0.357862, 0.63402, 0.0246902
-0.348103, 0.634103, 0.0240364
-0.338585, 0.634642, 0.0198083
-0.329347, 0.635755, 0.0110745
-0.250525, 0.635319, 0.0144949
-0.240166, 0.633908, 0.025568
-0.230046, 0.633035, 0.0324211
-0.219812, 0.631755, 0.0424604
-0.209848, 0.631172, 0.0470395
-0.200027, 0.63098, 0.0485411
-0.19024, 0.630883, 0.0493083
-0.180471, 0.630836, 0.0496721
-0.170687, 0.630729, 0.0505152
-0.160902, 0.630607, 0.0514722
-0.151122, 0.630488, 0.0524073
-0.141347, 0.630375, 0.0532889
-0.131595, 0.630355, 0.0534511
-0.121875, 0.630502, 0.0522981
-0.1122, 0.630922, 0.0489993
-0.102535, 0.631486, 0.0445762
-0.0928492, 0.632026, 0.0403357
-0.0831118, 0.632302, 0.0381737
-0.0733361, 0.63232, 0.0380316
-0.0635436, 0.632177, 0.0391493
-0.0537467, 0.631931, 0.0410786
-0.0439755, 0.631943, 0.0409842
-0.0342218, 0.632289, 0.0382724
-0.0244606, 0.632715, 0.0349298
-0.0146855, 0.633104, 0.0318785
-0.00489875, 0.633569, 0.0282316
0.00490207, 0.633998, 0.0248613
0.0147152, 0.634385, 0.0218225
0.0245276, 0.634448, 0.0213299
0.0343239, 0.634174, 0.0234776
0.044103, 0.633776, 0.0266008
0.0538564, 0.633221, 0.0309615
0.0635959, 0.632698, 0.0350652
0.0733291, 0.632259, 0.0385079
0.0830456, 0.631798, 0.0421238
0.0927556, 0.631389, 0.0453367
0.102442, 0.630913, 0.0490689
0.112125, 0.630498, 0.0523295
0.121812, 0.630175, 0.0548639
0.131501, 0.629906, 0.0569768
0.141189, 0.629673, 0.058805
0.150871, 0.629442, 0.0606174
0.160542, 0.629196, 0.0625467
0.170214, 0.628981, 0.0642309
0.179891, 0.628809, 0.0655804
0.189564, 0.628638, 0.0669203
0.199221, 0.628436, 0.068511
0.208859, 0.628195, 0.0704017
0.218502, 0.627992, 0.0719957
0.228175, 0.627885, 0.0728288
0.237866, 0.627838, 0.0732026
0.247704, 0.628163, 0.0706482
0.257594, 0.628594, 0.0672703
0.267543, 0.629131, 0.0630531
0.277639, 0.629965, 0.0565076
0.288028, 0.631384, 0.045373
0.297782, 0.631363, 0.045536
0.308609, 0.633546, 0.0284081
0.438044, 0.636559, 0.00476742
0.447084, 0.635416, 0.0137324
0.456276, 0.634535, 0.0206475
0.465923, 0.634309, 0.0224209
0.475794, 0.634393, 0.0217662
0.485808, 0.634659, 0.0196776
0.495965, 0.635097, 0.0162373
0.506495, 0.635987, 0.00925064
0.516931, 0.636728, 0.00344276
0.52741, 0.637492, -0.00255537
0.537744, 0.638057, -0.00698996
0.547793, 0.638269, -0.0086565
0.557635, 0.638237, -0.00840616
0.567474, 0.638202, -0.00812721
0.577213, 0.638059, -0.00700235
0.587274, 0.63827, -0.00866032
0.596895, 0.638003, -0.00656891
0.60628, 0.637497, -0.00259638
0.615637, 0.636979, 0.00147152
0.624938, 0.63642, 0.00585842
0.634465, 0.636104, 0.00833511
0.644008, 0.635814, 0.0106082
0.653769, 0.635745, 0.0111518
0.66379, 0.635927, 0.00972557
0.673828, 0.63612, 0.00821209
0.684894, 0.637263, -0.000761986
0.695559, 0.638007, -0.00659847
-0.397507, 0.647789, 0.0193353
-0.387598, 0.647631, 0.0205488
-0.377646, 0.647394, 0.0223746
-0.367768, 0.647271, 0.0233159
-0.357831, 0.647037, 0.0251131
-0.347961, 0.646914, 0.0260625
-0.338226, 0.647041, 0.0250869
-0.328754, 0.647694, 0.0200672
-0.319396, 0.64862, 0.012948
-0.309807, 0.649119, 0.00911188
-0.25038, 0.648043, 0.0173783
-0.240165, 0.646976, 0.0255847
-0.230032, 0.646047, 0.0327258
-0.219803, 0.644755, 0.0426607
-0.209869, 0.64425, 0.0465417
-0.200073, 0.644136, 0.0474238
-0.190298, 0.644087, 0.0477986
-0.180528, 0.644047, 0.0481038
-0.170753, 0.643983, 0.0485945
-0.160969, 0.643877, 0.0494156
-0.151187, 0.643762, 0.0502977
-0.141406, 0.643641, 0.0512238
-0.13167, 0.643721, 0.0506148
-0.121961, 0.643954, 0.0488229
-0.112281, 0.644396, 0.0454187
-0.102639, 0.645156, 0.0395746
-0.0930076, 0.646158, 0.0318727
-0.0833283, 0.64702, 0.0252466
-0.0736164, 0.647824, 0.0190682
-0.0638482, 0.648305, 0.0153661
-0.0540585, 0.648703, 0.0123096
-0.0442393, 0.648843, 0.0112324
-0.0344196, 0.649055, 0.00960398
-0.024601, 0.649468, 0.00642347
0.0835745, 0.648932, 0.0105476
0.0933185, 0.648318, 0.0152698
0.103009, 0.647485, 0.0216718
0.112687, 0.646727, 0.0274968
0.122381, 0.646172, 0.0317645
0.13205, 0.645576, 0.0363469
0.141708, 0.645016, 0.0406518
0.151375, 0.644565, 0.0441222
0.161594, 0.646376, 0.0302005
0.171136, 0.645426, 0.0375013
0.180835, 0.64514, 0.0396981
0.190525, 0.644855, 0.0418911
0.200246, 0.644695, 0.0431256
0.209959, 0.644525, 0.0444317
0.219673, 0.644374, 0.0455933
0.229454, 0.644425, 0.0452003
0.239342, 0.644758, 0.0426393
0.249095, 0.644717, 0.0429535
0.258687, 0.644276, 0.0463452
0.268941, 0.645459, 0.0372491
0.447864, 0.649649, 0.00503635
0.457206, 0.648937, 0.0105085
0.466408, 0.648062, 0.0172343
0.475937, 0.647667, 0.0202699
0.485667, 0.647555, 0.0211291
0.495568, 0.647673, 0.0202274
0.505589, 0.64794, 0.0181761
0.515701, 0.648309, 0.0153351
0.525867, 0.648732, 0.0120802
0.535985, 0.649082, 0.00938988
0.546057, 0.649365, 0.00721884
0.555829, 0.649287, 0.00781775
0.565652, 0.64927, 0.00794554
0.575475, 0.649253, 0.00807619
0.585297, 0.649237, 0.0082016
0.595043, 0.649137, 0.0089674
0.604788, 0.64904, 0.00971174
0.61455, 0.648965, 0.0102935
0.624404, 0.648986, 0.0101271
0.634317, 0.649068, 0.00950003
0.644344, 0.649263, 0.0080018
0.654344, 0.649424, 0.00676394
0.664276, 0.649514, 0.00607061
0.674957, 0.650323, -0.000149727
0.685807, 0.651269, -0.00742483
0.695832, 0.651417, -0.0085597
-0.387703, 0.660894, 0.0191984
-0.377697, 0.66056, 0.0217109
-0.3678, 0.660406, 0.0228772
-0.357841, 0.660127, 0.0249758
-0.347865, 0.659801, 0.0274329
-0.33805, 0.65977, 0.0276699
-0.328295, 0.659856, 0.0270176
-0.318759, 0.660404, 0.0228915
-0.309255, 0.661054, 0.0179915
-0.299907, 0.66209, 0.010181
-0.26085, 0.662789, 0.00491714
-0.250315, 0.660963, 0.0186782
-0.240171, 0.660062, 0.0254688
-0.230038, 0.659117, 0.0325923
-0.219831, 0.657864, 0.0420284
-0.209914, 0.657405, 0.0454936
-0.200141, 0.657373, 0.0457335
-0.19037, 0.657345, 0.0459452
-0.180596, 0.657304, 0.0462527
-0.170818, 0.657241, 0.0467253
-0.161027, 0.657122, 0.047626
-0.151231, 0.656958, 0.0488572
-0.141466, 0.656921, 0.0491381
-0.131749, 0.657116, 0.0476704
-0.122057, 0.657479, 0.0449324
-0.112382, 0.658002, 0.0409913
-0.102747, 0.658887, 0.0343189
-0.0931434, 0.660174, 0.0246215
-0.083523, 0.661634, 0.0136228
-0.0737484, 0.662096, 0.0101352
-0.0639294, 0.662243, 0.00903034
0.458124, 0.663377, 0.00048399
0.467702, 0.662988, 0.00341606
0.477026, 0.662263, 0.00887585
0.4862, 0.661363, 0.0156593
0.495846, 0.661128, 0.0174322
0.505616, 0.661064, 0.0179143
0.51553, 0.661187, 0.0169864
0.525491, 0.661365, 0.0156465
0.535445, 0.661528, 0.0144176
0.545395, 0.661681, 0.0132666
0.555327, 0.661806, 0.0123262
0.565256, 0.661922, 0.0114474
0.575192, 0.662045, 0.0105233
0.585126, 0.66216, 0.00965786
0.595071, 0.662283, 0.00872707
0.60506, 0.66245, 0.0074687
0.615031, 0.662593, 0.00638914
0.624996, 0.662725, 0.00539732
0.63491, 0.6628, 0.0048337
0.644876, 0.662926, 0.00388384
0.655418, 0.663631, -0.00143242
0.666057, 0.664412, -0.00731802
0.67611, 0.664594, -0.00869179
0.686291, 0.664896, -0.0109649
-0.387969, 0.674444, 0.0157704
-0.377851, 0.673915, 0.0196805
-0.367802, 0.673487, 0.0228491
-0.357852, 0.673219, 0.024827
-0.34783, 0.672797, 0.027946
-0.337856, 0.672447, 0.0305328
-0.328046, 0.672413, 0.0307846
-0.318236, 0.672374, 0.0310688
-0.308591, 0.672696, 0.0286894
-0.299048, 0.673267, 0.0244727
-0.289781, 0.674518, 0.0152245
-0.280235, 0.675187, 0.0102868
-0.260806, 0.675798, 0.00576878
-0.250278, 0.673952, 0.0194111
-0.240183, 0.673165, 0.0252233
-0.230019, 0.672112, 0.0330071
-0.219847, 0.670941, 0.0416613
-0.209964, 0.670584, 0.0443001
-0.200195, 0.670571, 0.044394
-0.190424, 0.670551, 0.0445447
-0.180656, 0.670543, 0.0446014
-0.17087, 0.670461, 0.045207
-0.161066, 0.670294, 0.0464468
-0.15126, 0.6701, 0.0478778
-0.141523, 0.670203, 0.0471148
-0.131823, 0.670509, 0.0448546
-0.122139, 0.670951, 0.0415845
-0.112485, 0.671648, 0.0364389
-0.102875, 0.672768, 0.0281634
-0.0932876, 0.674289, 0.0169196
-0.0835782, 0.675181, 0.0103273
0.477793, 0.676463, 0.0008564
0.487661, 0.676486, 0.000683308
0.497057, 0.675866, 0.00526285
0.506627, 0.675503, 0.00794983
0.516142, 0.675081, 0.0110641
0.52596, 0.675064, 0.0111914
0.535881, 0.675177, 0.010355
0.54585, 0.675346, 0.00910854
0.555853, 0.67555, 0.00760078
0.565849, 0.675739, 0.00620604
0.575835, 0.675908, 0.00495291
0.585792, 0.67604, 0.00398016
0.595774, 0.676195, 0.0028367
0.60574, 0.676327, 0.00185585
0.616104, 0.676893, -0.00232363
0.62612, 0.677064, -0.00358677
0.636337, 0.677444, -0.00639868
0.646571, 0.67783, -0.00924921
0.656586, 0.677978, -0.0103426
0.666556, 0.678076, -0.0110693
-0.378051, 0.687365, 0.0170417
-0.367904, 0.686754, 0.0214715
-0.357839, 0.686266, 0.0250096
-0.347823, 0.685848, 0.0280414
-0.337764, 0.685318, 0.0318832
-0.327816, 0.684988, 0.0342765
-0.317971, 0.684862, 0.035192
-0.308099, 0.684665, 0.0366187
-0.29831, 0.684647, 0.0367508
-0.288637, 0.684902, 0.0348973
-0.279255, 0.68589, 0.0277386
-0.270706, 0.68907, 0.00468349
-0.261784, 0.691506, -0.0129743
-0.250205, 0.686839, 0.0208602
-0.240143, 0.686122, 0.0260544
-0.229958, 0.68498, 0.0343308
-0.219853, 0.683987, 0.0415325
-0.210015, 0.683769, 0.0431118
-0.200243, 0.683757, 0.0432
-0.19047, 0.683739, 0.0433278
-0.180693, 0.683705, 0.0435753
-0.170893, 0.683572, 0.044538
-0.161075, 0.683347, 0.0461721
-0.151304, 0.683308, 0.0464578
-0.14159, 0.683537, 0.0447907
-0.131893, 0.683889, 0.042244
-0.12223, 0.684487, 0.0379119
-0.112627, 0.685555, 0.0301623
-0.103017, 0.68678, 0.0212836
-0.0933841, 0.688094, 0.0117612
0.498116, 0.690458, -0.0053792
0.507694, 0.690069, -0.00255823
0.517842, 0.690456, -0.0053606
0.527676, 0.690417, -0.00507736
0.537179, 0.689955, -0.00172949
0.547089, 0.690023, -0.00222206
0.557062, 0.690166, -0.00325966
0.567047, 0.690318, -0.00436401
0.577397, 0.690902, -0.00859737
0.587335, 0.690983, -0.00918293
0.597303, 0.691094, -0.00998878
0.607293, 0.691228, -0.0109606
0.617162, 0.691221, -0.0109129
0.626983, 0.691162, -0.0104814
0.637082, 0.691407, -0.0122566
-0.378124, 0.700593, 0.0160804
-0.367992, 0.700002, 0.0202832
-0.357854, 0.699368, 0.0247984
-0.347727, 0.698719, 0.0294147
-0.337689, 0.698218, 0.0329785
-0.327653, 0.69769, 0.0367355
-0.317706, 0.697323, 0.0393438
-0.307794, 0.697016, 0.0415297
-0.298026, 0.697022, 0.0414867
-0.288329, 0.697201, 0.0402107
-0.278683, 0.697521, 0.0379343
-0.269087, 0.697996, 0.0345569
-0.260129, 0.70022, 0.0187335
-0.25013, 0.69971, 0.0223584
-0.239999, 0.698772, 0.029037
-0.229794, 0.69753, 0.0378723
-0.219868, 0.697063, 0.0411954
-0.210065, 0.696958, 0.0419359
-0.200285, 0.696928, 0.0421543
-0.190504, 0.696888, 0.0424371
-0.180711, 0.696794, 0.0431056
-0.170896, 0.696604, 0.0444565
-0.161098, 0.696464, 0.0454521
-0.151369, 0.696624, 0.0443187
-0.141674, 0.69697, 0.0418534
-0.132005, 0.697506, 0.038043
-0.122401, 0.698501, 0.0309644
-0.112794, 0.699647, 0.0228076
-0.10316, 0.70083, 0.0143914
-0.0934181, 0.701455, 0.00994682
0.547951, 0.704273, -0.0100956
0.558057, 0.704567, -0.0121899
-0.368105, 0.713306, 0.0187488
-0.357873, 0.712478, 0.0245333
-0.347637, 0.711594, 0.0307035
-0.337424, 0.71071, 0.0368795
-0.327441, 0.71027, 0.0399518
-0.31753, 0.709965, 0.0420804
-0.307696, 0.709817, 0.0431166
-0.297919, 0.709796, 0.0432649
-0.28822, 0.709966, 0.0420737
-0.278555, 0.710234, 0.040206
-0.268894, 0.710532, 0.0381246
-0.259418, 0.711359, 0.0323477
-0.250025, 0.712488, 0.0244598
-0.239783, 0.711193, 0.0335064
-0.229719, 0.710337, 0.0394845
-0.219889, 0.710159, 0.0407248
-0.2101, 0.710105, 0.0411062
-0.200313, 0.710051, 0.041482
-0.190515, 0.709952, 0.0421739
-0.180696, 0.709762, 0.0434976
-0.170896, 0.709626, 0.0444469
-0.161158, 0.709747, 0.0436068
-0.151464, 0.710087, 0.0412283
-0.141803, 0.710644, 0.037343
-0.132223, 0.711719, 0.0298328
-0.122626, 0.712863, 0.0218434
-0.112994, 0.713992, 0.013957
-0.103243, 0.714509, 0.0103526
-0.368208, 0.726596, 0.0173645
-0.357916, 0.725637, 0.023941
-0.347623, 0.724622, 0.0309038
-0.337356, 0.723604, 0.0378847
-0.327333, 0.723064, 0.0415835
-0.31745, 0.722809, 0.0433345
-0.307629, 0.722685, 0.0441852
-0.297857, 0.722669, 0.0442967
-0.288138, 0.722787, 0.0434885
-0.278454, 0.723002, 0.0420103
-0.268784, 0.723274, 0.0401473
-0.25915, 0.723664, 0.0374732
-0.24985, 0.725054, 0.0279379
-0.239643, 0.72382, 0.0363994
-0.229717, 0.723363, 0.0395379
-0.219916, 0.723279, 0.0401139
-0.210119, 0.723201, 0.0406461
-0.200316, 0.723092, 0.0413952
-0.190495, 0.722906, 0.0426722
-0.180696, 0.722784, 0.0435085
-0.170974, 0.722977, 0.0421858
-0.161294, 0.723377, 0.0394402
-0.151647, 0.723991, 0.0352268
-0.142062, 0.725006, 0.0282674
-0.132464, 0.726099, 0.0207715
-0.122845, 0.727241, 0.0129457
-0.113082, 0.727656, 0.0100994
-0.358063, 0.739017, 0.0218873
-0.347709, 0.737862, 0.0296645
-0.337433, 0.736811, 0.036746
-0.327244, 0.735892, 0.0429382
-0.317368, 0.735642, 0.0446191
-0.307566, 0.735556, 0.0452018
-0.297807, 0.735567, 0.0451255
-0.288079, 0.73566, 0.0444961
-0.278381, 0.735838, 0.043303
-0.268709, 0.736101, 0.0415273
-0.259109, 0.736585, 0.0382667
-0.249627, 0.737459, 0.0323806
-0.239573, 0.736648, 0.0378456
-0.229737, 0.736463, 0.0390892
-0.219924, 0.736338, 0.0399284
-0.210109, 0.736196, 0.0408907
-0.200282, 0.735996, 0.0422354
-0.190493, 0.735921, 0.0427389
-0.180795, 0.736209, 0.0407996
-0.171153, 0.736771, 0.0370164
-0.161557, 0.737612, 0.0313487
-0.151979, 0.738653, 0.0243363
-0.142347, 0.739552, 0.0182815
-0.132695, 0.740471, 0.0120935
-0.122891, 0.740625, 0.0110517
-0.358069, 0.752108, 0.021811
-0.347651, 0.750796, 0.0304976
-0.337617, 0.75026, 0.03404
-0.327141, 0.74868, 0.0444999
-0.317287, 0.748472, 0.0458751
-0.307504, 0.748422, 0.0462103
-0.297767, 0.748487, 0.0457816
-0.288052, 0.748609, 0.0449677
-0.278358, 0.7488, 0.043704
-0.268695, 0.74909, 0.0417862
-0.259145, 0.749729, 0.0375586
-0.249436, 0.74994, 0.0361643
-0.239567, 0.749665, 0.0379801
-0.229729, 0.749469, 0.0392804
-0.219892, 0.749263, 0.0406456
-0.21006, 0.749051, 0.0420423
-0.200288, 0.749045, 0.0420876
-0.190626, 0.749471, 0.0392637
-0.18104, 0.750257, 0.0340638
-0.171488, 0.751279, 0.0272994
-0.161865, 0.752101, 0.0218549
-0.152234, 0.752984, 0.0160103
-0.142543, 0.753675, 0.0114388
-0.13277, 0.754004, 0.00926256
-0.357784, 0.76458, 0.0257697
-0.347138, 0.762726, 0.0378337
-0.337072, 0.762077, 0.0420542
-0.327115, 0.761641, 0.044889
-0.317247, 0.761393, 0.0465002
-0.30749, 0.761404, 0.0464315
-0.297763, 0.761492, 0.045856
-0.288054, 0.761633, 0.0449414
-0.278364, 0.761838, 0.0436087
-0.268751, 0.762275, 0.0407667
-0.259084, 0.762588, 0.0387301
-0.249295, 0.762548, 0.0389876
-0.239486, 0.762444, 0.0396652
-0.229667, 0.762297, 0.0406189
-0.219842, 0.762117, 0.0417905
-0.210105, 0.76224, 0.0409889
-0.200488, 0.76283, 0.0371504
-0.190966, 0.763866, 0.0304155
-0.181405, 0.764843, 0.0240579
-0.17177, 0.765603, 0.0191107
-0.162131, 0.766439, 0.0136771
-0.152393, 0.766881, 0.0108008
-0.347385, 0.776315, 0.034307
-0.337104, 0.775176, 0.0415921
-0.327105, 0.774637, 0.0450397
-0.317282, 0.774494, 0.0459557
-0.307524, 0.774505, 0.0458846
-0.297796, 0.774594, 0.0453119
-0.288095, 0.774763, 0.0442352
-0.278443, 0.775081, 0.0421996
-0.268747, 0.775295, 0.0408287
-0.258979, 0.77531, 0.0407372
-0.249191, 0.77526, 0.0410519
-0.239399, 0.775196, 0.041461
-0.229637, 0.775227, 0.0412679
-0.219958, 0.775556, 0.0391631
-0.210404, 0.776373, 0.0339322
-0.200913, 0.777515, 0.0266275
-0.19133, 0.778404, 0.0209446
-0.181708, 0.779214, 0.0157609
-0.172012, 0.779786, 0.0121026
-0.162207, 0.779902, 0.0113602
-0.348694, 0.792338, 0.0155873
-0.337769, 0.789759, 0.0318112
-0.327332, 0.788202, 0.0416059
-0.317378, 0.787749, 0.0444555
-0.307609, 0.78774, 0.0445104
-0.297898, 0.787884, 0.0436049
-0.288184, 0.788028, 0.0426984
-0.278434, 0.788083, 0.0423532
-0.268676, 0.788117, 0.0421419
-0.25893, 0.788189, 0.0416832
-0.249187, 0.788279, 0.0411224
-0.23951, 0.788592, 0.0391488
-0.229947, 0.789323, 0.0345531
-0.220434, 0.790298, 0.028419
-0.210902, 0.791293, 0.0221596
-0.201329, 0.792223, 0.0163093
-0.19167, 0.79289, 0.012115
-0.181876, 0.793043, 0.0111518
-0.348607, 0.805233, 0.0168328
-0.338624, 0.804845, 0.0192366
-0.328203, 0.803363, 0.0284028
-0.317592, 0.801309, 0.0411196
-0.307608, 0.800758, 0.0445294
-0.297875, 0.800846, 0.0439844
-0.288189, 0.801069, 0.042603
-0.278512, 0.801331, 0.0409789
-0.268871, 0.801724, 0.038548
-0.259273, 0.802279, 0.0351133
-0.24974, 0.803086, 0.030118
-0.240192, 0.803908, 0.025034
-0.230654, 0.804835, 0.0192947
-0.221021, 0.805498, 0.0151958
-0.21132, 0.805964, 0.0123091
-0.201502, 0.806006, 0.0120482
-0.338032, 0.816503, 0.0279322
-0.327417, 0.81447, 0.0403137
-0.316981, 0.812771, 0.0506606
-0.307502, 0.813496, 0.0462451
-0.298407, 0.815319, 0.0351458
-0.288957, 0.816262, 0.0294027
-0.279403, 0.816967, 0.0251107
-0.269792, 0.81755, 0.0215578
-0.260176, 0.818163, 0.0178285
-0.250468, 0.818524, 0.0156269
-0.240705, 0.818724, 0.0144129
-0.231004, 0.819163, 0.0117388
-0.336742, 0.826402, 0.0469084
-0.326695, 0.825678, 0.0512471
-0.317062, 0.825988, 0.0493879
-0.34623, 0.838753, 0.0508161
-0.33657, 0.838986, 0.0494466
