-0.0547685, 0.00663856, -0.0531988
-0.0447953, 0.00663628, -0.0514669
-0.0349218, 0.00665172, -0.0632153
-0.0250351, 0.00667598, -0.0816841
0.393505, 0.00647739, 0.0694818
0.402313, 0.00646281, 0.0805831
0.411386, 0.00645307, 0.0879965
0.420907, 0.00645063, 0.0898523
0.430755, 0.00645321, 0.0878906
0.440768, 0.00645808, 0.0841804
0.451014, 0.00646609, 0.0780802
-0.0548296, 0.019938, -0.0588331
-0.0447819, 0.019903, -0.0499473
-0.0347767, 0.0198724, -0.0421782
-0.0248334, 0.0198667, -0.0407348
-0.0149024, 0.0198697, -0.0415006
-0.00496923, 0.0198768, -0.0433054
0.0049729, 0.0198915, -0.0470333
0.393928, 0.0194532, 0.0641732
0.402723, 0.0194083, 0.0755634
0.411606, 0.0193697, 0.0853744
0.420979, 0.0193553, 0.0890164
0.430692, 0.0193569, 0.0886064
0.440652, 0.0193693, 0.0854735
0.450812, 0.0193897, 0.0802794
0.461042, 0.0194122, 0.0745687
-0.0448235, 0.0332025, -0.0546422
-0.0348241, 0.0331657, -0.0490427
-0.0248517, 0.0331356, -0.0444598
-0.0149107, 0.0331346, -0.0443096
-0.00497118, 0.0331411, -0.0452862
0.00498381, 0.0332252, -0.0580978
0.403809, 0.0324344, 0.0622907
0.412404, 0.0323454, 0.0758452
0.421396, 0.0322909, 0.0841465
0.430824, 0.0322714, 0.0871096
0.440653, 0.0322823, 0.0854535
0.450726, 0.0323101, 0.081224
0.461138, 0.0323605, 0.0735412
-0.0348873, 0.0465163, -0.0582056
-0.0248898, 0.046461, -0.0521927
-0.0149258, 0.0464356, -0.049427
-0.00497671, 0.0464491, -0.0508914
0.00498527, 0.046529, -0.0595841
0.413075, 0.0453573, 0.0678301
0.421956, 0.0452672, 0.0776196
0.431355, 0.0452357, 0.0810518
0.441086, 0.0452396, 0.0806274
0.451197, 0.0452814, 0.0760794
0.461396, 0.0453301, 0.0707817
-0.0249138, 0.0597931, -0.0570526
-0.0149382, 0.0597526, -0.0536318
-0.00498175, 0.0597808, -0.0560145
0.41279, 0.0582762, 0.0712352
0.421959, 0.0582013, 0.0775752
0.431558, 0.0581875, 0.0787387
0.441789, 0.0582578, 0.0727916
0.451847, 0.0583028, 0.0689921
-0.460614, 0.0711123, 0.0791421
-0.449866, 0.0709466, 0.0906086
-0.439606, 0.0708523, 0.0971336
-0.429947, 0.0708528, 0.0971003
-0.420501, 0.070889, 0.0945902
-0.0349447, 0.0732173, -0.0665255
-0.0249146, 0.0730829, -0.0572205
-0.0149435, 0.0730567, -0.0554099
-0.00498395, 0.0730977, -0.0582466
0.00498927, 0.0731756, -0.0636387
0.403046, 0.071221, 0.0716209
0.412345, 0.0711497, 0.0765538
0.421869, 0.0711197, 0.0786257
0.431846, 0.0711656, 0.0754533
0.442126, 0.0712584, 0.0690293
-0.461358, 0.0841776, 0.0711913
-0.450508, 0.0839657, 0.0835943
-0.439782, 0.083768, 0.0951738
-0.429988, 0.083743, 0.0966372
-0.420503, 0.0837785, 0.0945606
-0.411182, 0.0838489, 0.0904341
-0.402158, 0.0839848, 0.0824761
-0.0349182, 0.086464, -0.0626864
-0.0249048, 0.0863366, -0.0552244
-0.0149424, 0.0863336, -0.055048
-0.0049831, 0.0863734, -0.0573821
0.00498609, 0.0864252, -0.0604148
0.393465, 0.0841984, 0.069973
0.402397, 0.0840347, 0.0795598
0.411836, 0.0839823, 0.0826254
0.42162, 0.084001, 0.0815301
0.431857, 0.0841069, 0.0753298
-0.450758, 0.0969372, 0.0808702
-0.440441, 0.0968001, 0.0878282
-0.430219, 0.0966785, 0.0940008
-0.420566, 0.0966818, 0.093832
-0.411229, 0.0967598, 0.0898728
-0.402586, 0.0970088, 0.07724
-0.0349098, 0.0997424, -0.0614772
-0.0249056, 0.0996224, -0.055387
-0.0149448, 0.0996318, -0.0558686
-0.00498478, 0.0996953, -0.0590878
0.00498791, 0.0997579, -0.0622649
0.393009, 0.0970394, 0.0756869
0.402208, 0.0969176, 0.0818677
0.411714, 0.0968739, 0.084084
0.421549, 0.0969079, 0.0823588
0.43176, 0.0970246, 0.076437
0.442308, 0.0972105, 0.0670033
0.583182, 0.0996892, -0.0587802
0.592719, 0.0996166, -0.0550952
-0.441321, 0.109926, 0.0780082
-0.430614, 0.109669, 0.0895019
-0.420782, 0.109629, 0.0913119
-0.411385, 0.109703, 0.0880151
-0.402421, 0.109898, 0.0792637
-0.393055, 0.109991, 0.0751143
-0.0349174, 0.113066, -0.0625672
-0.0249136, 0.112941, -0.0570102
-0.0149544, 0.112989, -0.0591207
-0.00498829, 0.113067, -0.0626521
0.39326, 0.110048, 0.0725498
0.402197, 0.109837, 0.0820036
0.411707, 0.109788, 0.0841718
0.421617, 0.109846, 0.0815701
0.431932, 0.110005, 0.0744691
0.554239, 0.113178, -0.0675955
0.563492, 0.113031, -0.0610056
0.572685, 0.112877, -0.054121
0.581943, 0.112741, -0.0480366
0.591569, 0.11268, -0.0452871
0.601695, 0.112714, -0.0468311
0.611877, 0.112758, -0.0487809
0.622138, 0.112814, -0.0513163
-0.431509, 0.122827, 0.0792904
-0.421389, 0.122703, 0.084229
-0.411413, 0.122617, 0.0876751
-0.401895, 0.122667, 0.0856895
-0.392666, 0.122809, 0.0799847
-0.383348, 0.12293, 0.0751467
-0.373817, 0.122987, 0.0728507
-0.0349134, 0.126353, -0.0619874
-0.0249217, 0.12627, -0.0586553
-0.0149632, 0.126355, -0.0620866
-0.00498895, 0.126386, -0.0633154
0.393227, 0.122984, 0.0729618
0.402287, 0.122786, 0.0808973
0.411881, 0.122757, 0.0820889
0.421957, 0.122869, 0.0776029
0.432236, 0.123033, 0.0710001
0.523557, 0.126318, -0.0606012
0.533022, 0.126198, -0.0557885
0.543389, 0.126292, -0.0595517
0.553024, 0.126216, -0.0564823
0.562536, 0.126114, -0.0524211
0.572095, 0.126027, -0.0489087
0.581473, 0.125903, -0.0439558
0.590964, 0.125807, -0.0401311
0.600735, 0.125774, -0.038775
0.610584, 0.125757, -0.0381155
0.621044, 0.125865, -0.0424275
0.632344, 0.126137, -0.0533228
-0.411803, 0.135653, 0.083025
-0.401803, 0.135548, 0.0868158
-0.392172, 0.135566, 0.0861735
-0.382762, 0.135663, 0.082665
-0.373396, 0.13578, 0.0783963
-0.364192, 0.135965, 0.0717087
-0.0449387, 0.139809, -0.0676379
-0.0349073, 0.139629, -0.0611062
-0.0249308, 0.139612, -0.0605054
-0.014967, 0.139691, -0.0633564
0.393159, 0.135907, 0.0738149
0.402435, 0.135761, 0.0790873
0.412145, 0.135765, 0.0789394
0.422467, 0.135966, 0.0716529
0.513593, 0.139618, -0.0606933
0.522802, 0.139414, -0.0533032
0.532569, 0.139364, -0.0514979
0.542594, 0.139382, -0.0521483
0.552725, 0.139426, -0.0537477
0.56269, 0.139427, -0.0538001
0.572563, 0.139407, -0.0530472
0.581467, 0.139155, -0.0439086
0.590695, 0.138987, -0.0378394
0.600542, 0.138968, -0.0371594
0.612269, 0.139378, -0.0520158
0.623234, 0.139604, -0.0602136
-0.402191, 0.148601, 0.0820775
-0.391983, 0.148405, 0.0885496
-0.382372, 0.148431, 0.0876846
-0.372904, 0.148516, 0.0848775
-0.363681, 0.148705, 0.0786223
-0.35435, 0.148859, 0.0735135
-0.0449202, 0.153061, -0.0655489
-0.0349035, 0.152911, -0.060565
-0.0249396, 0.152963, -0.0622931
-0.0149695, 0.153021, -0.0642233
0.39304, 0.148805, 0.0753074
0.402452, 0.148697, 0.078887
0.412401, 0.148788, 0.075881
0.422684, 0.148992, 0.0691218
0.504185, 0.153086, -0.0663633
0.5131, 0.152768, -0.0558295
0.522576, 0.152625, -0.0511241
0.532354, 0.152575, -0.0494533
0.542529, 0.152638, -0.0515423
0.553075, 0.152801, -0.0569501
0.563504, 0.152927, -0.0611105
0.582989, 0.152806, -0.0571074
0.592063, 0.152577, -0.0495071
0.602971, 0.152819, -0.0575361
-0.402433, 0.16162, 0.079113
-0.392508, 0.161526, 0.0819688
-0.382459, 0.161375, 0.0865564
-0.372688, 0.161337, 0.0877233
-0.363192, 0.161418, 0.0852418
-0.353968, 0.161629, 0.0788279
-0.344552, 0.161761, 0.0747995
-0.05494, 0.166485, -0.0690188
-0.0449022, 0.166304, -0.0635133
-0.0349016, 0.166198, -0.0602832
-0.0249462, 0.166308, -0.0636282
-0.0149714, 0.166349, -0.0648718
0.383717, 0.161906, 0.0704017
0.392879, 0.161679, 0.0773211
0.402403, 0.161608, 0.0794816
0.412598, 0.161803, 0.0735292
0.422688, 0.161949, 0.0690727
0.503762, 0.166258, -0.0621095
0.512895, 0.165985, -0.053812
0.52247, 0.165863, -0.0500989
0.532448, 0.165872, -0.050344
0.542827, 0.166002, -0.0543146
0.553824, 0.166313, -0.0637999
-0.383002, 0.174532, 0.0795894
-0.373009, 0.174394, 0.0835028
-0.363111, 0.174293, 0.0863309
-0.353474, 0.174316, 0.0856962
-0.344202, 0.174525, 0.0798011
-0.334795, 0.174676, 0.0755506
-0.325346, 0.174813, 0.0716801
-0.0549052, 0.17969, -0.0658035
-0.0448777, 0.179511, -0.0607538
-0.0349007, 0.179489, -0.0601501
-0.0249496, 0.179638, -0.0643339
0.383553, 0.174783, 0.0725117
0.392731, 0.174547, 0.0791769
0.402374, 0.174524, 0.0798373
0.412753, 0.174813, 0.0716801
0.423077, 0.175066, 0.0645332
0.494228, 0.179719, -0.0666409
0.503325, 0.179403, -0.0577197
0.51274, 0.17921, -0.0522799
0.522584, 0.179172, -0.0512047
0.532811, 0.179263, -0.0537877
0.543263, 0.179426, -0.0583782
-0.363475, 0.187392, 0.0814056
-0.3535, 0.187242, 0.0853353
-0.343774, 0.18722, 0.0859141
-0.334406, 0.187397, 0.0812721
-0.325045, 0.187588, 0.076242
-0.315439, 0.187646, 0.0747366
-0.0648722, 0.192953, -0.0645704
-0.0548585, 0.192836, -0.0614958
-0.0448496, 0.192687, -0.0575867
-0.0348905, 0.192728, -0.0586672
-0.0249462, 0.192917, -0.0636301
0.383273, 0.187593, 0.0761085
0.392603, 0.187415, 0.0807819
0.402495, 0.187508, 0.078352
0.412839, 0.187801, 0.0706515
0.493636, 0.1928, -0.0605664
0.502995, 0.192566, -0.0544019
0.512795, 0.192506, -0.0528288
0.523, 0.192597, -0.0552225
0.533185, 0.192677, -0.0573363
-0.353712, 0.200275, 0.0823903
-0.343889, 0.200199, 0.084269
-0.334065, 0.200116, 0.0862918
-0.324557, 0.200224, 0.0836377
-0.315214, 0.200444, 0.0782404
-0.305671, 0.200546, 0.0757318
-0.0648616, 0.206227, -0.0637474
-0.0548032, 0.205927, -0.0563941
-0.0448125, 0.205805, -0.0534048
-0.0348679, 0.205886, -0.0553942
-0.0249372, 0.206148, -0.0618153
0.373904, 0.20071, 0.0716977
0.383016, 0.200396, 0.079411
0.392503, 0.200289, 0.082037
0.402615, 0.200499, 0.0768929
0.412988, 0.200825, 0.0688772
0.48368, 0.206104, -0.0607424
0.493183, 0.205908, -0.0559268
0.502876, 0.205798, -0.0532112
0.513073, 0.205893, -0.0555668
0.523145, 0.205937, -0.0566239
-0.34411, 0.213251, 0.0811205
-0.334271, 0.213159, 0.0832548
-0.324368, 0.213018, 0.0864978
-0.314686, 0.213018, 0.0864973
-0.305181, 0.213142, 0.0836244
-0.295804, 0.213367, 0.0784459
-0.286262, 0.213484, 0.0757565
-0.0748587, 0.219585, -0.06499
-0.0648062, 0.219344, -0.0594206
-0.0547734, 0.219094, -0.0536442
-0.0447997, 0.219021, -0.051959
-0.0348579, 0.219107, -0.0539474
-0.0249311, 0.219394, -0.0605655
0.373516, 0.213438, 0.0768132
0.382794, 0.213202, 0.0822587
0.392423, 0.213168, 0.0830336
0.402751, 0.213507, 0.0752215
0.412759, 0.213663, 0.0716076
0.474154, 0.219608, -0.0655098
0.48339, 0.21927, -0.057703
0.492913, 0.219072, -0.0531573
0.503019, 0.219137, -0.0546451
0.513228, 0.219243, -0.0570931
0.523346, 0.219307, -0.0585637
-0.33447, 0.226212, 0.0803323
-0.324613, 0.226099, 0.0827875
-0.314617, 0.225879, 0.0875645
-0.304756, 0.225745, 0.0904717
-0.295112, 0.225769, 0.0899668
-0.28571, 0.225985, 0.0852561
-0.276405, 0.226297, 0.0784807
-0.267234, 0.226744, 0.0687585
-0.0748672, 0.23292, -0.0655618
-0.0647866, 0.232567, -0.057889
-0.0547727, 0.232369, -0.0535784
-0.0448134, 0.232366, -0.0535073
-0.0348731, 0.232487, -0.0561452
-0.02492, 0.232587, -0.0583148
0.363846, 0.226393, 0.0763836
0.373082, 0.22611, 0.0825405
0.382398, 0.225889, 0.0873451
0.392264, 0.225996, 0.0850248
0.40272, 0.226429, 0.075603
0.412722, 0.226593, 0.0720468
0.473428, 0.232561, -0.0577569
0.482958, 0.232351, -0.0531907
0.492941, 0.232363, -0.0534382
0.503242, 0.232521, -0.0568895
0.513276, 0.232552, -0.0575652
-0.324882, 0.239216, 0.0787201
-0.314808, 0.238931, 0.0845923
-0.304797, 0.238677, 0.089818
-0.29495, 0.238539, 0.0926595
-0.285332, 0.238582, 0.0917621
-0.275986, 0.238865, 0.0859394
-0.266817, 0.239327, 0.0764418
-0.257341, 0.239537, 0.0721154
-0.084888, 0.246342, -0.0678663
-0.0748235, 0.246086, -0.0626078
-0.0647694, 0.245792, -0.05655
-0.0547795, 0.245678, -0.0542107
-0.0448321, 0.245746, -0.0556149
-0.0348888, 0.245883, -0.0584269
0.354199, 0.239367, 0.0756207
0.363467, 0.23908, 0.0815206
0.372627, 0.238739, 0.0885372
0.382111, 0.238618, 0.091033
0.392157, 0.238845, 0.0863676
0.402566, 0.239276, 0.0774889
0.412654, 0.239501, 0.0728621
0.463596, 0.245922, -0.0592318
0.473032, 0.245645, -0.0535293
0.482885, 0.245591, -0.0524182
0.493211, 0.245775, -0.0562072
0.503201, 0.245788, -0.0564728
-0.315185, 0.252148, 0.0786948
-0.305203, 0.251914, 0.0832725
-0.295173, 0.251623, 0.0889449
-0.285321, 0.251469, 0.0919533
-0.27575, 0.251562, 0.0901423
-0.266255, 0.251732, 0.0868144
-0.256829, 0.251983, 0.0819135
-0.247408, 0.252259, 0.0765271
-0.0848436, 0.259522, -0.0652194
-0.0747638, 0.259181, -0.0585647
-0.064741, 0.258964, -0.0543337
-0.054773, 0.258927, -0.0536151
-0.0448364, 0.259055, -0.0560994
-0.0349039, 0.259286, -0.060617
0.344766, 0.252504, 0.071743
0.3539, 0.252093, 0.0797706
0.362981, 0.251667, 0.0880837
0.372384, 0.25148, 0.0917335
0.382207, 0.25158, 0.0897942
0.392361, 0.251886, 0.0838127
0.402644, 0.252259, 0.0765343
0.412653, 0.252446, 0.072875
0.45367, 0.25924, -0.0597153
0.463046, 0.258907, -0.0532255
0.472837, 0.258816, -0.0514412
0.48309, 0.258976, -0.0545664
0.493249, 0.25908, -0.0565987
0.50322, 0.259083, -0.0566621
-0.305523, 0.26511, 0.0781245
-0.295651, 0.264955, 0.0810018
-0.285669, 0.264688, 0.0859556
-0.275774, 0.264485, 0.0897269
-0.266028, 0.264416, 0.0910044
-0.256393, 0.264456, 0.0902672
-0.24687, 0.264619, 0.087234
-0.237537, 0.265007, 0.0800266
-0.228113, 0.265322, 0.074172
-0.0948246, 0.272829, -0.0651846
-0.0847281, 0.272459, -0.0583215
-0.0747009, 0.272243, -0.0543118
-0.0647168, 0.272142, -0.0524397
-0.0547735, 0.272208, -0.0536551
-0.044845, 0.272392, -0.0570707
-0.0349569, 0.272997, -0.0683026
0.334319, 0.264871, 0.0825529
0.343886, 0.264776, 0.0843124
0.35322, 0.264512, 0.0892191
0.36276, 0.264412, 0.0910769
0.372553, 0.264496, 0.0895123
0.382568, 0.26473, 0.0851626
0.392623, 0.26498, 0.0805287
0.402668, 0.265211, 0.0762391
0.412808, 0.265492, 0.0710263
0.434057, 0.27274, -0.0635467
0.443423, 0.272364, -0.0565634
0.452805, 0.272015, -0.050077
0.462614, 0.271931, -0.0485134
0.47282, 0.272079, -0.0512662
0.483192, 0.272314, -0.055634
0.493194, 0.272336, -0.0560341
-0.28595, 0.277873, 0.0811205
-0.275971, 0.277585, 0.0862079
-0.266071, 0.277359, 0.0902052
-0.256268, 0.27722, 0.0926652
-0.246585, 0.277206, 0.0929174
-0.237006, 0.277313, 0.091033
-0.22754, 0.277566, 0.086544
-0.218098, 0.277873, 0.0811043
-0.2086, 0.278133, 0.0765095
-0.104908, 0.286416, -0.0701132
-0.0947013, 0.285765, -0.0585947
-0.0846475, 0.285478, -0.0535083
-0.0746542, 0.285345, -0.0511537
-0.0647013, 0.285349, -0.05123
-0.0547783, 0.285511, -0.0540953
-0.0448658, 0.285811, -0.0594125
0.315263, 0.278078, 0.0774875
0.324414, 0.277608, 0.0858078
0.333731, 0.277303, 0.091207
0.343139, 0.277088, 0.0950012
0.352729, 0.277029, 0.0960546
0.36256, 0.277157, 0.0937891
0.372635, 0.27746, 0.0884285
0.382921, 0.2779, 0.0806251
0.393015, 0.278183, 0.0756216
0.402839, 0.278266, 0.0741525
0.423563, 0.285697, -0.0573888
0.433162, 0.285455, -0.0531063
0.442559, 0.285094, -0.0467196
0.452359, 0.285003, -0.0451012
0.462556, 0.28516, -0.0478845
0.472829, 0.285356, -0.0513554
0.483086, 0.285536, -0.0545297
0.493159, 0.285601, -0.0556817
-0.276098, 0.29063, 0.0839438
-0.266126, 0.290319, 0.0892076
-0.256304, 0.290155, 0.0919704
-0.246465, 0.289959, 0.0952883
-0.236781, 0.289936, 0.0956826
-0.227179, 0.290016, 0.094326
-0.217668, 0.290223, 0.0908213
-0.208231, 0.290555, 0.0852103
-0.198822, 0.290959, 0.0783834
-0.18948, 0.291507, 0.0691023
-0.114912, 0.299771, -0.0706773
-0.104736, 0.299245, -0.0617881
-0.0946023, 0.298744, -0.053309
-0.0845879, 0.298546, -0.0499506
-0.0746249, 0.298499, -0.0491662
-0.0646898, 0.298568, -0.0503311
-0.0547709, 0.29875, -0.0534129
-0.0448773, 0.299181, -0.0607047
0.304969, 0.290447, 0.0870376
0.314343, 0.290163, 0.0918503
0.323631, 0.289818, 0.0976715
0.333084, 0.289639, 0.100711
0.342682, 0.289591, 0.101521
0.352447, 0.289682, 0.0999727
0.362379, 0.289903, 0.0962353
0.372622, 0.290355, 0.0885959
0.383127, 0.290983, 0.0779786
0.403553, 0.298928, -0.0564194
0.413145, 0.298659, -0.0518703
0.422887, 0.298508, -0.0493169
0.432657, 0.298384, -0.0472174
0.442467, 0.298292, -0.0456681
0.452461, 0.298326, -0.0462375
0.462648, 0.298482, -0.0488834
0.472868, 0.298654, -0.0517774
0.483148, 0.298854, -0.0551753
-0.276427, 0.303908, 0.0780954
-0.266251, 0.303365, 0.0868945
-0.256211, 0.302941, 0.0937538
-0.246468, 0.30285, 0.0952306
-0.236682, 0.302695, 0.097743
-0.226983, 0.302644, 0.0985599
-0.217374, 0.302714, 0.0974364
-0.207826, 0.302878, 0.094779
-0.198345, 0.303161, 0.0901875
-0.188945, 0.303604, 0.0830135
-0.179529, 0.304067, 0.075521
-0.169997, 0.304375, 0.0705261
-0.160372, 0.304545, 0.0677752
-0.150838, 0.304919, 0.0617237
-0.141316, 0.305372, 0.0543885
-0.125073, 0.313515, -0.0775027
-0.11483, 0.312869, -0.0670314
-0.104611, 0.312173, -0.0557613
-0.0945388, 0.311812, -0.0499139
-0.0845458, 0.311659, -0.0474353
-0.0745949, 0.311641, -0.0471401
-0.0646712, 0.311749, -0.0488863
-0.054766, 0.312, -0.0529656
-0.0448783, 0.312485, -0.0608182
0.28554, 0.303285, 0.088181
0.295123, 0.303187, 0.0897722
0.304287, 0.302677, 0.0980377
0.313643, 0.302384, 0.102771
0.323121, 0.302222, 0.105395
0.33276, 0.302217, 0.105484
0.342516, 0.302314, 0.103908
0.352335, 0.302461, 0.101527
0.362369, 0.302779, 0.096375
0.372968, 0.303541, 0.084034
0.39032, 0.309621, -0.014431
0.402608, 0.311482, -0.0445747
0.412576, 0.311503, -0.044909
0.422686, 0.311627, -0.0469227
0.432816, 0.31176, -0.0490746
0.442912, 0.311863, -0.0507426
0.452873, 0.311868, -0.0508289
0.462805, 0.311855, -0.0506034
0.472954, 0.311984, -0.0526967
0.483131, 0.312126, -0.0550013
-0.266424, 0.316479, 0.0837049
-0.256318, 0.315965, 0.0916986
-0.246345, 0.315579, 0.0976801
-0.236623, 0.315498, 0.0989532
-0.226928, 0.315446, 0.0997558
-0.217223, 0.315375, 0.100849
-0.20758, 0.315393, 0.100577
-0.197999, 0.315511, 0.0987396
-0.188478, 0.31574, 0.0951824
-0.179037, 0.316137, 0.0890255
-0.169579, 0.316548, 0.0826354
-0.160059, 0.316885, 0.0774055
-0.150514, 0.317211, 0.0723305
-0.140968, 0.317584, 0.0665431
-0.131415, 0.317991, 0.0602188
-0.121859, 0.318459, 0.0529523
-0.113454, 0.322274, -0.00631523
-0.10402, 0.323617, -0.0271711
-0.0944677, 0.324836, -0.0461202
-0.0844954, 0.324727, -0.0444279
-0.0745593, 0.324747, -0.0447302
-0.0646453, 0.324884, -0.0468631
-0.0547596, 0.325239, -0.052371
-0.0449117, 0.326025, -0.0645885
0.26658, 0.316665, 0.0808148
0.275649, 0.315948, 0.0919476
0.285002, 0.315596, 0.0974298
0.294362, 0.315273, 0.102445
0.30377, 0.315021, 0.106361
0.313285, 0.314892, 0.108359
0.322946, 0.314912, 0.108047
0.332703, 0.315023, 0.10633
0.34253, 0.315192, 0.103698
0.352497, 0.315477, 0.0992708
0.362898, 0.316125, 0.0892076
0.38014, 0.322543, -0.010499
0.392448, 0.324556, -0.0417676
0.402552, 0.324692, -0.0438747
0.41276, 0.324903, -0.0471582
0.422969, 0.325105, -0.0502996
0.43312, 0.325255, -0.0526199
0.443215, 0.325356, -0.0541992
0.453286, 0.325436, -0.0554395
0.463051, 0.325298, -0.0532875
0.473395, 0.325563, -0.0574002
-0.256738, 0.3294, 0.0836515
-0.246496, 0.328662, 0.0946741
-0.236562, 0.32829, 0.100228
-0.226837, 0.32819, 0.10172
-0.217182, 0.328187, 0.101764
-0.207505, 0.328148, 0.102343
-0.197828, 0.328105, 0.102987
-0.188223, 0.328184, 0.101806
-0.178672, 0.328371, 0.0990195
-0.169156, 0.328647, 0.0948968
-0.159628, 0.328931, 0.0906534
-0.150105, 0.329262, 0.0857124
-0.140579, 0.329634, 0.0801568
-0.131046, 0.330041, 0.0740805
-0.121495, 0.330468, 0.0677185
-0.11188, 0.330775, 0.0631309
-0.102264, 0.331141, 0.0576639
-0.0926634, 0.331637, 0.0502629
-0.0836545, 0.334618, 0.00577116
-0.0739134, 0.335074, -0.0010252
-0.0641147, 0.335369, -0.00543547
-0.0543089, 0.335728, -0.0107946
-0.0440584, 0.332885, 0.0316339
-0.0342632, 0.332842, 0.0322757
-0.0245505, 0.333886, 0.0166936
-0.014714, 0.333516, 0.0222173
-0.00490303, 0.333405, 0.0238795
0.00490106, 0.33327, 0.025887
0.0146969, 0.333127, 0.0280218
0.0244881, 0.333038, 0.0293498
0.0342889, 0.333092, 0.0285516
0.0440945, 0.333158, 0.0275707
0.0538973, 0.333183, 0.0271859
0.0637158, 0.333283, 0.025702
0.0736528, 0.333892, 0.0166035
0.0832963, 0.333185, 0.0271602
0.0932466, 0.333725, 0.0191078
0.103255, 0.334348, 0.00980377
0.256322, 0.328866, 0.0916181
0.265815, 0.328644, 0.0949435
0.275088, 0.328175, 0.101941
0.284491, 0.327888, 0.106223
0.293964, 0.327697, 0.109067
0.303519, 0.327608, 0.110401
0.313194, 0.327649, 0.109781
0.322967, 0.327787, 0.107724
0.332857, 0.328033, 0.104061
0.342863, 0.328376, 0.0989375
0.35303, 0.32885, 0.091866
0.365553, 0.331434, 0.0532899
0.382561, 0.337846, -0.042398
0.392689, 0.338011, -0.0448656
0.402896, 0.338233, -0.0481834
0.413102, 0.338445, -0.0513411
0.423258, 0.338606, -0.0537534
0.433375, 0.33873, -0.0555925
0.443427, 0.338798, -0.0566106
-0.246975, 0.342214, 0.085146
-0.236762, 0.341453, 0.0960784
-0.226847, 0.341075, 0.101502
-0.217112, 0.340946, 0.10335
-0.20745, 0.340925, 0.103657
-0.197794, 0.340913, 0.103824
-0.188115, 0.340858, 0.104622
-0.178487, 0.340893, 0.104108
-0.168891, 0.340998, 0.102604
-0.159301, 0.34113, 0.100709
-0.149717, 0.341291, 0.0983953
-0.140159, 0.341538, 0.0948558
-0.130605, 0.341831, 0.0906386
-0.121057, 0.342187, 0.0855312
-0.111528, 0.342666, 0.0786529
-0.101918, 0.342963, 0.0743923
-0.0922431, 0.34308, 0.0727105
-0.0825863, 0.3433, 0.0695443
-0.0729164, 0.343517, 0.0664301
-0.0632321, 0.343723, 0.0634689
-0.053551, 0.344025, 0.0591369
-0.0438468, 0.344278, 0.0555005
-0.0341158, 0.344407, 0.0536427
-0.0243776, 0.344537, 0.0517802
-0.0146271, 0.344548, 0.0516248
-0.00487499, 0.344498, 0.0523434
0.0048743, 0.344449, 0.0530443
0.0146211, 0.344407, 0.0536494
0.0243651, 0.344361, 0.0543113
0.034106, 0.344308, 0.0550699
0.0438462, 0.344273, 0.0555701
0.0535859, 0.344249, 0.0559201
0.0633488, 0.344357, 0.0543618
0.0731308, 0.344527, 0.0519218
0.0829228, 0.344699, 0.0494561
0.0927381, 0.344921, 0.0462694
0.102629, 0.345355, 0.0400352
0.112622, 0.346027, 0.030385
0.122571, 0.346468, 0.0240436
0.132493, 0.346773, 0.019671
0.142763, 0.347883, 0.00372124
0.246692, 0.341822, 0.090775
0.255962, 0.341283, 0.0985174
0.265263, 0.340823, 0.105116
0.274685, 0.340545, 0.10911
0.284182, 0.340376, 0.111537
0.293755, 0.340307, 0.112537
0.303412, 0.340335, 0.112127
0.31319, 0.340493, 0.109857
0.323072, 0.340752, 0.106135
0.333044, 0.341089, 0.101302
0.343062, 0.341451, 0.0960946
0.35307, 0.341785, 0.0913053
0.365755, 0.344622, 0.0505543
0.382493, 0.351032, -0.0415053
0.392795, 0.351361, -0.0462255
0.403067, 0.351647, -0.0503325
0.413336, 0.351916, -0.0541983
0.42366, 0.352219, -0.0585504
-0.237143, 0.354908, 0.088182
-0.227068, 0.35429, 0.0967317
-0.217194, 0.353945, 0.101509
-0.207457, 0.353802, 0.103487
-0.197764, 0.353724, 0.104576
-0.188086, 0.353666, 0.105374
-0.178423, 0.353631, 0.105857
-0.168761, 0.353594, 0.106374
-0.159119, 0.353597, 0.10633
-0.149485, 0.353622, 0.105988
-0.139861, 0.353673, 0.105281
-0.130276, 0.353837, 0.103013
-0.120705, 0.354068, 0.0998158
-0.11115, 0.354392, 0.0953302
-0.101623, 0.354875, 0.0886478
-0.0920554, 0.355302, 0.082737
-0.082379, 0.355361, 0.0819197
-0.072715, 0.355495, 0.0800576
-0.0630512, 0.355673, 0.0775933
-0.0533782, 0.355855, 0.0750761
-0.0436956, 0.356038, 0.0725446
-0.0340042, 0.356234, 0.0698328
-0.0243012, 0.356419, 0.0672774
-0.0145807, 0.356415, 0.0673313
-0.00485953, 0.356364, 0.0680351
0.00485881, 0.356311, 0.0687633
0.014574, 0.356252, 0.0695906
0.0242854, 0.356186, 0.0704913
0.0339934, 0.356121, 0.0713987
0.0436974, 0.356052, 0.0723453
0.0534002, 0.356002, 0.0730486
0.0631198, 0.35606, 0.072238
0.0728479, 0.356145, 0.0710669
0.082582, 0.356236, 0.0698051
0.092336, 0.356384, 0.0677509
0.102146, 0.356699, 0.0634041
0.111974, 0.357018, 0.0589895
0.121835, 0.357384, 0.0539241
0.131756, 0.357856, 0.0473819
0.141737, 0.358416, 0.0396318
0.151855, 0.359226, 0.028419
0.16192, 0.359821, 0.0201874
0.172046, 0.360477, 0.0111141
0.183492, 0.363677, -0.0331783
0.237611, 0.355608, 0.0784984
0.246473, 0.354406, 0.0951376
0.25563, 0.353702, 0.10487
0.265025, 0.353366, 0.109519
0.274487, 0.353141, 0.112638
0.284022, 0.353022, 0.114287
0.29361, 0.352974, 0.114949
0.303274, 0.353018, 0.114346
0.313077, 0.353215, 0.111617
0.322943, 0.353469, 0.108094
0.33291, 0.353817, 0.103278
0.342975, 0.354247, 0.0973353
0.352983, 0.354595, 0.0925145
0.363209, 0.355138, 0.0850029
0.379832, 0.361745, -0.00643444
0.392283, 0.364145, -0.0396461
0.402944, 0.364805, -0.0487924
0.413412, 0.365263, -0.0551286
-0.227379, 0.367677, 0.0900111
-0.217439, 0.367231, 0.0959649
-0.207605, 0.36693, 0.0999851
-0.19783, 0.366709, 0.10294
-0.188088, 0.36653, 0.105327
-0.178338, 0.366316, 0.10819
-0.168642, 0.366195, 0.109803
-0.158995, 0.366171, 0.110118
-0.149364, 0.366183, 0.109968
-0.139746, 0.36623, 0.109334
-0.130134, 0.366303, 0.108355
-0.120541, 0.366444, 0.106472
-0.110949, 0.366613, 0.104223
-0.101364, 0.366839, 0.101197
-0.0918203, 0.367281, 0.0952973
-0.0822424, 0.367672, 0.0900784
-0.0725744, 0.36771, 0.0895705
-0.0629135, 0.367802, 0.0883389
-0.0532528, 0.367929, 0.086647
-0.0435898, 0.368091, 0.0844808
-0.0339194, 0.368267, 0.0821285
-0.0242384, 0.368424, 0.0800343
-0.0145422, 0.368401, 0.0803409
-0.00484653, 0.368335, 0.0812292
0.00484555, 0.368261, 0.0822167
0.0145337, 0.368186, 0.0832105
0.0242185, 0.368121, 0.0840831
0.0338995, 0.368052, 0.0850058
0.0435768, 0.367981, 0.0859442
0.0532533, 0.367932, 0.0865998
0.0629427, 0.367972, 0.0860653
0.0726357, 0.368021, 0.0854201
0.082332, 0.368072, 0.0847292
0.09205, 0.3682, 0.0830259
0.101828, 0.368521, 0.0787439
0.111618, 0.368826, 0.0746636
0.121409, 0.369084, 0.071218
0.131198, 0.369298, 0.0683651
0.141013, 0.369551, 0.0649805
0.150876, 0.36989, 0.0604572
0.160787, 0.370298, 0.0550156
0.170816, 0.370914, 0.0467839
0.180966, 0.371714, 0.0361066
0.191349, 0.372885, 0.0204644
0.202174, 0.374761, -0.00459194
0.212408, 0.375418, -0.0133638
0.222418, 0.375639, -0.0163102
0.231339, 0.374079, 0.00451279
0.237189, 0.367884, 0.0872416
0.246099, 0.366736, 0.102582
0.255453, 0.36631, 0.108268
0.26488, 0.366016, 0.11219
0.274378, 0.365838, 0.114571
0.283915, 0.365722, 0.116124
0.293431, 0.365586, 0.117929
0.303062, 0.365598, 0.117768
0.312839, 0.365781, 0.115331
0.322692, 0.366039, 0.111891
0.332658, 0.366406, 0.106988
0.342768, 0.366907, 0.100295
0.352817, 0.367316, 0.0948281
0.362851, 0.367689, 0.0898519
0.375346, 0.370471, 0.0526953
0.391846, 0.376966, -0.0340328
0.402533, 0.377685, -0.043643
-0.217743, 0.380648, 0.0891128
-0.207772, 0.380109, 0.096055
-0.197911, 0.379731, 0.100939
-0.188053, 0.379321, 0.106223
-0.17829, 0.379067, 0.109498
-0.168612, 0.378975, 0.110685
-0.158954, 0.37892, 0.111401
-0.149309, 0.378891, 0.111775
-0.139681, 0.378906, 0.111587
-0.130059, 0.378936, 0.111188
-0.120441, 0.378987, 0.110534
-0.110855, 0.379156, 0.108352
-0.101264, 0.379339, 0.106001
-0.0916613, 0.37951, 0.103787
-0.0820933, 0.379883, 0.0989757
-0.0724763, 0.380098, 0.0962029
-0.0628187, 0.380133, 0.0957465
-0.0531617, 0.380187, 0.0950594
-0.0435031, 0.380249, 0.0942569
-0.0338449, 0.380352, 0.0929198
-0.0241843, 0.3805, 0.0910134
-0.0145103, 0.380491, 0.091135
-0.0048357, 0.380407, 0.0922179
0.00483443, 0.380307, 0.093502
0.0144995, 0.380208, 0.0947814
0.0241618, 0.380147, 0.0955744
0.0338214, 0.380088, 0.0963368
0.0434775, 0.380025, 0.0971432
0.0531328, 0.37998, 0.0977211
0.0627993, 0.380017, 0.0972543
0.0724688, 0.380059, 0.0967107
0.0821397, 0.380097, 0.09621
0.0918269, 0.380196, 0.0949421
0.101556, 0.380431, 0.0919042
0.111308, 0.380706, 0.0883522
0.121088, 0.381024, 0.0842557
0.130864, 0.381284, 0.0809045
0.140641, 0.381509, 0.0779939
0.150421, 0.381713, 0.0753689
0.160219, 0.381935, 0.0725007
0.170026, 0.382154, 0.0696754
0.179848, 0.38238, 0.066762
0.1897, 0.382642, 0.0633779
0.19965, 0.383069, 0.0578752
0.209629, 0.383508, 0.0522118
0.219164, 0.38313, 0.0570803
0.227757, 0.381211, 0.0818472
0.236663, 0.379949, 0.0981259
0.245957, 0.379385, 0.105399
0.255343, 0.379, 0.110364
0.264811, 0.37876, 0.113461
0.274307, 0.378576, 0.115839
0.283797, 0.378396, 0.118158
0.293324, 0.378275, 0.119717
0.302908, 0.378234, 0.120251
0.312662, 0.378401, 0.118098
0.322483, 0.378637, 0.115053
0.332429, 0.379001, 0.11036
0.342519, 0.379505, 0.103859
0.352663, 0.380038, 0.0969706
0.362696, 0.380428, 0.0919495
0.372903, 0.380975, 0.0848889
0.389596, 0.387952, -0.00512743
0.402144, 0.390559, -0.0387621
-0.218634, 0.395161, 0.0690198
-0.207949, 0.39333, 0.0918746
-0.197982, 0.392746, 0.0991621
-0.188051, 0.392174, 0.106294
-0.178297, 0.391932, 0.10931
-0.16859, 0.391772, 0.111312
-0.158924, 0.391693, 0.112302
-0.149292, 0.39169, 0.112327
-0.139665, 0.391703, 0.112171
-0.130045, 0.39174, 0.111708
-0.120431, 0.391802, 0.110935
-0.110813, 0.391861, 0.110205
-0.101213, 0.391998, 0.108488
-0.0916138, 0.392171, 0.106328
-0.0819977, 0.392303, 0.104686
-0.0724125, 0.392636, 0.100525
-0.0627614, 0.392661, 0.10022
-0.0531044, 0.392651, 0.100345
-0.0434517, 0.392674, 0.100053
-0.0337984, 0.392705, 0.0996718
-0.0241434, 0.392733, 0.0993137
-0.0144847, 0.392695, 0.0997987
-0.00482698, 0.392593, 0.101063
0.00482582, 0.392498, 0.102249
0.0144742, 0.39241, 0.103353
0.0241203, 0.392357, 0.104016
0.0337644, 0.392309, 0.104603
0.0434055, 0.392256, 0.105267
0.0530451, 0.392212, 0.105817
0.0626948, 0.392244, 0.105417
0.0723478, 0.392286, 0.104898
0.0820025, 0.392326, 0.1044
0.0916681, 0.392404, 0.103428
0.101364, 0.392583, 0.101195
0.111069, 0.392766, 0.0989022
0.120793, 0.392979, 0.096251
0.130508, 0.393136, 0.094295
0.140232, 0.393295, 0.0923004
0.149996, 0.393538, 0.0892744
0.159757, 0.393744, 0.0867052
0.169553, 0.39401, 0.0833883
0.179352, 0.394252, 0.0803647
0.189135, 0.394435, 0.0780754
0.198908, 0.394583, 0.0762386
0.208612, 0.394583, 0.076231
0.218142, 0.394272, 0.0801187
0.227253, 0.39326, 0.0927448
0.236491, 0.392543, 0.101686
0.245846, 0.392068, 0.107618
0.255302, 0.391784, 0.111166
0.264783, 0.391558, 0.113976
0.274284, 0.391375, 0.116258
0.283809, 0.391239, 0.117963
0.293337, 0.391117, 0.119489
0.302896, 0.39104, 0.120441
0.31261, 0.391163, 0.118912
0.322356, 0.391318, 0.116975
0.332262, 0.391651, 0.112816
0.342269, 0.392082, 0.107437
0.352456, 0.39269, 0.0998535
0.362572, 0.39319, 0.0936208
0.372646, 0.393618, 0.0882778
0.385348, 0.396729, 0.0494509
0.40186, 0.403514, -0.0352077
0.412891, 0.4046, -0.0487576
-0.230321, 0.411637, 0.0264874
-0.2196, 0.40992, 0.0472422
-0.208493, 0.407288, 0.0790329
-0.198106, 0.405876, 0.0961013
-0.188124, 0.40519, 0.104385
-0.17834, 0.404879, 0.108143
-0.168608, 0.40466, 0.110794
-0.15895, 0.404599, 0.111522
-0.149306, 0.40457, 0.111871
-0.13967, 0.40456, 0.111992
-0.130038, 0.404564, 0.11195
-0.120412, 0.404583, 0.111719
-0.110794, 0.40464, 0.111034
-0.101184, 0.404735, 0.109886
-0.091578, 0.404871, 0.108238
-0.0819664, 0.40501, 0.106556
-0.0723586, 0.405208, 0.10417
-0.0627288, 0.405325, 0.102758
-0.0530753, 0.405303, 0.103023
-0.0434177, 0.405232, 0.103883
-0.033765, 0.40518, 0.104507
-0.0241168, 0.405163, 0.104717
-0.0144688, 0.405123, 0.10519
-0.0048216, 0.405013, 0.106527
0.00482028, 0.404902, 0.107865
0.0144572, 0.4048, 0.109102
0.0240913, 0.404734, 0.109892
0.033723, 0.404676, 0.110596
0.0433519, 0.404617, 0.111309
0.0529791, 0.404568, 0.111903
0.062616, 0.404595, 0.111569
0.0722569, 0.404638, 0.111053
0.0818997, 0.404681, 0.110539
0.0915507, 0.40475, 0.109695
0.10123, 0.40492, 0.107642
0.110921, 0.405103, 0.105435
0.120622, 0.405289, 0.103191
0.130313, 0.405417, 0.101649
0.14, 0.405518, 0.100429
0.149698, 0.405634, 0.0990152
0.159405, 0.405759, 0.0975099
0.169109, 0.405861, 0.0962801
0.178817, 0.405962, 0.0950584
0.188534, 0.406072, 0.0937271
0.198277, 0.406225, 0.0918794
0.207953, 0.406233, 0.0917859
0.217588, 0.406165, 0.0926046
0.227045, 0.405782, 0.0972281
0.236396, 0.40525, 0.103663
0.245779, 0.404813, 0.108944
0.255279, 0.404593, 0.111596
0.26478, 0.404392, 0.114028
0.274311, 0.404248, 0.115768
0.283844, 0.404116, 0.117357
0.293374, 0.403991, 0.118873
0.302901, 0.403867, 0.120365
0.312578, 0.403947, 0.119409
0.322316, 0.404098, 0.117583
0.332209, 0.404429, 0.113582
0.342164, 0.404813, 0.108939
0.352327, 0.405418, 0.101635
0.362513, 0.406014, 0.0944247
0.372617, 0.406491, 0.0886617
0.383041, 0.407284, 0.0790858
0.401814, 0.416696, -0.0346284
0.412905, 0.417879, -0.0489283
-0.230116, 0.424327, 0.0309157
-0.219665, 0.423059, 0.0457683
-0.209147, 0.421536, 0.0636005
-0.198505, 0.419604, 0.0862293
-0.188361, 0.41858, 0.0982218
-0.178486, 0.418076, 0.104124
-0.168709, 0.417754, 0.107887
-0.159033, 0.417664, 0.108948
-0.149368, 0.417588, 0.109839
-0.139705, 0.417508, 0.110769
-0.13007, 0.417508, 0.11077
-0.120444, 0.417539, 0.110413
-0.110814, 0.417562, 0.110142
-0.101192, 0.417616, 0.109501
-0.0915668, 0.417673, 0.108838
-0.0819449, 0.417758, 0.10784
-0.0723295, 0.417904, 0.106136
-0.0627085, 0.418057, 0.104345
-0.053061, 0.418057, 0.104344
-0.0434047, 0.417971, 0.105348
-0.0337516, 0.417877, 0.106453
-0.0241042, 0.417806, 0.107281
-0.0144604, 0.417743, 0.108016
-0.00481892, 0.417638, 0.109244
0.00481756, 0.41752, 0.110627
0.0144484, 0.417395, 0.112091
0.0240748, 0.417298, 0.113236
0.0336982, 0.417216, 0.11419
0.0433194, 0.417149, 0.11497
0.0529392, 0.417097, 0.115587
0.0625678, 0.417118, 0.115334
0.0722006, 0.417159, 0.114863
0.0818341, 0.417194, 0.114453
0.0914734, 0.417247, 0.113826
0.10114, 0.417405, 0.111977
0.110817, 0.417573, 0.110015
0.120501, 0.417738, 0.108082
0.130196, 0.417912, 0.106046
0.139894, 0.418074, 0.104139
0.149595, 0.418224, 0.10239
0.159304, 0.418373, 0.100638
0.169011, 0.418505, 0.099102
0.178725, 0.418636, 0.0975666
0.188446, 0.418769, 0.0960064
0.19813, 0.418811, 0.0955153
0.207762, 0.418745, 0.0962853
0.217408, 0.418712, 0.0966754
0.226867, 0.418336, 0.10108
0.236234, 0.417828, 0.107023
0.245704, 0.417536, 0.110442
0.25519, 0.417292, 0.113302
0.264724, 0.417141, 0.11507
0.274265, 0.417011, 0.116592
0.283804, 0.416887, 0.118048
0.293386, 0.416833, 0.118677
0.302925, 0.416722, 0.119979
0.312607, 0.41681, 0.118951
0.322327, 0.416941, 0.117412
0.332201, 0.417257, 0.113709
0.342109, 0.417598, 0.109721
0.352225, 0.418167, 0.103057
0.362444, 0.418824, 0.0953584
0.372583, 0.419358, 0.0891104
0.382806, 0.419956, 0.0821033
0.397931, 0.42577, 0.01402
-0.230129, 0.437408, 0.0306311
-0.219252, 0.435256, 0.0550833
-0.208881, 0.433954, 0.0698724
-0.198643, 0.432815, 0.0828171
-0.188491, 0.431756, 0.0948467
-0.178584, 0.431176, 0.101439
-0.168848, 0.430965, 0.103837
-0.159143, 0.430812, 0.105575
-0.14944, 0.430644, 0.107484
-0.139762, 0.430531, 0.10876
-0.130109, 0.430484, 0.109303
-0.120478, 0.430507, 0.109033
-0.110846, 0.430533, 0.10874
-0.101212, 0.430554, 0.1085
-0.0915798, 0.430585, 0.108145
-0.0819469, 0.430623, 0.107717
-0.0723153, 0.430677, 0.1071
-0.0627003, 0.430863, 0.104989
-0.0530546, 0.430868, 0.10494
-0.0433999, 0.430783, 0.105898
-0.0337464, 0.430668, 0.107205
-0.0240981, 0.430553, 0.108511
-0.0144553, 0.430445, 0.109744
-0.00481703, 0.43032, 0.111164
0.00481552, 0.430185, 0.112694
0.0144421, 0.430051, 0.114219
0.0240642, 0.429947, 0.115394
0.0336828, 0.429856, 0.116432
0.0432972, 0.429764, 0.117474
0.052908, 0.429678, 0.118459
0.0625278, 0.429678, 0.118453
0.0721524, 0.429708, 0.118119
0.0817783, 0.429737, 0.117783
0.0914078, 0.429777, 0.117332
0.101064, 0.429921, 0.115694
0.110734, 0.430096, 0.113702
0.120412, 0.430272, 0.111712
0.1301, 0.430454, 0.109636
0.139801, 0.430652, 0.107386
0.149506, 0.430836, 0.105303
0.159211, 0.430995, 0.103487
0.168931, 0.431177, 0.101423
0.17865, 0.431336, 0.0996222
0.18835, 0.431434, 0.0984993
0.197967, 0.431342, 0.0995488
0.207631, 0.431357, 0.0993767
0.217258, 0.431297, 0.100065
0.226688, 0.430869, 0.104929
0.236108, 0.430455, 0.109629
0.245581, 0.430168, 0.112883
0.255076, 0.42994, 0.11548
0.264634, 0.42983, 0.116733
0.274187, 0.42972, 0.11798
0.28375, 0.429632, 0.118973
0.293348, 0.429602, 0.119317
0.302942, 0.429568, 0.119699
0.312631, 0.429667, 0.118583
0.32235, 0.429799, 0.117074
0.332191, 0.430083, 0.113853
0.342099, 0.430435, 0.109855
0.352162, 0.430956, 0.10394
0.362402, 0.431661, 0.0959244
0.372587, 0.432265, 0.0890594
0.382772, 0.43284, 0.0825353
0.397691, 0.438605, 0.0170321
-0.240691, 0.45191, 0.0146937
-0.229702, 0.44963, 0.0398464
-0.218979, 0.447691, 0.0612402
-0.20862, 0.446349, 0.0760412
-0.198396, 0.44518, 0.0889354
-0.188432, 0.444506, 0.0963726
-0.178574, 0.444022, 0.101712
-0.168843, 0.443817, 0.103975
-0.159163, 0.443728, 0.104957
-0.149501, 0.443681, 0.105469
-0.139822, 0.443574, 0.106653
-0.130153, 0.443485, 0.107631
-0.120515, 0.443495, 0.107523
-0.11088, 0.443519, 0.10726
-0.101244, 0.443547, 0.106951
-0.0916064, 0.443568, 0.10672
-0.0819605, 0.443551, 0.106906
-0.0723243, 0.443589, 0.106489
-0.0627054, 0.443761, 0.10459
-0.0530596, 0.443772, 0.104474
-0.0434023, 0.443667, 0.105624
-0.0337452, 0.443508, 0.107379
-0.0240959, 0.443365, 0.10896
-0.0144533, 0.443233, 0.110419
-0.00481626, 0.443094, 0.111947
0.00481465, 0.442946, 0.113585
0.0144392, 0.442802, 0.115172
0.0240593, 0.442691, 0.116397
0.0336758, 0.442596, 0.117447
0.0432877, 0.442496, 0.118541
0.0528951, 0.442395, 0.119656
0.062508, 0.442364, 0.120003
0.072128, 0.442385, 0.119771
0.0817493, 0.442408, 0.119513
0.0913725, 0.442435, 0.119216
0.10102, 0.442562, 0.117819
0.110682, 0.442728, 0.115986
0.120352, 0.442895, 0.114141
0.130031, 0.443067, 0.112243
0.13972, 0.44325, 0.110224
0.149418, 0.443434, 0.108202
0.159127, 0.443628, 0.106059
0.168844, 0.44382, 0.103946
0.178566, 0.444003, 0.101926
0.188204, 0.443969, 0.102299
0.197823, 0.443895, 0.103114
0.207478, 0.443906, 0.102992
0.217065, 0.443777, 0.104418
0.226542, 0.443443, 0.108096
0.236027, 0.443153, 0.111295
0.245514, 0.442888, 0.11422
0.255045, 0.44272, 0.116073
0.264605, 0.442612, 0.117263
0.274167, 0.442516, 0.11833
0.283759, 0.442472, 0.118816
0.293365, 0.442452, 0.119033
0.302996, 0.442471, 0.118824
0.312703, 0.442595, 0.117455
0.322426, 0.442734, 0.115923
0.33227, 0.443027, 0.112688
0.342183, 0.443392, 0.108663
0.352241, 0.44392, 0.102842
0.362499, 0.444666, 0.0946116
0.372693, 0.445296, 0.0876594
0.382872, 0.445876, 0.0812635
0.397669, 0.451674, 0.0172992
-0.24057, 0.464775, 0.0171976
-0.229441, 0.462136, 0.0454879
-0.218827, 0.460347, 0.064671
-0.208421, 0.458849, 0.0807328
-0.198255, 0.45776, 0.0924106
-0.188365, 0.457228, 0.0981154
-0.178579, 0.456906, 0.101562
-0.168842, 0.456677, 0.104013
-0.159166, 0.456598, 0.104867
-0.149531, 0.456633, 0.104491
-0.139877, 0.456611, 0.104723
-0.130204, 0.456517, 0.105736
-0.120555, 0.456501, 0.10591
-0.110917, 0.456529, 0.105601
-0.101279, 0.456559, 0.105285
-0.0916392, 0.456588, 0.10497
-0.0819924, 0.456585, 0.105002
-0.0723467, 0.456588, 0.104973
-0.0627222, 0.456747, 0.103273
-0.0530722, 0.456743, 0.103314
-0.0434096, 0.456604, 0.104796
-0.0337508, 0.456439, 0.106573
-0.024099, 0.456276, 0.10832
-0.0144544, 0.456114, 0.110055
-0.00481646, 0.455957, 0.111741
0.00481477, 0.455796, 0.113464
0.014439, 0.455629, 0.115255
0.0240578, 0.455496, 0.116684
0.0336734, 0.455393, 0.117789
0.0432847, 0.45529, 0.118886
0.0528923, 0.455195, 0.119912
0.0625023, 0.455145, 0.120447
0.0721204, 0.455159, 0.120288
0.0817391, 0.455175, 0.120124
0.0913586, 0.45519, 0.119957
0.100997, 0.455286, 0.118935
0.110654, 0.455446, 0.117211
0.120319, 0.455607, 0.115488
0.129991, 0.455771, 0.113727
0.139678, 0.455959, 0.111713
0.149377, 0.456161, 0.109552
0.159084, 0.456362, 0.107395
0.168798, 0.456559, 0.105284
0.178494, 0.456687, 0.103906
0.188093, 0.456568, 0.105189
0.197709, 0.4565, 0.105918
0.20735, 0.456491, 0.106011
0.216915, 0.456325, 0.107794
0.226424, 0.456059, 0.110648
0.235965, 0.455877, 0.11259
0.245484, 0.45567, 0.11481
0.255047, 0.455556, 0.116036
0.264613, 0.455455, 0.117124
0.274192, 0.455383, 0.117892
0.283808, 0.455376, 0.117966
0.293427, 0.455372, 0.118006
0.303082, 0.455425, 0.117436
0.312795, 0.455558, 0.116018
0.322521, 0.455701, 0.114482
0.332377, 0.456014, 0.111124
0.342284, 0.456378, 0.107225
0.352331, 0.456905, 0.101578
0.362598, 0.457679, 0.0932784
0.372816, 0.458354, 0.0860443
0.383009, 0.458964, 0.0794988
0.393999, 0.460476, 0.0632892
-0.240402, 0.477533, 0.0206823
-0.2295, 0.475277, 0.0442152
-0.218823, 0.473306, 0.0647631
-0.208356, 0.471627, 0.0822701
-0.198275, 0.470701, 0.0919223
-0.188342, 0.470051, 0.0987039
-0.178583, 0.469786, 0.10147
-0.168859, 0.469588, 0.103533
-0.159182, 0.469507, 0.104375
-0.149537, 0.469514, 0.104308
-0.139914, 0.469597, 0.103434
-0.130269, 0.469613, 0.103267
-0.120606, 0.469559, 0.10383
-0.110956, 0.469554, 0.103881
-0.101314, 0.46958, 0.103614
-0.0916704, 0.46961, 0.103304
-0.0820244, 0.46963, 0.103089
-0.0723776, 0.46965, 0.102884
-0.062748, 0.469805, 0.101264
-0.0530909, 0.469774, 0.101589
-0.0434249, 0.469632, 0.10307
-0.0337626, 0.469461, 0.104856
-0.0241066, 0.469275, 0.106798
-0.0144582, 0.469086, 0.108768
-0.00481771, 0.468922, 0.110477
0.00481607, 0.468762, 0.112141
0.0144431, 0.468597, 0.113863
0.0240646, 0.468459, 0.115306
0.0336838, 0.468365, 0.116281
0.0432997, 0.468278, 0.117192
0.0529119, 0.468191, 0.118099
0.0625239, 0.468128, 0.11876
0.0721443, 0.468136, 0.11867
0.0817655, 0.468148, 0.118549
0.0913874, 0.46816, 0.118422
0.101021, 0.468225, 0.117743
0.110678, 0.468377, 0.116161
0.120341, 0.468527, 0.114593
0.13001, 0.468679, 0.113011
0.139689, 0.46884, 0.111327
0.149378, 0.469016, 0.109497
0.159077, 0.469197, 0.107609
0.168785, 0.469384, 0.10566
0.178432, 0.469388, 0.105618
0.18801, 0.469222, 0.107346
0.197622, 0.469153, 0.108072
0.207251, 0.469125, 0.108355
0.21681, 0.468952, 0.110163
0.226342, 0.468737, 0.112407
0.235954, 0.468697, 0.112822
0.245504, 0.468544, 0.114418
0.255067, 0.468425, 0.115655
0.264619, 0.468295, 0.117012
0.274231, 0.468277, 0.117198
0.28386, 0.468289, 0.117073
0.293484, 0.468291, 0.117055
0.303171, 0.468391, 0.116016
0.312889, 0.468531, 0.114549
0.322636, 0.468705, 0.112736
0.33251, 0.469048, 0.109159
0.342419, 0.46942, 0.105286
0.352484, 0.469979, 0.0994573
0.362733, 0.470747, 0.0914507
0.372989, 0.471484, 0.0837607
0.38322, 0.472153, 0.0767808
0.394123, 0.473597, 0.0617337
-0.250725, 0.491617, 0.0105319
-0.240271, 0.490349, 0.0233951
-0.22971, 0.488746, 0.0396705
-0.219002, 0.48667, 0.0607343
-0.20845, 0.484767, 0.0800543
-0.198314, 0.483693, 0.0909486
-0.188404, 0.483087, 0.0971031
-0.178604, 0.482715, 0.100878
-0.168897, 0.482562, 0.102426
-0.159209, 0.482452, 0.103546
-0.149567, 0.482473, 0.103327
-0.139944, 0.482566, 0.102388
-0.130317, 0.482655, 0.101481
-0.120666, 0.482663, 0.101402
-0.111003, 0.482622, 0.101816
-0.101351, 0.482625, 0.101793
-0.0917021, 0.482642, 0.101612
-0.0820539, 0.48267, 0.101331
-0.0724095, 0.482729, 0.100729
-0.0627815, 0.482935, 0.0986471
-0.0531186, 0.482897, 0.0990272
-0.0434466, 0.482739, 0.100632
-0.0337793, 0.482561, 0.102439
-0.0241184, 0.482368, 0.104393
-0.0144652, 0.48217, 0.106405
-0.00482003, 0.482001, 0.108121
0.00481863, 0.481861, 0.10954
0.0144513, 0.481708, 0.111098
0.0240782, 0.481565, 0.112548
0.033704, 0.481485, 0.113358
0.0433263, 0.481403, 0.114193
0.052945, 0.481319, 0.115046
0.0625618, 0.481244, 0.115803
0.0721865, 0.481243, 0.115817
0.0818126, 0.481251, 0.115734
0.0914392, 0.481259, 0.115654
0.101072, 0.481297, 0.11527
0.110729, 0.481432, 0.113894
0.120393, 0.481572, 0.112477
0.130062, 0.48171, 0.111071
0.139736, 0.48185, 0.109655
0.149422, 0.482005, 0.108077
0.159115, 0.482167, 0.106438
0.168812, 0.482319, 0.10489
0.178417, 0.482207, 0.106027
0.188014, 0.482086, 0.107254
0.197643, 0.482056, 0.107565
0.207252, 0.481981, 0.108327
0.216778, 0.481728, 0.11089
0.226315, 0.481521, 0.11299
0.235921, 0.481472, 0.11349
0.245504, 0.481381, 0.114413
0.255056, 0.481238, 0.115861
0.264625, 0.481136, 0.116904
0.274258, 0.481155, 0.116705
0.283897, 0.481181, 0.116448
0.29355, 0.481229, 0.115952
0.303268, 0.481378, 0.114446
0.312999, 0.481537, 0.112836
0.322767, 0.481742, 0.11075
0.332657, 0.482112, 0.106995
0.342567, 0.482489, 0.103168
0.352641, 0.483069, 0.097281
0.362866, 0.483821, 0.0896502
0.373137, 0.484593, 0.08181
0.383458, 0.48539, 0.0737305
0.394331, 0.486828, 0.0591311
-0.250479, 0.504232, 0.0154209
-0.240205, 0.503287, 0.0247569
-0.229851, 0.502086, 0.0366278
-0.219395, 0.500545, 0.0518646
-0.208645, 0.498159, 0.075448
-0.198503, 0.497065, 0.0862722
-0.188497, 0.496215, 0.0946693
-0.178701, 0.495855, 0.0982308
-0.168983, 0.495684, 0.0999184
-0.159254, 0.495457, 0.102161
-0.149623, 0.495526, 0.101482
-0.140007, 0.495657, 0.100186
-0.130354, 0.495666, 0.100099
-0.120711, 0.49572, 0.0995626
-0.111053, 0.495714, 0.0996256
-0.101395, 0.495706, 0.0996981
-0.0917445, 0.495742, 0.0993447
-0.0821005, 0.495823, 0.0985456
-0.0724554, 0.495916, 0.0976219
-0.0628221, 0.496133, 0.0954804
-0.053159, 0.49615, 0.0953078
-0.0434837, 0.496036, 0.0964446
-0.0338078, 0.495847, 0.0983043
-0.0241384, 0.495642, 0.100339
-0.014477, 0.495434, 0.102389
-0.00482407, 0.495269, 0.104019
0.00482272, 0.495131, 0.10539
0.0144638, 0.49498, 0.106876
0.024099, 0.494833, 0.108334
0.0337325, 0.494743, 0.10922
0.0433631, 0.49466, 0.11004
0.0529906, 0.494579, 0.110845
0.0626155, 0.494502, 0.111607
0.0722465, 0.494487, 0.111755
0.0818794, 0.494488, 0.111746
0.0915122, 0.494487, 0.111752
0.101149, 0.494506, 0.111567
0.110808, 0.494622, 0.110415
0.120476, 0.494755, 0.109101
0.130148, 0.494882, 0.107847
0.13982, 0.494994, 0.106745
0.149501, 0.495122, 0.105475
0.159193, 0.495268, 0.104033
0.168872, 0.495358, 0.10314
0.178457, 0.495178, 0.104917
0.188069, 0.495086, 0.105829
0.197693, 0.495036, 0.106323
0.207259, 0.494851, 0.108157
0.216768, 0.494552, 0.111115
0.226331, 0.494397, 0.112644
0.235914, 0.494297, 0.113631
0.245477, 0.494163, 0.114958
0.255024, 0.494008, 0.116488
0.264628, 0.493972, 0.116842
0.274271, 0.494008, 0.116487
0.283919, 0.494051, 0.116059
0.293618, 0.494176, 0.114822
0.303368, 0.494377, 0.112835
0.313107, 0.494548, 0.111148
0.322913, 0.494812, 0.108536
0.332819, 0.495209, 0.10462
0.342738, 0.495602, 0.100727
0.35286, 0.49626, 0.0942287
0.363061, 0.496991, 0.0870023
0.37334, 0.497786, 0.0791388
0.383745, 0.498706, 0.0700474
0.394793, 0.500396, 0.0533371
-0.250629, 0.517639, 0.0124288
-0.240174, 0.516293, 0.0254035
-0.229962, 0.515375, 0.0342412
-0.219715, 0.514297, 0.0446343
-0.20915, 0.512337, 0.0635176
-0.198778, 0.510682, 0.0794644
-0.188734, 0.509744, 0.0884995
-0.178837, 0.509123, 0.0944853
-0.169095, 0.508895, 0.0966859
-0.159396, 0.50878, 0.097785
-0.149697, 0.508648, 0.0990658
-0.140067, 0.508748, 0.0980949
-0.130425, 0.508818, 0.0974212
-0.12076, 0.508804, 0.0975618
-0.111114, 0.508872, 0.0969081
-0.10146, 0.508908, 0.0965567
-0.0917972, 0.508911, 0.0965323
-0.0821523, 0.509022, 0.0954556
-0.0725079, 0.509166, 0.0940695
-0.0628778, 0.509471, 0.0911326
-0.0532155, 0.509579, 0.0900893
-0.0435366, 0.509539, 0.0904727
-0.0338499, 0.50936, 0.0922027
-0.0241683, 0.509146, 0.0942616
-0.0144955, 0.508952, 0.0961366
-0.00483046, 0.508806, 0.0975356
0.00482919, 0.508672, 0.0988278
0.0144832, 0.508519, 0.100309
0.0241306, 0.508353, 0.101906
0.0337757, 0.508244, 0.102952
0.0434183, 0.508154, 0.103823
0.0530574, 0.508065, 0.104681
0.0626938, 0.507981, 0.105492
0.0723338, 0.507944, 0.105845
0.0819772, 0.507937, 0.105908
0.0916204, 0.507931, 0.105973
0.101266, 0.507936, 0.105922
0.11093, 0.508026, 0.10506
0.120601, 0.508132, 0.104033
0.130273, 0.508227, 0.103118
0.139937, 0.508278, 0.102628
0.149613, 0.508363, 0.101807
0.159285, 0.508425, 0.101213
0.168952, 0.508465, 0.100824
0.17853, 0.508248, 0.102915
0.188148, 0.508161, 0.103758
0.197739, 0.508013, 0.10518
0.207263, 0.507714, 0.108059
0.216794, 0.507459, 0.110516
0.226364, 0.507311, 0.111941
0.235925, 0.507159, 0.113404
0.245477, 0.506999, 0.114952
0.255051, 0.506894, 0.115961
0.264684, 0.506911, 0.115803
0.274326, 0.506943, 0.115495
0.283979, 0.506991, 0.115029
0.293708, 0.507167, 0.113329
0.303463, 0.507377, 0.111313
0.313225, 0.507586, 0.109299
0.323081, 0.507928, 0.105996
0.332993, 0.508337, 0.102055
0.34295, 0.50879, 0.0976915
0.353082, 0.509469, 0.0911484
0.363282, 0.510209, 0.0840211
0.373593, 0.511063, 0.0757957
0.384106, 0.512142, 0.0654006
0.395674, 0.514539, 0.0422997
-0.250472, 0.530411, 0.0155559
-0.240152, 0.529315, 0.0258574
-0.230075, 0.528682, 0.0318046
-0.219924, 0.527817, 0.0399327
-0.209772, 0.526868, 0.0488529
-0.199305, 0.524997, 0.066431
-0.189091, 0.523635, 0.0792313
-0.179139, 0.522893, 0.0862069
-0.16932, 0.522473, 0.0901504
-0.159591, 0.522299, 0.0917883
-0.14988, 0.522161, 0.0930853
-0.140184, 0.522066, 0.0939803
-0.130525, 0.522099, 0.0936646
-0.120856, 0.522097, 0.093688
-0.111202, 0.522166, 0.0930347
-0.101535, 0.522181, 0.0928979
-0.0918551, 0.522124, 0.0934367
-0.0822074, 0.522259, 0.0921645
-0.0725651, 0.522468, 0.0901985
-0.062938, 0.52287, 0.0864253
-0.0532813, 0.523126, 0.0840206
-0.0435932, 0.523118, 0.084094
-0.0339019, 0.523058, 0.0846558
-0.0242085, 0.522904, 0.0861006
-0.0145197, 0.522706, 0.0879622
-0.00483833, 0.522537, 0.089551
0.00483737, 0.522434, 0.0905209
0.0145086, 0.522308, 0.0917087
0.0241747, 0.522175, 0.0929546
0.0338369, 0.522055, 0.0940847
0.0434978, 0.521973, 0.0948482
0.0531555, 0.521891, 0.095624
0.0628103, 0.521808, 0.0964007
0.0724643, 0.521742, 0.0970192
0.082123, 0.521722, 0.0972075
0.0917817, 0.521706, 0.0973587
0.101441, 0.521694, 0.0974755
0.111114, 0.521751, 0.0969419
0.120792, 0.521822, 0.0962753
0.130467, 0.521868, 0.095839
0.140122, 0.521833, 0.0961642
0.149771, 0.521782, 0.0966506
0.159417, 0.521729, 0.0971475
0.169066, 0.521688, 0.0975342
0.178661, 0.521498, 0.0993161
0.188272, 0.521369, 0.100528
0.197783, 0.52099, 0.10409
0.207283, 0.520618, 0.107584
0.216835, 0.520404, 0.109601
0.226405, 0.520249, 0.111055
0.235984, 0.520129, 0.112183
0.24557, 0.52003, 0.113108
0.255192, 0.520015, 0.113256
0.264838, 0.520046, 0.112963
0.274487, 0.520081, 0.112635
0.284167, 0.52017, 0.1118
0.293917, 0.520377, 0.109852
0.303677, 0.520589, 0.10786
0.313469, 0.52084, 0.105501
0.323363, 0.521242, 0.10172
0.333281, 0.521656, 0.0978274
0.34332, 0.522232, 0.0924153
0.353478, 0.522954, 0.0856314
0.363741, 0.523786, 0.0778117
0.374121, 0.524742, 0.0688362
0.3849, 0.526192, 0.0552044
0.396234, 0.528312, 0.0352793
-0.250582, 0.543748, 0.0133576
-0.240192, 0.542475, 0.0250297
-0.230133, 0.541872, 0.0305548
-0.22008, 0.541233, 0.0364213
-0.210008, 0.540486, 0.0432711
-0.199964, 0.539739, 0.0501213
-0.189839, 0.538687, 0.0597677
-0.179759, 0.537657, 0.0692129
-0.169781, 0.536832, 0.0767789
-0.159923, 0.536308, 0.0815821
-0.150177, 0.536116, 0.0833426
-0.140461, 0.536013, 0.0842891
-0.130748, 0.535906, 0.0852699
-0.121043, 0.535818, 0.0860763
-0.111319, 0.53562, 0.0878968
-0.101625, 0.535546, 0.088572
-0.0919517, 0.535578, 0.0882769
-0.0822873, 0.535674, 0.0873961
-0.0726372, 0.535901, 0.0853219
-0.063001, 0.536316, 0.0815125
-0.0533465, 0.536699, 0.0780044
-0.0436556, 0.536802, 0.0770555
-0.0339557, 0.536823, 0.0768633
-0.0242507, 0.536749, 0.0775437
-0.014548, 0.536657, 0.0783863
-0.00484796, 0.536506, 0.0797739
0.00484704, 0.536404, 0.0807061
0.0145395, 0.536342, 0.0812716
0.0242281, 0.53625, 0.082119
0.033912, 0.536133, 0.0831952
0.0435959, 0.536068, 0.0837874
0.0532787, 0.536016, 0.084259
0.0629579, 0.535949, 0.084877
0.072633, 0.53587, 0.0856051
0.0823117, 0.535833, 0.0859399
0.0919913, 0.535809, 0.0861621
0.10167, 0.535782, 0.0864077
0.111345, 0.535745, 0.0867491
0.121026, 0.535743, 0.0867686
0.130707, 0.535736, 0.0868297
0.14035, 0.535588, 0.0881848
0.14999, 0.535448, 0.0894713
0.15962, 0.53529, 0.0909195
0.169233, 0.535099, 0.0926704
0.178815, 0.534835, 0.0950975
0.188351, 0.534465, 0.0984874
0.197802, 0.533905, 0.103623
0.207327, 0.533586, 0.106552
0.2169, 0.533412, 0.108141
0.226549, 0.533434, 0.107941
0.236136, 0.533313, 0.109049
0.24573, 0.533219, 0.109917
0.255374, 0.533234, 0.109781
0.265022, 0.533256, 0.109571
0.274681, 0.533299, 0.109184
0.284408, 0.533466, 0.10765
0.294169, 0.533683, 0.105656
0.303936, 0.533899, 0.103681
0.313783, 0.534236, 0.100592
0.323693, 0.534657, 0.0967264
0.333652, 0.535133, 0.0923619
0.34378, 0.535844, 0.0858374
0.353976, 0.536621, 0.0787163
0.364305, 0.537552, 0.0701799
0.374875, 0.538782, 0.0588999
0.386138, 0.54092, 0.0392938
0.397474, 0.54305, 0.0197525
-0.250413, 0.556473, 0.0167332
-0.240265, 0.555716, 0.0235147
-0.230184, 0.555054, 0.029439
-0.22017, 0.554503, 0.0343757
-0.210086, 0.553716, 0.041419
-0.200155, 0.553274, 0.0453801
-0.190201, 0.55272, 0.0503378
-0.180289, 0.552238, 0.0546608
-0.170411, 0.551808, 0.0585084
-0.160518, 0.551274, 0.063292
-0.150653, 0.550773, 0.0677752
-0.140875, 0.550546, 0.0698142
-0.131129, 0.550416, 0.070972
-0.121366, 0.550194, 0.0729623
-0.111615, 0.549985, 0.0748315
-0.101847, 0.54965, 0.0778289
-0.0920998, 0.549367, 0.0803676
-0.0823898, 0.549266, 0.0812759
-0.0727127, 0.549384, 0.0802107
-0.0630618, 0.549769, 0.0767646
-0.0534052, 0.550235, 0.0725918
-0.0437076, 0.550391, 0.0711956
-0.034002, 0.550508, 0.0701509
-0.0242863, 0.550491, 0.0703025
-0.0145699, 0.550418, 0.0709586
-0.00485639, 0.550389, 0.0712156
0.00485641, 0.55039, 0.0712023
0.0145678, 0.550338, 0.0716715
0.0242785, 0.550313, 0.0718951
0.0339904, 0.55032, 0.0718303
0.0437038, 0.550344, 0.0716205
0.0534121, 0.550306, 0.0719557
0.0631187, 0.550265, 0.0723252
0.0728262, 0.550242, 0.0725317
0.0825334, 0.550223, 0.0727053
0.0922361, 0.55018, 0.0730867
0.101938, 0.550141, 0.0734372
0.111634, 0.550082, 0.0739622
0.121324, 0.550001, 0.0746861
0.131003, 0.549888, 0.0757012
0.140647, 0.549656, 0.0777764
0.150288, 0.549438, 0.0797305
0.159883, 0.549092, 0.0828328
0.16945, 0.548694, 0.0863986
0.179005, 0.548303, 0.0898962
0.188482, 0.547725, 0.0950675
0.197889, 0.547009, 0.101483
0.207395, 0.546622, 0.10495
0.217015, 0.546556, 0.105541
0.226696, 0.546642, 0.10477
0.236326, 0.546603, 0.105115
0.245962, 0.546582, 0.105306
0.255623, 0.546616, 0.105006
0.265292, 0.546662, 0.104592
0.274995, 0.546774, 0.103592
0.284757, 0.54699, 0.101652
0.294521, 0.547197, 0.0998006
0.304323, 0.547459, 0.097455
0.314221, 0.547872, 0.0937581
0.324158, 0.548327, 0.0896802
0.334257, 0.54902, 0.0834727
0.344433, 0.549799, 0.0765033
0.354739, 0.550737, 0.0681028
0.365228, 0.5519, 0.0576825
0.376189, 0.553697, 0.0415897
0.387749, 0.556264, 0.0186024
0.399042, 0.558331, 9.77516e-05
-0.37907, 0.571067, 0.00360584
-0.368965, 0.570666, 0.00711346
-0.359947, 0.571971, -0.00430393
-0.250744, 0.57032, 0.0101423
-0.240359, 0.569012, 0.0215836
-0.230256, 0.568292, 0.0278826
-0.220215, 0.567666, 0.033361
-0.210123, 0.566843, 0.0405588
-0.200142, 0.566256, 0.0456977
-0.19026, 0.565902, 0.0487957
-0.180434, 0.565686, 0.0506845
-0.170609, 0.565448, 0.0527711
-0.160797, 0.565224, 0.0547261
-0.150982, 0.564963, 0.0570073
-0.141192, 0.564767, 0.0587268
-0.131433, 0.564676, 0.0595198
-0.121682, 0.564603, 0.0601602
-0.111917, 0.564449, 0.0615067
-0.102147, 0.56424, 0.0633349
-0.0923805, 0.564007, 0.0653715
-0.082601, 0.56363, 0.0686698
-0.0728362, 0.563266, 0.0718546
-0.0631246, 0.563266, 0.0718617
-0.0534546, 0.563703, 0.0680327
-0.0437548, 0.56395, 0.0658765
-0.0340422, 0.564127, 0.0643258
-0.0243211, 0.56425, 0.0632505
-0.0145942, 0.564307, 0.062746
-0.0048656, 0.564407, 0.0618744
0.00486695, 0.564565, 0.0604963
0.014606, 0.564763, 0.0587621
0.0243477, 0.564867, 0.0578537
0.0340916, 0.564947, 0.0571499
0.0438387, 0.565032, 0.0564113
0.0535852, 0.565081, 0.0559769
0.063331, 0.565108, 0.0557456
0.0730774, 0.565131, 0.0555377
0.0828231, 0.565146, 0.0554056
0.0925628, 0.565121, 0.0556316
0.102296, 0.565064, 0.0561314
0.112025, 0.564998, 0.056704
0.12172, 0.56478, 0.0586128
0.1314, 0.564534, 0.0607662
0.141043, 0.564172, 0.0639281
0.150676, 0.563821, 0.0670047
0.160262, 0.563343, 0.0711803
0.169829, 0.562863, 0.0753837
0.179372, 0.562356, 0.0798182
0.188843, 0.561686, 0.085681
0.198188, 0.560727, 0.0940714
0.207703, 0.560315, 0.0976739
0.217318, 0.560196, 0.0987148
0.226947, 0.560125, 0.0993438
0.236583, 0.560074, 0.0997839
0.246249, 0.560096, 0.0995922
0.255922, 0.560131, 0.0992842
0.265604, 0.560183, 0.0988321
0.275355, 0.560371, 0.0971889
0.285124, 0.560583, 0.0953321
0.29491, 0.560813, 0.093318
0.304795, 0.56121, 0.0898452
0.31471, 0.561636, 0.0861225
0.324771, 0.562291, 0.0803909
0.33495, 0.563104, 0.0732751
0.345259, 0.564085, 0.0646906
0.35571, 0.565238, 0.0546088
0.366413, 0.566719, 0.0416498
0.377557, 0.568788, 0.0235462
0.388201, 0.570016, 0.0127978
0.398383, 0.570524, 0.00836039
0.40834, 0.570692, 0.00688982
-0.388175, 0.583081, 0.0131321
-0.378089, 0.582683, 0.0165367
-0.368278, 0.582698, 0.0164056
-0.358556, 0.582857, 0.0150456
-0.349144, 0.583546, 0.00915098
-0.240526, 0.582497, 0.0181241
-0.230321, 0.58152, 0.0264854
-0.220218, 0.580724, 0.033289
-0.210067, 0.579719, 0.0418897
-0.200107, 0.579171, 0.046577
-0.190267, 0.57893, 0.0486293
-0.180464, 0.578786, 0.0498681
-0.170665, 0.578636, 0.0511446
-0.160875, 0.5785, 0.0523148
-0.151092, 0.578373, 0.0533943
-0.141313, 0.578249, 0.0544629
-0.131546, 0.578153, 0.0552797
-0.121789, 0.578091, 0.0558085
-0.112062, 0.578177, 0.0550771
-0.102361, 0.578421, 0.0529876
-0.0926434, 0.578615, 0.0513306
-0.0828583, 0.578384, 0.0533051
-0.0730729, 0.578088, 0.0558376
-0.0632824, 0.577655, 0.0595388
-0.0535217, 0.577386, 0.061841
-0.043813, 0.577682, 0.0593061
-0.0340949, 0.577989, 0.0566797
-0.0243663, 0.578294, 0.05407
-0.014628, 0.578616, 0.0513182
-0.00487835, 0.578895, 0.0489354
0.00488107, 0.579218, 0.0461674
0.0146516, 0.57955, 0.043335
0.0244336, 0.57989, 0.040421
0.0342255, 0.580204, 0.0377393
0.0440208, 0.580421, 0.035881
0.053824, 0.580647, 0.0339522
0.0636355, 0.580877, 0.0319786
0.0734581, 0.581135, 0.0297756
0.0832933, 0.58142, 0.0273361
0.0931403, 0.581718, 0.024786
0.102972, 0.581873, 0.0234599
0.112771, 0.581832, 0.0238109
0.122553, 0.581717, 0.0247965
0.13215, 0.580808, 0.0325723
0.141729, 0.57995, 0.0399079
0.151299, 0.579168, 0.0466013
0.160861, 0.578449, 0.0527463
0.170419, 0.577803, 0.0582743
0.179937, 0.577096, 0.0643225
0.189443, 0.576425, 0.0700583
0.198909, 0.575704, 0.0762291
0.20827, 0.574761, 0.084291
0.21781, 0.574372, 0.0876184
0.22741, 0.57417, 0.0893426
0.237026, 0.574021, 0.0906191
0.246681, 0.573977, 0.0909934
0.256351, 0.573968, 0.0910754
0.266069, 0.574065, 0.0902419
0.275844, 0.574271, 0.0884786
0.285632, 0.57449, 0.0866036
0.295497, 0.574847, 0.0835547
0.305408, 0.575267, 0.0799656
0.315457, 0.575912, 0.0744476
0.325656, 0.576784, 0.0669851
0.335971, 0.577806, 0.0582504
0.346406, 0.578969, 0.0483027
0.356964, 0.58027, 0.0371733
0.367806, 0.581951, 0.0227966
0.378293, 0.582996, 0.0138574
0.388068, 0.58292, 0.0145044
0.397916, 0.582955, 0.0142117
0.407921, 0.583212, 0.0120096
0.418063, 0.583649, 0.0082736
-0.397955, 0.596114, 0.01372
-0.387753, 0.595536, 0.0185566
-0.377754, 0.595248, 0.0209579
-0.3679, 0.59518, 0.0215278
-0.358137, 0.595259, 0.0208683
-0.348571, 0.59568, 0.0173526
-0.339621, 0.597209, 0.0045619
-0.240521, 0.595577, 0.0182137
-0.230333, 0.594618, 0.0262356
-0.220187, 0.593689, 0.0340037
-0.210014, 0.592597, 0.0431399
-0.200101, 0.592168, 0.046721
-0.190292, 0.59202, 0.0479641
-0.180508, 0.591936, 0.048666
-0.170734, 0.591878, 0.0491514
-0.160947, 0.591764, 0.050108
-0.151162, 0.591644, 0.0511045
-0.141382, 0.591529, 0.052074
-0.131609, 0.591428, 0.0529156
-0.121862, 0.591435, 0.0528555
-0.112146, 0.591612, 0.0513792
-0.102468, 0.592035, 0.0478411
-0.0927891, 0.592548, 0.0435467
-0.0830807, 0.592968, 0.0400305
-0.0733218, 0.593092, 0.0389967
-0.0635295, 0.592942, 0.0402517
-0.0537469, 0.592845, 0.0410614
-0.0439581, 0.592619, 0.0429516
-0.0341917, 0.592656, 0.042645
-0.0244331, 0.592911, 0.0405102
-0.0146715, 0.593378, 0.0366054
-0.00489389, 0.59379, 0.0331583
0.00489752, 0.594231, 0.0294719
0.0147082, 0.594863, 0.0241861
0.0245314, 0.595297, 0.0205545
0.0343588, 0.595552, 0.0184159
0.0442418, 0.596445, 0.010951
0.161818, 0.594968, 0.0233002
0.171105, 0.593164, 0.0383949
0.180807, 0.592916, 0.0404673
0.19038, 0.592292, 0.0456896
0.199767, 0.591182, 0.0549755
0.209299, 0.59058, 0.0600095
0.218784, 0.589907, 0.0656404
0.228301, 0.589372, 0.0701141
0.237862, 0.588992, 0.0732903
0.247484, 0.588787, 0.0750098
0.257109, 0.588601, 0.0765648
0.266901, 0.5888, 0.0748997
0.276755, 0.589116, 0.0722551
0.28663, 0.589454, 0.0694251
0.296641, 0.590041, 0.064518
0.306741, 0.590761, 0.058497
0.317031, 0.591791, 0.0498815
0.327412, 0.592925, 0.0403934
0.337602, 0.593658, 0.0342593
0.347676, 0.59415, 0.0301456
0.358334, 0.595587, 0.0181298
0.378846, 0.596969, 0.00656652
0.388369, 0.596482, 0.0106378
0.397918, 0.596058, 0.014183
0.407535, 0.595754, 0.016727
0.417384, 0.595795, 0.016387
0.427488, 0.59619, 0.0130816
0.437442, 0.596363, 0.0116343
-0.397961, 0.609225, 0.0136404
-0.387568, 0.608335, 0.0209227
-0.377722, 0.60828, 0.0213747
-0.367807, 0.608107, 0.0227904
-0.358071, 0.608229, 0.0217872
-0.348283, 0.608269, 0.0214667
-0.338794, 0.608848, 0.016727
-0.329361, 0.609563, 0.0108724
-0.319952, 0.61037, 0.00426865
-0.250954, 0.610162, 0.00597048
-0.240469, 0.608535, 0.0192857
-0.230339, 0.607702, 0.0261025
-0.220167, 0.606684, 0.0344391
-0.210013, 0.605619, 0.0431509
-0.200127, 0.605262, 0.0460734
-0.190341, 0.605186, 0.0466943
-0.180566, 0.605139, 0.0470791
-0.170795, 0.605102, 0.0473881
-0.161013, 0.605018, 0.0480738
-0.151228, 0.604913, 0.0489287
-0.141445, 0.604801, 0.0498481
-0.131671, 0.604711, 0.0505853
-0.121938, 0.604812, 0.0497565
-0.112231, 0.605071, 0.0476398
-0.102546, 0.605511, 0.0440412
-0.0928988, 0.606287, 0.0376887
-0.0832324, 0.607107, 0.0309744
-0.0735314, 0.607859, 0.0248199
-0.0637986, 0.608541, 0.0192409
-0.054019, 0.608942, 0.0159574
-0.0442178, 0.609222, 0.0136614
-0.0343893, 0.609181, 0.013999
-0.0245821, 0.609636, 0.0102744
-0.0147561, 0.609917, 0.00797272
-0.00492098, 0.610199, 0.00567055
0.21029, 0.606417, 0.036623
0.219669, 0.605309, 0.045692
0.229267, 0.604875, 0.0492411
0.239437, 0.605923, 0.0406618
0.249038, 0.605505, 0.0440869
0.258802, 0.605499, 0.0441332
0.268686, 0.605765, 0.0419579
0.277952, 0.604668, 0.0509338
0.288009, 0.605308, 0.0456986
0.298274, 0.606327, 0.0373569
0.308857, 0.607908, 0.024415
0.398512, 0.610068, 0.0067358
0.407855, 0.609325, 0.0128222
0.417131, 0.60852, 0.0194077
0.426724, 0.608204, 0.0219917
0.436498, 0.608154, 0.0224037
0.44632, 0.608172, 0.0222554
0.456269, 0.608359, 0.0207295
0.46612, 0.608409, 0.0203152
0.475709, 0.608123, 0.0226574
0.484991, 0.607463, 0.0280566
0.494817, 0.607497, 0.0277791
0.504701, 0.607601, 0.0269322
0.514652, 0.60778, 0.0254679
0.524604, 0.607953, 0.0240517
0.534625, 0.608198, 0.022048
0.544567, 0.608345, 0.0208387
-0.397705, 0.621926, 0.0168481
-0.38754, 0.621373, 0.0212827
-0.377764, 0.621429, 0.0208292
-0.367843, 0.621246, 0.0223017
-0.357896, 0.621007, 0.0242162
-0.348038, 0.620913, 0.0249701
-0.338325, 0.62108, 0.0236287
-0.328787, 0.621587, 0.0195665
-0.319291, 0.622208, 0.0145879
-0.309909, 0.623097, 0.0074687
-0.250697, 0.622646, 0.0110817
-0.240442, 0.621551, 0.0198555
-0.230349, 0.6208, 0.0258722
-0.220172, 0.619742, 0.0343456
-0.210038, 0.618718, 0.0425563
-0.200185, 0.618456, 0.0446501
-0.190412, 0.618433, 0.0448399
-0.180637, 0.618397, 0.0451241
-0.170861, 0.618352, 0.0454845
-0.161078, 0.618278, 0.0460792
-0.151285, 0.618152, 0.0470853
-0.141489, 0.617999, 0.048316
-0.131737, 0.618027, 0.0480909
-0.122019, 0.618231, 0.0464563
-0.112323, 0.618589, 0.0435882
-0.102645, 0.61913, 0.0392523
-0.0930116, 0.620077, 0.0316615
-0.0833816, 0.621275, 0.0220623
-0.0737175, 0.622503, 0.0122242
-0.0639236, 0.622845, 0.00948334
-0.0540865, 0.622815, 0.00972605
0.408505, 0.623421, 0.00487137
0.417692, 0.622442, 0.0127115
0.426879, 0.621509, 0.0201874
0.436086, 0.620647, 0.0271006
0.44563, 0.620291, 0.029954
0.455266, 0.620075, 0.0316777
0.464889, 0.619852, 0.0334673
0.474508, 0.619633, 0.0352211
0.484107, 0.619397, 0.0371151
0.49372, 0.619187, 0.0387983
0.503435, 0.619111, 0.0394073
0.513149, 0.619036, 0.0400019
0.522861, 0.618963, 0.0405884
0.532652, 0.618985, 0.0404177
0.542507, 0.619078, 0.0396729
0.552601, 0.619434, 0.0368137
0.562853, 0.619954, 0.0326538
0.573004, 0.620347, 0.0295043
0.582752, 0.620297, 0.0299029
0.592576, 0.620328, 0.0296559
0.603314, 0.621299, 0.021873
0.613712, 0.621895, 0.017097
0.624056, 0.622418, 0.012907
-0.397582, 0.634822, 0.0183992
-0.38779, 0.634862, 0.0180798
-0.3778, 0.634573, 0.0203466
-0.367883, 0.634394, 0.0217524
-0.357885, 0.634061, 0.0243692
-0.347897, 0.633727, 0.0269885
-0.338072, 0.633681, 0.0273504
-0.328258, 0.633653, 0.0275731
-0.31863, 0.633992, 0.02491
-0.309051, 0.634453, 0.0212913
-0.299652, 0.635329, 0.014421
-0.290225, 0.6362, 0.00758457
-0.250518, 0.635301, 0.0146365
-0.240414, 0.634561, 0.020443
-0.230362, 0.633904, 0.0256038
-0.220135, 0.632683, 0.0351787
-0.210072, 0.631844, 0.0417662
-0.200243, 0.63166, 0.0432062
-0.190469, 0.631642, 0.0433483
-0.180696, 0.631622, 0.0435109
-0.170923, 0.631599, 0.043684
-0.161129, 0.631496, 0.0444932
-0.151322, 0.63132, 0.0458779
-0.141528, 0.631182, 0.0469575
-0.131799, 0.631334, 0.0457659
-0.122099, 0.631661, 0.0432019
-0.112413, 0.632117, 0.0396223
-0.102753, 0.632827, 0.0340509
-0.0931313, 0.633947, 0.0252652
-0.0835173, 0.635387, 0.0139623
-0.0737768, 0.63612, 0.00821257
0.427648, 0.635737, 0.0112185
0.437021, 0.635071, 0.016439
0.446087, 0.633999, 0.0248528
0.455319, 0.633204, 0.0310969
0.464812, 0.632797, 0.034286
0.474303, 0.632404, 0.0373735
0.483839, 0.632086, 0.0398669
0.493419, 0.631837, 0.0418224
0.50304, 0.631649, 0.0432968
0.512699, 0.631515, 0.0443501
0.522371, 0.631402, 0.0452347
0.532111, 0.631373, 0.0454617
0.541846, 0.63134, 0.0457196
0.551619, 0.631352, 0.0456281
0.56148, 0.631462, 0.0447669
0.571369, 0.631599, 0.043685
0.581293, 0.63177, 0.042346
0.591246, 0.631965, 0.0408125
0.601236, 0.632194, 0.0390224
0.611359, 0.632552, 0.0362077
0.621437, 0.632855, 0.0338335
0.6315, 0.633131, 0.0316629
0.641661, 0.633497, 0.0287914
0.652434, 0.634447, 0.0213404
0.662889, 0.635064, 0.0164938
0.672845, 0.635192, 0.0154943
0.682711, 0.635232, 0.0151763
0.693741, 0.636339, 0.00649118
0.704351, 0.637035, 0.00102663
0.714903, 0.63766, -0.00387669
-0.388069, 0.648418, 0.0144949
-0.377937, 0.647892, 0.0185409
-0.367897, 0.647499, 0.021565
-0.357918, 0.647194, 0.0239067
-0.347876, 0.646756, 0.0272794
-0.337884, 0.646386, 0.0301223
-0.328031, 0.646269, 0.0310216
-0.318176, 0.646142, 0.0319939
-0.308364, 0.646095, 0.0323567
-0.298609, 0.646171, 0.0317726
-0.289036, 0.646658, 0.0280323
-0.279924, 0.648246, 0.0158205
-0.270799, 0.649918, 0.00296307
-0.250587, 0.648577, 0.0132775
-0.240355, 0.647487, 0.0216599
-0.230307, 0.646819, 0.026792
-0.220078, 0.645563, 0.036449
-0.210099, 0.644955, 0.0411201
-0.200295, 0.64485, 0.0419273
-0.190521, 0.644839, 0.0420194
-0.180744, 0.644815, 0.0421982
-0.17096, 0.644762, 0.0426059
-0.161151, 0.644602, 0.043838
-0.151337, 0.644403, 0.0453663
-0.141581, 0.644438, 0.0451002
-0.131868, 0.64469, 0.0431652
-0.122169, 0.645053, 0.040369
-0.112506, 0.645686, 0.0355072
-0.102895, 0.646771, 0.0271597
-0.0932729, 0.648001, 0.0177016
-0.0835998, 0.649128, 0.00903797
0.446891, 0.648238, 0.0158815
0.456584, 0.648055, 0.0172915
0.46577, 0.647175, 0.0240574
0.475223, 0.646695, 0.0277457
0.484597, 0.646129, 0.0321002
0.493895, 0.645486, 0.0370383
0.503446, 0.645193, 0.0392909
0.513057, 0.644986, 0.0408821
0.522707, 0.644835, 0.0420504
0.53241, 0.644753, 0.0426745
0.542134, 0.6447, 0.0430851
0.551936, 0.644739, 0.0427842
0.561798, 0.644846, 0.041965
0.571638, 0.644925, 0.0413547
0.581481, 0.645004, 0.040751
0.591329, 0.645086, 0.0401187
0.601171, 0.645159, 0.0395517
0.611015, 0.645232, 0.0389943
0.620902, 0.645346, 0.0381145
0.630805, 0.645475, 0.0371294
0.640732, 0.645623, 0.0359859
0.650685, 0.645792, 0.0346847
0.660686, 0.646004, 0.0330553
0.670794, 0.646313, 0.0306859
0.680952, 0.646659, 0.0280242
0.6912, 0.647081, 0.0247769
0.701595, 0.647626, 0.0205879
0.711975, 0.648143, 0.0166144
0.722351, 0.648641, 0.0127807
0.733, 0.649369, 0.00718641
0.74408, 0.650454, -0.00115299
0.754366, 0.650826, -0.00401449
-0.378139, 0.661333, 0.0158863
-0.368018, 0.660797, 0.019928
-0.357913, 0.66026, 0.023972
-0.347873, 0.659815, 0.0273294
-0.337806, 0.659293, 0.0312605
-0.327813, 0.658888, 0.0343151
-0.3179, 0.658624, 0.036304
-0.307962, 0.65829, 0.0388246
-0.298187, 0.658293, 0.0387988
-0.288488, 0.658471, 0.0374603
-0.278841, 0.658781, 0.0351191
-0.26937, 0.659548, 0.0293436
-0.260361, 0.661545, 0.0142903
-0.25037, 0.661109, 0.0175791
-0.240265, 0.660321, 0.0235138
-0.230096, 0.659283, 0.0313373
-0.219999, 0.658368, 0.0382309
-0.210138, 0.658107, 0.0402045
-0.200344, 0.65804, 0.0407095
-0.190563, 0.658013, 0.0409131
-0.180776, 0.657961, 0.0412998
-0.170975, 0.657848, 0.0421557
-0.161154, 0.657638, 0.0437317
-0.151375, 0.657585, 0.0441351
-0.141653, 0.657791, 0.0425811
-0.131955, 0.658144, 0.0399256
-0.122282, 0.658694, 0.0357752
-0.112673, 0.659712, 0.0281072
-0.103042, 0.660777, 0.0200791
-0.0933892, 0.661916, 0.0114918
-0.0835912, 0.662174, 0.00955343
0.485534, 0.660457, 0.0224872
0.495, 0.66, 0.025938
0.504824, 0.660028, 0.0257215
0.514465, 0.659822, 0.0272789
0.5241, 0.659615, 0.0288382
0.533447, 0.65906, 0.0330162
0.543146, 0.658951, 0.0338373
0.552912, 0.658927, 0.0340209
0.562682, 0.658909, 0.0341568
0.572286, 0.658699, 0.0357389
0.581951, 0.658566, 0.0367384
0.59175, 0.658587, 0.0365853
0.60155, 0.658608, 0.0364256
0.611385, 0.658666, 0.0359907
0.621256, 0.658759, 0.0352864
0.631152, 0.658878, 0.0343938
0.641069, 0.659013, 0.0333734
0.650981, 0.659139, 0.032423
0.660902, 0.65927, 0.0314364
0.670829, 0.659404, 0.0304284
0.680784, 0.65956, 0.0292506
0.690805, 0.659776, 0.0276198
0.70085, 0.660008, 0.025876
0.71101, 0.66034, 0.0233707
0.721184, 0.660676, 0.0208387
0.73142, 0.661059, 0.017951
0.741775, 0.661539, 0.0143361
0.752522, 0.66235, 0.00822067
0.763559, 0.663393, 0.000359535
-0.378277, 0.674675, 0.0140648
-0.368101, 0.674033, 0.0188122
-0.357953, 0.673409, 0.0234232
-0.347776, 0.672693, 0.0287142
-0.337666, 0.672069, 0.0333285
-0.327636, 0.671572, 0.0369992
-0.317679, 0.671199, 0.0397544
-0.307832, 0.67104, 0.0409269
-0.298062, 0.671047, 0.0408788
-0.288359, 0.671208, 0.0396876
-0.278692, 0.671469, 0.0377636
-0.269024, 0.671745, 0.0357232
-0.2595, 0.672416, 0.0307627
-0.250149, 0.673603, 0.021987
-0.240136, 0.673034, 0.0261955
-0.229897, 0.671754, 0.0356507
-0.219975, 0.671332, 0.0387702
-0.210171, 0.671244, 0.0394239
-0.20038, 0.671192, 0.0398049
-0.190588, 0.67113, 0.0402641
-0.18078, 0.671003, 0.0412045
-0.17096, 0.670813, 0.0426102
-0.161176, 0.670751, 0.0430646
-0.151448, 0.670931, 0.0417347
-0.141754, 0.671295, 0.0390439
-0.132097, 0.671901, 0.034564
-0.122508, 0.67298, 0.0265956
-0.112882, 0.674023, 0.018888
-0.103225, 0.675059, 0.011229
-0.0934415, 0.675402, 0.0086956
0.534277, 0.673157, 0.0252891
0.54374, 0.672736, 0.028399
0.553445, 0.672623, 0.0292315
0.563445, 0.672867, 0.0274262
0.573283, 0.672913, 0.0270886
0.583092, 0.672924, 0.0270066
0.592935, 0.672973, 0.0266452
0.602788, 0.673031, 0.0262146
0.612453, 0.672882, 0.027319
0.622141, 0.672761, 0.0282083
0.631966, 0.67279, 0.0279942
0.641822, 0.672851, 0.0275455
0.651687, 0.67292, 0.02704
0.661385, 0.672816, 0.0278077
0.671105, 0.672738, 0.0283842
0.681072, 0.672905, 0.0271478
0.691078, 0.673107, 0.0256572
0.701135, 0.673351, 0.02385
0.711232, 0.673626, 0.0218172
0.721389, 0.673951, 0.0194187
0.731615, 0.67433, 0.0166173
0.741848, 0.674705, 0.0138464
0.75213, 0.675114, 0.0108204
0.762458, 0.675554, 0.0075717
0.773105, 0.676262, 0.00233984
-0.368197, 0.6873, 0.0175133
-0.358008, 0.686591, 0.0226555
-0.347732, 0.685669, 0.0293384
-0.337486, 0.684754, 0.0359726
-0.327495, 0.684317, 0.0391383
-0.317602, 0.684067, 0.0409536
-0.307763, 0.683917, 0.0420399
-0.297981, 0.683891, 0.0422297
-0.288264, 0.684016, 0.0413256
-0.278573, 0.684214, 0.039887
-0.268896, 0.684463, 0.0380836
-0.259248, 0.684805, 0.0356002
-0.249903, 0.686009, 0.0268707
-0.239945, 0.685557, 0.0301528
-0.229829, 0.684597, 0.0371094
-0.219999, 0.684441, 0.038239
-0.210198, 0.684366, 0.0387864
-0.200397, 0.684282, 0.0393944
-0.190584, 0.684148, 0.0403657
-0.180761, 0.683962, 0.0417118
-0.170985, 0.683939, 0.0418773
-0.161275, 0.684199, 0.0399971
-0.15159, 0.684599, 0.0370932
-0.141943, 0.685242, 0.032433
-0.132357, 0.686297, 0.024786
-0.122739, 0.687337, 0.0172505
-0.113076, 0.688289, 0.0103426
-0.103262, 0.688413, 0.00944567
0.593446, 0.686632, 0.0223575
0.603088, 0.686442, 0.023735
0.61289, 0.686436, 0.0237775
0.62273, 0.686474, 0.0235038
0.633031, 0.68701, 0.0196176
0.642865, 0.687031, 0.0194654
0.652767, 0.687123, 0.0187969
0.6627, 0.687245, 0.0179157
0.672669, 0.687399, 0.016798
0.682663, 0.687574, 0.0155258
0.692641, 0.687729, 0.0144038
0.70261, 0.68787, 0.0133805
0.712582, 0.68801, 0.0123696
0.722562, 0.688154, 0.0113225
0.732608, 0.688357, 0.00985479
0.742602, 0.688505, 0.00878143
0.75281, 0.688846, 0.00630808
0.763067, 0.689222, 0.00358295
0.773384, 0.689642, 0.000535488
0.783961, 0.69028, -0.0040884
-0.368405, 0.700789, 0.0146861
-0.358154, 0.699954, 0.0206275
-0.347841, 0.698947, 0.0277891
-0.337537, 0.697903, 0.0352192
-0.327424, 0.697201, 0.0402088
-0.317523, 0.696923, 0.0421901
-0.30771, 0.696825, 0.0428882
-0.297932, 0.696803, 0.0430417
-0.288193, 0.696873, 0.0425434
-0.278488, 0.697034, 0.0414
-0.268804, 0.697261, 0.0397825
-0.259175, 0.697653, 0.0369916
-0.249727, 0.698582, 0.0303874
-0.239759, 0.698073, 0.0340099
-0.229835, 0.697654, 0.0369868
-0.220017, 0.697536, 0.037827
-0.210201, 0.697409, 0.0387278
-0.200377, 0.697246, 0.0398879
-0.190557, 0.697079, 0.041079
-0.180801, 0.697142, 0.0406318
-0.171121, 0.697522, 0.0379291
-0.161478, 0.698108, 0.033761
-0.151884, 0.698993, 0.0274653
-0.142266, 0.699886, 0.0211134
-0.132626, 0.70079, 0.0146785
-0.122921, 0.701468, 0.00985432
-0.11314, 0.701796, 0.00752401
0.693741, 0.701941, 0.00649261
0.703412, 0.701772, 0.00769424
0.713349, 0.701869, 0.0070014
0.723288, 0.701967, 0.00630808
0.733301, 0.702131, 0.0051384
0.743437, 0.702409, 0.00316477
0.753612, 0.702714, 0.000990391
0.763904, 0.70312, -0.00189447
0.77422, 0.703538, -0.00486708
0.784614, 0.704014, -0.008255
0.795079, 0.704542, -0.0120144
-0.358332, 0.713392, 0.0181532
-0.347961, 0.712258, 0.0260673
-0.337666, 0.711219, 0.0333242
-0.327372, 0.710121, 0.0409918
-0.317454, 0.709795, 0.0432658
-0.30764, 0.709687, 0.0440207
-0.297881, 0.709705, 0.0439
-0.288154, 0.709803, 0.0432124
-0.278449, 0.709964, 0.0420866
-0.268771, 0.710207, 0.040391
-0.259185, 0.71072, 0.0368109
-0.249543, 0.711115, 0.0340519
-0.239683, 0.710897, 0.0355701
-0.229834, 0.710691, 0.0370121
-0.219996, 0.710505, 0.0383115
-0.210159, 0.710304, 0.039712
-0.200343, 0.710159, 0.0407305
-0.190622, 0.710353, 0.039372
-0.180986, 0.710901, 0.0355415
-0.171409, 0.711754, 0.0295868
-0.161821, 0.712664, 0.0232306
-0.152168, 0.71339, 0.0181618
-0.142529, 0.714282, 0.0119352
-0.132788, 0.71476, 0.00859499
-0.358357, 0.726532, 0.0178018
-0.347567, 0.724505, 0.0317059
-0.337789, 0.724533, 0.0315089
-0.327394, 0.723198, 0.0406699
-0.317391, 0.722674, 0.0442624
-0.307603, 0.722623, 0.0446119
-0.297861, 0.722679, 0.0442257
-0.288144, 0.722802, 0.0433798
-0.27844, 0.722966, 0.0422602
-0.268786, 0.72328, 0.0401082
-0.259179, 0.723745, 0.0369172
-0.249397, 0.723739, 0.0369582
-0.239587, 0.72365, 0.0375681
-0.229766, 0.723519, 0.0384636
-0.219939, 0.723355, 0.0395894
-0.210154, 0.723322, 0.0398159
-0.200475, 0.723667, 0.0374546
-0.190905, 0.724461, 0.0320053
-0.181361, 0.725444, 0.0252681
-0.171742, 0.726221, 0.0199342
-0.162095, 0.72697, 0.014801
-0.152413, 0.72765, 0.0101385
-0.142597, 0.727739, 0.00952816
-0.347565, 0.737557, 0.0317225
-0.337137, 0.736164, 0.0411053
-0.327198, 0.735788, 0.0436392
-0.317385, 0.735683, 0.0443425
-0.307616, 0.735674, 0.0444016
-0.297881, 0.73575, 0.0438914
-0.288161, 0.735869, 0.0430889
-0.278481, 0.736102, 0.0415201
-0.26883, 0.736431, 0.0393023
-0.259088, 0.736527, 0.038661
-0.249297, 0.736485, 0.0389433
-0.239496, 0.736411, 0.0394411
-0.229712, 0.736382, 0.0396376
-0.219998, 0.736585, 0.0382686
-0.210389, 0.737177, 0.0342789
-0.200878, 0.738186, 0.0274816
-0.191323, 0.73913, 0.0211239
-0.181698, 0.739887, 0.0160255
-0.172044, 0.740608, 0.0111713
-0.162251, 0.740784, 0.0099802
-0.348933, 0.753564, 0.0121775
-0.337899, 0.750886, 0.0298972
-0.327463, 0.749417, 0.0396204
-0.317484, 0.748936, 0.0428038
-0.307683, 0.748858, 0.0433211
-0.297946, 0.748936, 0.0428038
-0.288248, 0.749118, 0.0415993
-0.278543, 0.749297, 0.0404191
-0.268782, 0.749332, 0.0401845
-0.259015, 0.749351, 0.0400572
-0.249266, 0.749427, 0.0395536
-0.239551, 0.749617, 0.0383015
-0.229942, 0.750165, 0.0346723
-0.220435, 0.751113, 0.0283985
-0.210919, 0.752115, 0.0217633
-0.201355, 0.753034, 0.0156813
-0.191694, 0.753668, 0.0114841
-0.181902, 0.75383, 0.0104151
-0.338845, 0.766084, 0.0159822
-0.328321, 0.764448, 0.0266256
-0.317825, 0.762779, 0.0374846
-0.307817, 0.762214, 0.0411587
-0.298008, 0.762118, 0.0417838
-0.28825, 0.762153, 0.0415592
-0.278513, 0.762247, 0.0409493
-0.268836, 0.762516, 0.0391979
-0.259206, 0.762945, 0.0364051
-0.249641, 0.763609, 0.0320845
-0.240158, 0.764585, 0.0257378
-0.23064, 0.76553, 0.019588
-0.221064, 0.766355, 0.0142231
-0.21136, 0.766795, 0.0113611
-0.20159, 0.767024, 0.00986767
-0.328996, 0.779115, 0.016398
-0.318164, 0.776648, 0.0321789
-0.307486, 0.77441, 0.0464935
-0.297929, 0.77494, 0.043098
-0.288485, 0.775813, 0.0375152
-0.279018, 0.776683, 0.0319533
-0.269537, 0.777574, 0.0262547
-0.260071, 0.778576, 0.0198436
-0.250474, 0.779252, 0.0155168
-0.240817, 0.779789, 0.0120835
-0.231025, 0.779913, 0.0112934
-0.327665, 0.789004, 0.0365572
-0.317008, 0.786829, 0.050241
-0.307413, 0.787239, 0.0476651
-0.298765, 0.790178, 0.0291767
-0.289708, 0.792196, 0.0164814
-0.279965, 0.792415, 0.0151029
-0.2703, 0.792879, 0.0121841
-0.337126, 0.801284, 0.0412731
-0.326912, 0.800202, 0.0479674
-0.317143, 0.800176, 0.0481291
