( 1, 26, 15) ( 2, 26, 15) ( 3, 26, 15) ( 4, 20, 15) 
( 1, 24, 15) ( 2, 24, 15) ( 3, 18, 15) 
( 1, 24, 15) 
( 1, 24, 15) 
( 1, 25, 16) ( 2, 25, 16) ( 3, 25, 16) ( 4, 24, 16) 
( 1, 24, 15) 
( 1, 24, 15) 
( 1, 17, 17) ( 2, 18, 17) ( 3, 19, 17) ( 4, 19, 17) ( 5, 19, 17) ( 6, 19, 17) ( 7, 18, 17) 
( 1, 17, 17) 
( 1, 18, 17) ( 2, 18, 17) 
( 1, 19, 17) ( 2, 19, 17) ( 3, 18, 17) ( 4, 18, 17) ( 5, 20, 15) 
( 1, 24, 15) 
( 1, 25, 17) ( 2, 25, 17) ( 3, 25, 17) ( 4, 24, 17) 
( 1, 25, 17) 
( 1, 24, 15) 
( 1, 17, 18) ( 2, 17, 18) ( 3, 17, 18) ( 4, 17, 18) ( 5, 17, 18) ( 6, 17, 18) ( 7, 17, 18) 
( 1, 17, 18) 
( 1, 18, 18) ( 2, 18, 18) ( 3, 18, 18) ( 4, 18, 18) ( 5, 18, 18) ( 6, 18, 18) ( 7, 18, 18) 
( 1, 19, 18) ( 2, 19, 18) ( 3, 19, 18) ( 4, 19, 18) ( 5, 19, 18) ( 6, 19, 18) ( 7, 19, 18) 
( 1, 20, 18) ( 2, 20, 18) ( 3, 20, 18) ( 4, 20, 18) ( 5, 20, 18) ( 6, 20, 18) ( 7, 20, 18) 
( 1, 21, 18) ( 2, 21, 18) ( 3, 21, 18) ( 4, 21, 18) ( 5, 21, 18) ( 6, 21, 18) ( 7, 21, 18) 
( 1, 22, 18) ( 2, 22, 18) ( 3, 22, 18) ( 4, 22, 18) ( 5, 22, 18) ( 6, 22, 18) ( 7, 22, 18) 
( 1, 23, 18) ( 2, 23, 18) ( 3, 23, 18) ( 4, 23, 18) ( 5, 23, 18) ( 6, 23, 18) ( 7, 23, 18) 
( 1, 24, 18) ( 2, 24, 18) ( 3, 24, 18) ( 4, 24, 18) ( 5, 24, 18) ( 6, 24, 18) ( 7, 24, 18) 
( 1, 24, 15) 
( 1, 16, 19) ( 2, 16, 19) ( 3, 16, 19) ( 4, 16, 19) ( 5, 16, 19) ( 6, 16, 19) ( 7, 16, 19) 
( 1, 17, 19) ( 2, 17, 19) ( 3, 17, 19) ( 4, 17, 19) ( 5, 17, 19) ( 6, 17, 19) ( 7, 17, 19) 
( 1, 18, 19) ( 2, 18, 19) ( 3, 18, 19) ( 4, 18, 19) ( 5, 18, 19) ( 6, 18, 19) ( 7, 18, 19) 
( 1, 19, 19) ( 2, 19, 19) ( 3, 19, 19) ( 4, 19, 19) ( 5, 19, 19) ( 6, 19, 19) ( 7, 19, 19) 
( 1, 20, 19) ( 2, 20, 19) ( 3, 20, 19) ( 4, 20, 19) ( 5, 20, 19) ( 6, 20, 19) ( 7, 20, 19) 
( 1, 21, 19) ( 2, 21, 19) ( 3, 21, 19) ( 4, 21, 19) ( 5, 21, 19) ( 6, 21, 19) ( 7, 21, 19) 
( 1, 22, 19) ( 2, 22, 19) ( 3, 22, 19) ( 4, 22, 19) ( 5, 22, 19) ( 6, 22, 19) ( 7, 22, 19) 
( 1, 23, 19) ( 2, 23, 19) ( 3, 23, 19) ( 4, 23, 19) ( 5, 23, 19) ( 6, 23, 19) ( 7, 23, 19) 
( 1, 24, 19) ( 2, 24, 19) ( 3, 24, 19) ( 4, 24, 19) ( 5, 24, 19) ( 6, 24, 19) ( 7, 24, 19) 
( 1, 25, 19) ( 2, 25, 19) ( 3, 25, 19) ( 4, 25, 19) ( 5, 25, 19) ( 6, 25, 19) ( 7, 25, 19) 
( 1, 15, 20) ( 2, 15, 20) ( 3, 15, 20) ( 4, 15, 20) ( 5, 15, 20) ( 6, 15, 20) ( 7, 15, 20) 
( 1, 15, 20) 
( 1, 16, 20) ( 2, 16, 20) ( 3, 16, 20) ( 4, 16, 20) ( 5, 16, 20) ( 6, 16, 20) ( 7, 16, 20) 
( 1, 17, 20) ( 2, 17, 20) ( 3, 17, 20) ( 4, 17, 20) ( 5, 17, 20) ( 6, 17, 20) ( 7, 17, 20) 
( 1, 18, 20) ( 2, 18, 20) ( 3, 18, 20) ( 4, 18, 20) ( 5, 18, 20) ( 6, 18, 20) ( 7, 18, 20) 
( 1, 19, 20) ( 2, 19, 20) ( 3, 19, 20) ( 4, 19, 20) ( 5, 19, 20) ( 6, 19, 20) ( 7, 19, 20) 
( 1, 20, 20) ( 2, 20, 20) ( 3, 20, 20) ( 4, 20, 20) ( 5, 20, 20) ( 6, 20, 20) ( 7, 20, 20) 
( 1, 21, 20) ( 2, 21, 20) ( 3, 21, 20) ( 4, 21, 20) ( 5, 21, 20) ( 6, 21, 20) ( 7, 21, 20) 
( 1, 22, 20) ( 2, 22, 20) ( 3, 22, 20) ( 4, 22, 20) ( 5, 22, 20) ( 6, 22, 20) ( 7, 22, 20) 
( 1, 23, 20) ( 2, 23, 20) ( 3, 23, 20) ( 4, 23, 20) ( 5, 23, 20) ( 6, 23, 20) ( 7, 23, 20) 
( 1, 24, 20) ( 2, 24, 20) ( 3, 24, 20) ( 4, 24, 20) ( 5, 24, 20) ( 6, 24, 20) ( 7, 24, 20) 
( 1, 25, 20) ( 2, 25, 20) ( 3, 25, 20) ( 4, 25, 20) ( 5, 25, 20) ( 6, 25, 20) ( 7, 25, 20) 
( 1, 26, 20) ( 2, 26, 20) ( 3, 26, 20) ( 4, 26, 20) ( 5, 26, 20) ( 6, 26, 20) ( 7, 26, 20) 
( 1, 15, 21) ( 2, 15, 21) ( 3, 15, 21) ( 4, 15, 21) ( 5, 15, 21) ( 6, 15, 21) ( 7, 15, 21) 
( 1, 15, 21) 
( 1, 16, 21) ( 2, 16, 21) ( 3, 16, 21) ( 4, 16, 21) ( 5, 16, 21) ( 6, 16, 21) ( 7, 16, 21) 
( 1, 17, 21) ( 2, 17, 21) ( 3, 17, 21) ( 4, 17, 21) ( 5, 17, 21) ( 6, 17, 21) ( 7, 17, 21) 
( 1, 18, 21) ( 2, 18, 21) ( 3, 18, 21) ( 4, 18, 21) ( 5, 18, 21) ( 6, 18, 21) ( 7, 18, 21) 
( 1, 18, 21) 
( 1, 25, 21) ( 2, 25, 21) ( 3, 25, 21) ( 4, 25, 21) ( 5, 25, 21) ( 6, 25, 21) ( 7, 25, 21) 
( 1, 26, 21) ( 2, 26, 21) ( 3, 26, 21) ( 4, 26, 21) ( 5, 26, 21) ( 6, 26, 21) ( 7, 26, 21) 
( 1, 15, 22) ( 2, 15, 22) ( 3, 15, 22) ( 4, 15, 22) ( 5, 15, 22) ( 6, 15, 22) ( 7, 15, 22) 
( 1, 16, 22) ( 2, 16, 22) ( 3, 16, 22) ( 4, 16, 22) ( 5, 16, 22) ( 6, 16, 22) ( 7, 16, 22) 
( 1, 17, 22) ( 2, 17, 22) ( 3, 17, 22) ( 4, 17, 22) ( 5, 17, 22) ( 6, 17, 22) ( 7, 17, 22) 
( 2, 24, 15) 
( 2, 24, 16) ( 3, 18, 15) 
( 2, 26, 16) ( 3, 26, 16) ( 4, 20, 15) 
( 2, 23, 17) ( 3, 23, 17) 
( 2, 24, 17) ( 3, 23, 17) 
( 2, 25, 18) ( 3, 24, 18) 
( 3, 18, 15) ( 4, 18, 16) ( 5, 18, 16) ( 6, 18, 16) ( 7, 18, 16) 
( 3, 19, 15) ( 4, 19, 16) ( 5, 20, 15) 
( 3, 19, 15) 
( 3, 18, 15) 
( 3, 25, 15) ( 4, 24, 16) 
( 3, 19, 16) ( 4, 19, 16) 
( 3, 19, 16) 
( 3, 19, 16) 
( 3, 23, 17) ( 4, 22, 17) 
( 3, 17, 17) ( 4, 17, 17) ( 5, 17, 17) ( 6, 19, 15) 
( 3, 19, 21) ( 4, 19, 21) ( 5, 19, 21) ( 6, 19, 21) ( 7, 19, 21) 
( 3, 22, 21) ( 4, 22, 21) ( 5, 22, 21) ( 6, 22, 21) ( 7, 15, 15) 
( 3, 23, 21) ( 4, 23, 21) ( 5, 23, 21) ( 6, 23, 21) ( 7, 15, 15) 
( 3, 18, 22) ( 4, 18, 22) ( 5, 18, 22) ( 6, 18, 22) ( 7, 18, 22) 
( 4, 20, 15) ( 5, 20, 15) ( 6, 19, 15) ( 7, 20, 15) 
( 4, 21, 15) ( 5, 21, 15) ( 6, 19, 15) 
( 4, 24, 16) ( 5, 20, 15) 
( 4, 17, 16) ( 5, 17, 16) ( 6, 17, 16) ( 7, 16, 16) 
( 4, 18, 16) 
( 4, 20, 16) ( 5, 20, 15) 
( 4, 21, 16) ( 5, 20, 15) 
( 4, 24, 16) 
( 4, 20, 17) ( 5, 20, 15) 
( 4, 22, 17) ( 5, 20, 15) 
( 4, 24, 17) ( 5, 24, 17) ( 6, 19, 15) 
( 4, 21, 21) ( 5, 21, 21) ( 6, 21, 21) ( 7, 15, 15) 
( 5, 16, 16) ( 6, 16, 16) ( 7, 16, 16) 
( 5, 23, 16) ( 6, 19, 15) 
( 5, 16, 17) ( 6, 16, 17) ( 7, 16, 17) 
( 5, 21, 17) ( 6, 21, 17) ( 7, 15, 15) 
( 5, 20, 15) 
( 5, 20, 21) ( 6, 20, 21) ( 7, 19, 21) 
( 6, 19, 15) 
( 6, 19, 15) 
( 6, 19, 16) ( 7, 18, 16) 
( 6, 20, 16) ( 7, 20, 16) 
( 6, 21, 16) ( 7, 21, 16) 
( 6, 22, 16) ( 7, 21, 16) 
( 6, 18, 17) ( 7, 18, 17) 
( 6, 19, 15) 
( 6, 22, 17) ( 7, 22, 17) 
( 6, 23, 17) ( 7, 23, 17) 
( 6, 16, 18) ( 7, 16, 18) 
( 6, 14, 21) ( 7, 14, 21) 
( 7, 20, 15) 
( 7, 17, 17) 
