( 1, 81, 61) ( 2, 80, 63) ( 3, 78, 63) ( 4, 75, 64) 
( 1, 81, 61) 
( 1, 83, 60) ( 2, 82, 63) ( 3, 79, 63) 
( 1, 83, 60) 
( 1, 105, 61) ( 2, 104, 63) ( 3, 102, 62) ( 4, 97, 62) ( 5, 93, 63) 
( 1, 105, 61) 
( 1, 105, 61) 
( 1, 107, 61) ( 2, 106, 63) ( 3, 103, 62) ( 4, 97, 62) 
( 1, 81, 61) 
( 1, 81, 61) 
( 1, 81, 61) 
( 1, 84, 61) ( 2, 83, 63) ( 3, 80, 64) ( 4, 75, 65) 
( 1, 105, 61) 
( 1, 105, 61) 
( 1, 105, 61) 
( 1, 107, 62) ( 2, 106, 63) 
( 1, 63, 60) ( 2, 71, 61) ( 3, 71, 65) ( 4, 69, 66) ( 5, 68, 66) ( 6, 68, 66) ( 7, 65, 65) 
( 1, 63, 60) 
( 1, 63, 60) 
( 1, 80, 62) ( 2, 79, 63) ( 3, 77, 63) ( 4, 75, 64) ( 5, 74, 65) ( 6, 79, 63) 
( 1, 81, 61) 
( 1, 84, 62) ( 2, 83, 63) 
( 1, 104, 63) ( 2, 103, 63) ( 3, 99, 63) ( 4, 96, 62) ( 5, 93, 63) ( 6, 79, 63) 
( 1, 104, 63) 
( 1, 104, 63) 
( 1, 107, 63) ( 2, 107, 64) ( 3, 104, 63) 
( 1, 63, 61) ( 2, 71, 61) 
( 1, 63, 60) 
( 1, 63, 60) 
( 1, 63, 61) 
( 1, 80, 62) 
( 1, 81, 62) ( 2, 80, 63) 
( 1, 82, 63) ( 2, 82, 64) ( 3, 80, 64) 
( 1, 103, 64) ( 2, 103, 64) ( 3, 100, 63) ( 4, 97, 62) 
( 1, 103, 64) 
( 1, 105, 64) ( 2, 105, 64) ( 3, 103, 63) ( 4, 97, 62) 
( 1, 104, 62) ( 2, 98, 62) 
( 1, 63, 61) 
( 1, 63, 61) 
( 1, 63, 61) 
( 1, 64, 62) ( 2, 71, 61) 
( 1, 79, 63) ( 2, 78, 64) ( 3, 75, 64) ( 4, 73, 65) ( 5, 72, 65) 
( 1, 81, 64) ( 2, 82, 65) ( 3, 79, 65) ( 4, 75, 65) 
( 1, 102, 65) ( 2, 102, 65) ( 3, 98, 64) ( 4, 94, 63) ( 5, 93, 63) 
( 1, 103, 64) 
( 1, 105, 65) ( 2, 105, 65) ( 3, 103, 64) ( 4, 97, 64) 
( 1, 104, 62) 
( 1, 104, 62) 
( 1, 104, 62) 
( 1, 104, 62) 
( 1, 104, 62) 
( 1, 64, 62) 
( 1, 64, 62) 
( 1, 64, 62) 
( 1, 65, 62) ( 2, 71, 61) 
( 1, 78, 64) ( 2, 77, 65) ( 3, 75, 65) ( 4, 74, 66) ( 5, 73, 66) ( 6, 72, 66) 
( 1, 80, 64) ( 2, 79, 65) ( 3, 77, 65) ( 4, 74, 66) 
( 1, 81, 64) 
( 1, 102, 65) 
( 1, 104, 66) ( 2, 104, 66) ( 3, 102, 64) 
( 1, 102, 64) ( 2, 98, 64) 
( 1, 102, 64) 
( 1, 104, 62) 
( 1, 104, 62) 
( 1, 104, 62) 
( 1, 104, 62) 
( 1, 64, 62) 
( 1, 64, 62) 
( 1, 66, 63) ( 2, 71, 61) 
( 1, 66, 63) 
( 1, 67, 63) ( 2, 71, 61) 
( 1, 78, 65) ( 2, 77, 66) ( 3, 74, 66) ( 4, 71, 67) 
( 1, 80, 65) ( 2, 79, 65) 
( 1, 80, 65) 
( 1, 102, 66) ( 2, 102, 66) ( 3, 99, 65) ( 4, 97, 64) 
( 1, 102, 66) 
( 1, 104, 66) 
( 1, 101, 66) ( 2, 97, 67) 
( 1, 101, 66) 
( 1, 102, 64) 
( 1, 102, 64) 
( 1, 67, 65) ( 2, 73, 66) 
( 1, 67, 65) 
( 1, 67, 65) 
( 1, 67, 65) 
( 1, 76, 66) ( 2, 76, 67) ( 3, 71, 68) ( 4, 69, 69) ( 5, 67, 69) 
( 1, 79, 66) ( 2, 78, 66) 
( 1, 79, 66) 
( 1, 101, 68) ( 2, 99, 70) ( 3, 97, 70) ( 4, 95, 70) ( 5, 94, 70) ( 6, 94, 70) ( 7, 92, 69) 
( 1, 102, 67) ( 2, 101, 67) ( 3, 98, 66) ( 4, 95, 66) ( 5, 93, 65) 
( 1, 104, 67) ( 2, 104, 67) ( 3, 100, 66) 
( 1, 101, 67) ( 2, 98, 68) 
( 1, 101, 67) 
( 1, 101, 67) 
( 1, 67, 65) 
( 1, 67, 65) 
( 1, 68, 66) ( 2, 73, 67) ( 3, 75, 70) ( 4, 74, 71) ( 5, 72, 71) ( 6, 72, 71) ( 7, 71, 71) 
( 1, 68, 66) 
( 1, 69, 65) ( 2, 73, 66) 
( 1, 77, 67) ( 2, 76, 68) 
( 1, 78, 67) ( 2, 77, 67) 
( 1, 78, 67) 
( 1, 101, 68) 
( 1, 101, 69) ( 2, 100, 69) ( 3, 98, 68) ( 4, 94, 68) ( 5, 92, 68) ( 6, 92, 68) 
( 1, 102, 68) ( 2, 101, 68) ( 3, 98, 67) ( 4, 94, 67) ( 5, 93, 67) 
( 1, 103, 68) ( 2, 103, 68) ( 3, 100, 67) 
( 1, 101, 67) 
( 1, 101, 67) 
( 1, 101, 67) 
( 1, 101, 67) 
( 1, 68, 68) ( 2, 73, 69) ( 3, 74, 71) ( 4, 73, 72) ( 5, 71, 73) ( 6, 79, 63) 
( 1, 68, 68) 
( 1, 68, 68) 
( 1, 68, 68) 
( 1, 70, 67) ( 2, 73, 68) 
( 1, 76, 68) ( 2, 76, 69) 
( 1, 77, 68) ( 2, 76, 69) 
( 1, 78, 68) ( 2, 76, 69) 
( 1, 78, 68) 
( 1, 99, 70) ( 2, 99, 70) 
( 1, 100, 70) ( 2, 100, 70) ( 3, 98, 69) ( 4, 96, 69) ( 5, 95, 69) ( 6, 94, 69) 
( 1, 101, 69) 
( 1, 102, 69) ( 2, 101, 69) ( 3, 99, 68) ( 4, 96, 68) ( 5, 94, 68) 
( 1, 103, 69) ( 2, 103, 69) ( 3, 100, 68) 
( 1, 100, 68) ( 2, 99, 69) ( 3, 95, 70) ( 4, 92, 71) 
( 1, 101, 67) 
( 1, 101, 67) 
( 1, 101, 67) 
( 1, 68, 68) 
( 1, 68, 68) 
( 1, 68, 68) 
( 1, 69, 69) ( 2, 73, 70) ( 3, 74, 72) ( 4, 73, 73) ( 5, 72, 73) ( 6, 72, 73) ( 7, 71, 73) 
( 1, 70, 69) ( 2, 73, 70) 
( 1, 71, 68) ( 2, 73, 69) 
( 1, 75, 69) ( 2, 76, 69) 
( 1, 76, 69) ( 2, 76, 69) 
( 1, 77, 69) ( 2, 76, 69) 
( 1, 77, 69) 
( 1, 78, 68) 
( 1, 97, 71) ( 2, 97, 71) ( 3, 95, 71) 
( 1, 99, 71) ( 2, 99, 71) ( 3, 97, 70) 
( 1, 100, 70) 
( 1, 101, 70) ( 2, 101, 70) ( 3, 99, 69) ( 4, 97, 69) 
( 1, 102, 71) ( 2, 102, 71) ( 3, 100, 70) ( 4, 98, 70) ( 5, 96, 70) 
( 1, 100, 69) ( 2, 99, 70) 
( 1, 100, 68) 
( 1, 100, 68) 
( 1, 100, 68) 
( 1, 69, 70) ( 2, 71, 73) ( 3, 70, 74) ( 4, 69, 75) ( 5, 69, 75) ( 6, 69, 75) ( 7, 68, 76) 
( 1, 69, 70) 
( 1, 69, 70) 
( 1, 70, 70) ( 2, 72, 72) ( 3, 72, 73) 
( 1, 71, 70) ( 2, 73, 71) ( 3, 72, 73) ( 4, 71, 74) ( 5, 71, 74) ( 6, 71, 74) ( 7, 70, 74) 
( 1, 72, 70) ( 2, 73, 71) 
( 1, 72, 70) 
( 1, 73, 71) ( 2, 72, 72) 
( 1, 74, 70) ( 2, 72, 70) 
( 1, 75, 71) ( 2, 72, 70) 
( 1, 76, 71) ( 2, 76, 69) 
( 1, 77, 71) ( 2, 76, 69) 
( 1, 77, 71) 
( 1, 97, 71) 
( 1, 97, 71) 
( 1, 98, 71) ( 2, 98, 71) ( 3, 96, 71) ( 4, 94, 71) ( 5, 93, 71) ( 6, 93, 71) ( 7, 92, 70) 
( 1, 99, 71) 
( 1, 100, 71) ( 2, 100, 71) ( 3, 98, 70) ( 4, 96, 70) ( 5, 95, 70) ( 6, 95, 70) ( 7, 92, 69) 
( 1, 101, 72) ( 2, 101, 72) ( 3, 99, 72) ( 4, 98, 72) ( 5, 96, 72) 
( 1, 99, 69) ( 2, 98, 69) ( 3, 94, 69) 
( 1, 99, 69) 
( 1, 99, 69) 
( 1, 99, 69) 
( 1, 100, 68) 
( 1, 69, 71) ( 2, 71, 73) 
( 1, 69, 71) 
( 1, 70, 71) ( 2, 71, 73) 
( 1, 71, 71) ( 2, 72, 72) 
( 1, 72, 71) ( 2, 73, 72) ( 3, 73, 73) ( 4, 72, 74) ( 5, 71, 74) 
( 1, 72, 71) 
( 1, 73, 71) 
( 1, 74, 72) ( 2, 75, 72) ( 3, 75, 72) ( 4, 74, 73) ( 5, 73, 73) ( 6, 73, 73) ( 7, 72, 73) 
( 1, 75, 72) ( 2, 76, 73) ( 3, 73, 72) ( 4, 72, 73) ( 5, 71, 73) 
( 1, 76, 72) ( 2, 76, 73) 
( 1, 76, 72) 
( 1, 78, 72) ( 2, 78, 73) ( 3, 77, 73) 
( 1, 79, 72) ( 2, 79, 73) ( 3, 78, 73) ( 4, 77, 74) ( 5, 76, 74) ( 6, 76, 74) ( 7, 75, 73) 
( 1, 80, 72) ( 2, 80, 73) ( 3, 79, 73) ( 4, 78, 74) ( 5, 77, 74) ( 6, 77, 74) ( 7, 76, 73) 
( 1, 81, 72) ( 2, 81, 73) ( 3, 79, 73) 
( 1, 82, 72) ( 2, 82, 73) ( 3, 81, 73) ( 4, 80, 74) ( 5, 79, 74) ( 6, 79, 74) ( 7, 78, 73) 
( 1, 83, 72) ( 2, 83, 73) ( 3, 82, 73) ( 4, 81, 74) ( 5, 80, 74) ( 6, 80, 74) ( 7, 79, 73) 
( 1, 84, 72) ( 2, 83, 73) 
( 1, 85, 73) ( 2, 85, 74) ( 3, 84, 74) ( 4, 83, 74) ( 5, 82, 74) ( 6, 82, 74) ( 7, 81, 73) 
( 1, 87, 73) ( 2, 86, 74) 
( 1, 95, 72) ( 2, 94, 73) ( 3, 92, 73) ( 4, 90, 74) ( 5, 90, 74) ( 6, 90, 74) ( 7, 89, 73) 
( 1, 95, 72) 
( 1, 96, 72) ( 2, 96, 72) ( 3, 95, 72) ( 4, 93, 72) 
( 1, 98, 72) ( 2, 98, 72) ( 3, 96, 71) 
( 1, 99, 72) ( 2, 99, 72) ( 3, 97, 71) ( 4, 95, 71) ( 5, 94, 71) ( 6, 94, 71) ( 7, 92, 70) 
( 1, 100, 72) ( 2, 100, 72) ( 3, 98, 71) ( 4, 96, 71) ( 5, 95, 71) ( 6, 95, 71) ( 7, 92, 70) 
( 1, 98, 70) ( 2, 98, 70) ( 3, 95, 70) 
( 1, 98, 70) 
( 1, 99, 69) 
( 1, 99, 69) 
( 1, 99, 69) 
( 1, 69, 72) ( 2, 70, 74) ( 3, 69, 75) ( 4, 68, 77) ( 5, 68, 77) ( 6, 68, 77) ( 7, 67, 77) 
( 1, 70, 72) ( 2, 70, 74) 
( 1, 71, 72) ( 2, 71, 74) ( 3, 70, 75) ( 4, 69, 76) ( 5, 69, 76) ( 6, 69, 76) ( 7, 69, 75) 
( 1, 71, 72) 
( 1, 72, 72) ( 2, 72, 73) ( 3, 71, 74) ( 4, 70, 75) ( 5, 70, 75) ( 6, 70, 75) ( 7, 69, 75) 
( 1, 73, 72) ( 2, 73, 73) ( 3, 72, 74) ( 4, 71, 75) ( 5, 70, 75) 
( 1, 74, 72) 
( 1, 75, 73) ( 2, 75, 74) ( 3, 74, 74) ( 4, 73, 75) ( 5, 72, 75) ( 6, 72, 75) ( 7, 71, 75) 
( 1, 76, 73) ( 2, 76, 74) ( 3, 75, 74) ( 4, 74, 75) ( 5, 73, 75) ( 6, 73, 75) ( 7, 72, 75) 
( 1, 77, 72) ( 2, 76, 73) 
( 1, 78, 73) ( 2, 78, 74) ( 3, 77, 74) ( 4, 76, 75) ( 5, 75, 75) ( 6, 75, 75) ( 7, 74, 74) 
( 1, 79, 73) ( 2, 79, 74) ( 3, 78, 74) ( 4, 77, 75) ( 5, 76, 75) ( 6, 76, 75) ( 7, 75, 74) 
( 1, 80, 73) ( 2, 80, 74) ( 3, 79, 74) ( 4, 78, 75) ( 5, 77, 75) ( 6, 77, 75) ( 7, 76, 74) 
( 1, 81, 73) ( 2, 81, 74) ( 3, 80, 74) ( 4, 79, 75) ( 5, 78, 75) ( 6, 78, 75) ( 7, 77, 74) 
( 1, 82, 73) ( 2, 82, 74) ( 3, 81, 74) ( 4, 80, 75) ( 5, 79, 75) ( 6, 79, 75) ( 7, 78, 74) 
( 1, 83, 73) ( 2, 83, 74) ( 3, 82, 74) ( 4, 81, 75) ( 5, 80, 75) ( 6, 80, 75) ( 7, 79, 74) 
( 1, 84, 73) ( 2, 84, 74) ( 3, 83, 74) ( 4, 81, 74) 
( 1, 85, 73) 
( 1, 86, 73) ( 2, 86, 74) ( 3, 85, 74) ( 4, 84, 74) ( 5, 84, 74) ( 6, 84, 74) ( 7, 83, 73) 
( 1, 87, 73) 
( 1, 87, 73) 
( 1, 89, 74) ( 2, 89, 75) ( 3, 87, 75) 
( 1, 91, 73) ( 2, 90, 74) ( 3, 88, 74) ( 4, 88, 74) 
( 1, 93, 73) ( 2, 92, 74) ( 3, 91, 74) ( 4, 90, 74) 
( 1, 94, 73) ( 2, 94, 73) 
( 1, 95, 73) ( 2, 95, 73) ( 3, 93, 73) ( 4, 92, 73) ( 5, 91, 73) ( 6, 91, 73) ( 7, 90, 72) 
( 1, 96, 73) ( 2, 96, 73) ( 3, 94, 73) ( 4, 93, 73) ( 5, 92, 73) ( 6, 92, 73) ( 7, 91, 72) 
( 1, 97, 73) ( 2, 97, 73) ( 3, 95, 72) 
( 1, 98, 73) ( 2, 98, 73) ( 3, 96, 72) ( 4, 94, 72) ( 5, 93, 72) ( 6, 93, 72) ( 7, 92, 71) 
( 1, 100, 74) ( 2, 99, 74) 
( 1, 98, 70) 
( 1, 98, 70) 
( 1, 98, 70) 
( 1, 69, 73) ( 2, 69, 74) ( 3, 68, 75) ( 4, 67, 77) ( 5, 67, 77) ( 6, 67, 77) ( 7, 67, 77) 
( 1, 70, 73) ( 2, 70, 74) 
( 1, 71, 73) ( 2, 71, 74) 
( 1, 72, 73) ( 2, 72, 74) ( 3, 71, 75) ( 4, 70, 76) ( 5, 69, 76) 
( 1, 73, 73) ( 2, 73, 74) ( 3, 72, 75) ( 4, 71, 76) ( 5, 70, 76) ( 6, 70, 76) ( 7, 69, 76) 
( 1, 74, 73) ( 2, 74, 74) ( 3, 73, 75) ( 4, 72, 76) ( 5, 71, 76) ( 6, 71, 76) ( 7, 70, 76) 
( 1, 75, 73) 
( 1, 76, 73) 
( 1, 77, 73) ( 2, 77, 74) ( 3, 76, 74) ( 4, 75, 75) ( 5, 74, 75) ( 6, 74, 75) ( 7, 73, 74) 
( 1, 78, 74) ( 2, 78, 75) ( 3, 77, 75) ( 4, 76, 76) ( 5, 75, 76) ( 6, 75, 76) ( 7, 74, 75) 
( 1, 79, 74) ( 2, 79, 75) ( 3, 78, 75) ( 4, 77, 76) ( 5, 76, 76) ( 6, 76, 76) ( 7, 75, 75) 
( 1, 80, 74) ( 2, 80, 75) ( 3, 79, 75) ( 4, 78, 76) ( 5, 77, 76) ( 6, 77, 76) ( 7, 76, 75) 
( 1, 81, 74) ( 2, 81, 75) ( 3, 80, 75) ( 4, 79, 76) ( 5, 78, 76) ( 6, 78, 76) ( 7, 77, 75) 
( 1, 82, 74) ( 2, 82, 75) ( 3, 81, 75) ( 4, 80, 76) ( 5, 79, 76) ( 6, 79, 76) ( 7, 78, 75) 
( 1, 83, 74) ( 2, 83, 75) ( 3, 82, 75) ( 4, 81, 76) ( 5, 80, 76) ( 6, 80, 76) ( 7, 79, 75) 
( 1, 84, 74) ( 2, 84, 75) ( 3, 83, 75) ( 4, 82, 75) ( 5, 81, 75) ( 6, 81, 75) ( 7, 80, 74) 
( 1, 85, 74) ( 2, 85, 75) ( 3, 84, 75) ( 4, 83, 75) ( 5, 82, 75) ( 6, 82, 75) ( 7, 81, 74) 
( 1, 86, 74) ( 2, 86, 75) ( 3, 85, 75) ( 4, 84, 75) ( 5, 83, 75) ( 6, 83, 75) ( 7, 82, 74) 
( 1, 87, 74) ( 2, 87, 75) ( 3, 86, 75) ( 4, 85, 75) ( 5, 84, 75) ( 6, 84, 75) ( 7, 83, 74) 
( 1, 88, 74) ( 2, 88, 75) ( 3, 87, 75) ( 4, 86, 75) ( 5, 86, 75) ( 6, 86, 75) ( 7, 85, 74) 
( 1, 89, 74) 
( 1, 90, 74) ( 2, 90, 75) ( 3, 90, 75) ( 4, 89, 75) ( 5, 88, 76) ( 6, 87, 76) 
( 1, 91, 74) ( 2, 91, 74) ( 3, 89, 75) ( 4, 87, 75) 
( 1, 94, 72) ( 2, 93, 73) ( 3, 93, 72) 
( 1, 93, 74) ( 2, 93, 74) ( 3, 92, 73) 
( 1, 94, 74) ( 2, 94, 74) ( 3, 93, 74) ( 4, 92, 74) ( 5, 91, 74) ( 6, 91, 74) ( 7, 90, 73) 
( 1, 95, 74) ( 2, 95, 74) ( 3, 94, 74) ( 4, 93, 74) ( 5, 92, 74) ( 6, 92, 74) ( 7, 91, 73) 
( 1, 96, 74) ( 2, 96, 74) ( 3, 94, 73) 
( 1, 97, 74) ( 2, 97, 74) ( 3, 95, 73) ( 4, 93, 73) 
( 1, 98, 74) ( 2, 98, 74) ( 3, 96, 73) ( 4, 95, 73) ( 5, 94, 73) ( 6, 93, 73) 
( 1, 99, 74) ( 2, 99, 74) ( 3, 97, 73) ( 4, 96, 73) ( 5, 95, 73) ( 6, 94, 73) ( 7, 92, 72) 
( 1, 100, 74) 
( 1, 98, 70) 
( 1, 69, 74) ( 2, 69, 75) ( 3, 68, 76) ( 4, 67, 78) ( 5, 67, 78) ( 6, 67, 78) ( 7, 67, 78) 
( 1, 70, 74) ( 2, 70, 75) ( 3, 69, 76) ( 4, 68, 78) ( 5, 68, 78) ( 6, 68, 78) ( 7, 68, 78) 
( 1, 71, 74) ( 2, 71, 75) ( 3, 70, 76) ( 4, 69, 77) ( 5, 69, 77) ( 6, 69, 77) ( 7, 68, 77) 
( 1, 72, 74) ( 2, 72, 75) ( 3, 71, 76) ( 4, 70, 77) ( 5, 69, 77) 
( 1, 73, 74) ( 2, 73, 75) ( 3, 72, 76) ( 4, 71, 77) ( 5, 70, 77) ( 6, 70, 77) ( 7, 69, 77) 
( 1, 74, 74) ( 2, 74, 75) ( 3, 73, 76) ( 4, 72, 77) ( 5, 71, 77) ( 6, 71, 77) ( 7, 70, 77) 
( 1, 75, 74) ( 2, 75, 75) ( 3, 74, 75) ( 4, 73, 76) ( 5, 72, 76) ( 6, 72, 76) ( 7, 71, 76) 
( 1, 76, 74) ( 2, 76, 75) ( 3, 75, 75) ( 4, 74, 76) ( 5, 73, 76) ( 6, 73, 76) ( 7, 72, 76) 
( 1, 77, 74) ( 2, 77, 75) ( 3, 76, 75) ( 4, 75, 76) ( 5, 74, 76) ( 6, 74, 76) ( 7, 73, 75) 
( 1, 78, 74) 
( 1, 79, 74) 
( 1, 80, 74) 
( 1, 81, 75) ( 2, 81, 76) ( 3, 80, 76) ( 4, 79, 77) ( 5, 78, 77) ( 6, 78, 77) ( 7, 77, 76) 
( 1, 82, 75) ( 2, 82, 76) ( 3, 81, 76) ( 4, 80, 77) ( 5, 79, 77) ( 6, 79, 77) ( 7, 78, 76) 
( 1, 83, 75) ( 2, 83, 76) ( 3, 82, 76) ( 4, 81, 77) ( 5, 80, 77) ( 6, 80, 77) ( 7, 79, 76) 
( 1, 84, 75) ( 2, 84, 76) ( 3, 83, 76) ( 4, 82, 77) ( 5, 81, 77) ( 6, 81, 77) ( 7, 80, 76) 
( 1, 85, 75) ( 2, 85, 76) ( 3, 84, 76) ( 4, 83, 76) ( 5, 82, 76) ( 6, 82, 76) ( 7, 81, 75) 
( 1, 86, 75) ( 2, 86, 76) ( 3, 85, 76) ( 4, 84, 76) ( 5, 83, 76) ( 6, 83, 76) ( 7, 82, 75) 
( 1, 87, 75) ( 2, 87, 76) ( 3, 86, 76) ( 4, 85, 76) ( 5, 84, 76) ( 6, 84, 76) ( 7, 83, 75) 
( 1, 88, 75) ( 2, 88, 76) ( 3, 87, 76) ( 4, 86, 76) ( 5, 85, 76) ( 6, 85, 76) ( 7, 84, 75) 
( 1, 89, 75) ( 2, 89, 76) ( 3, 88, 76) ( 4, 87, 76) ( 5, 86, 76) ( 6, 86, 76) ( 7, 85, 75) 
( 1, 90, 75) ( 2, 90, 76) ( 3, 89, 76) ( 4, 88, 77) ( 5, 87, 77) ( 6, 87, 77) ( 7, 86, 76) 
( 1, 91, 75) ( 2, 91, 75) 
( 1, 92, 75) ( 2, 92, 75) ( 3, 91, 75) ( 4, 90, 75) ( 5, 89, 75) ( 6, 89, 75) ( 7, 88, 75) 
( 1, 93, 75) ( 2, 93, 75) ( 3, 92, 75) ( 4, 91, 75) ( 5, 90, 75) ( 6, 90, 75) ( 7, 89, 74) 
( 1, 94, 75) ( 2, 94, 75) ( 3, 93, 75) ( 4, 92, 75) ( 5, 91, 75) ( 6, 91, 75) ( 7, 90, 74) 
( 1, 95, 75) ( 2, 95, 75) ( 3, 94, 75) ( 4, 93, 75) ( 5, 92, 75) ( 6, 92, 75) ( 7, 91, 74) 
( 1, 96, 75) ( 2, 96, 75) ( 3, 95, 75) ( 4, 94, 75) ( 5, 93, 75) ( 6, 93, 75) ( 7, 92, 74) 
( 1, 97, 75) ( 2, 97, 75) ( 3, 95, 74) ( 4, 94, 74) ( 5, 93, 74) ( 6, 93, 74) ( 7, 91, 73) 
( 1, 98, 75) ( 2, 98, 75) ( 3, 96, 74) ( 4, 94, 74) 
( 1, 99, 75) ( 2, 99, 75) ( 3, 97, 74) ( 4, 95, 74) ( 5, 94, 74) ( 6, 94, 74) ( 7, 93, 74) 
( 1, 100, 75) ( 2, 100, 75) ( 3, 98, 74) ( 4, 97, 74) ( 5, 96, 74) ( 6, 96, 74) ( 7, 95, 74) 
( 1, 100, 78) ( 2, 100, 78) ( 3, 100, 77) ( 4, 99, 77) ( 5, 99, 77) ( 6, 99, 77) ( 7, 98, 76) 
( 1, 68, 75) ( 2, 68, 76) ( 3, 67, 77) 
( 1, 69, 75) ( 2, 69, 76) ( 3, 68, 77) ( 4, 68, 78) 
( 1, 71, 75) ( 2, 71, 76) ( 3, 70, 77) ( 4, 69, 78) ( 5, 69, 78) ( 6, 69, 78) ( 7, 68, 78) 
( 1, 72, 75) ( 2, 72, 76) ( 3, 71, 77) ( 4, 70, 78) ( 5, 69, 78) 
( 1, 73, 75) ( 2, 73, 76) ( 3, 72, 77) ( 4, 71, 78) ( 5, 70, 78) ( 6, 70, 78) ( 7, 69, 78) 
( 1, 74, 75) ( 2, 74, 76) ( 3, 73, 77) ( 4, 72, 78) ( 5, 71, 78) ( 6, 71, 78) ( 7, 70, 78) 
( 1, 75, 75) ( 2, 75, 76) ( 3, 74, 76) ( 4, 73, 77) ( 5, 72, 77) ( 6, 72, 77) ( 7, 71, 77) 
( 1, 76, 75) ( 2, 76, 76) ( 3, 75, 76) ( 4, 74, 77) ( 5, 73, 77) ( 6, 73, 77) ( 7, 72, 77) 
( 1, 77, 75) ( 2, 77, 76) ( 3, 76, 76) ( 4, 75, 77) ( 5, 74, 77) ( 6, 74, 77) ( 7, 73, 77) 
( 1, 78, 75) ( 2, 78, 76) ( 3, 77, 76) ( 4, 76, 77) ( 5, 75, 77) ( 6, 75, 77) ( 7, 74, 76) 
( 1, 79, 75) ( 2, 79, 76) ( 3, 78, 76) ( 4, 77, 77) ( 5, 76, 77) ( 6, 76, 77) ( 7, 75, 76) 
( 1, 80, 75) ( 2, 80, 76) ( 3, 79, 76) ( 4, 78, 77) ( 5, 77, 77) ( 6, 77, 77) ( 7, 76, 76) 
( 1, 81, 75) 
( 1, 82, 76) ( 2, 82, 77) ( 3, 81, 77) ( 4, 80, 78) ( 5, 79, 78) ( 6, 79, 78) ( 7, 78, 77) 
( 1, 83, 76) ( 2, 83, 77) ( 3, 82, 77) ( 4, 81, 78) ( 5, 80, 78) ( 6, 80, 78) ( 7, 79, 77) 
( 1, 84, 76) ( 2, 84, 77) ( 3, 83, 77) ( 4, 82, 78) ( 5, 81, 78) ( 6, 81, 78) ( 7, 80, 77) 
( 1, 85, 76) ( 2, 85, 77) ( 3, 84, 77) ( 4, 83, 77) ( 5, 82, 77) ( 6, 82, 77) ( 7, 81, 76) 
( 1, 86, 76) ( 2, 86, 77) ( 3, 85, 77) ( 4, 84, 77) ( 5, 83, 77) ( 6, 83, 77) ( 7, 82, 76) 
( 1, 87, 76) ( 2, 87, 77) ( 3, 86, 77) ( 4, 85, 77) ( 5, 84, 77) ( 6, 84, 77) ( 7, 83, 76) 
( 1, 88, 76) ( 2, 88, 77) ( 3, 87, 77) ( 4, 86, 77) ( 5, 85, 77) ( 6, 85, 77) ( 7, 84, 76) 
( 1, 89, 76) ( 2, 89, 77) ( 3, 88, 77) ( 4, 87, 77) ( 5, 86, 77) ( 6, 86, 77) ( 7, 85, 76) 
( 1, 90, 76) ( 2, 90, 77) ( 3, 89, 77) ( 4, 88, 77) 
( 1, 91, 76) ( 2, 91, 76) ( 3, 90, 76) ( 4, 89, 76) ( 5, 88, 76) 
( 1, 92, 76) ( 2, 92, 76) ( 3, 91, 76) ( 4, 90, 76) ( 5, 89, 76) ( 6, 89, 76) ( 7, 88, 75) 
( 1, 93, 76) ( 2, 93, 76) ( 3, 92, 76) ( 4, 91, 76) ( 5, 90, 76) ( 6, 90, 76) ( 7, 89, 75) 
( 1, 94, 76) ( 2, 94, 76) ( 3, 93, 76) ( 4, 92, 76) ( 5, 91, 76) ( 6, 91, 76) ( 7, 90, 75) 
( 1, 95, 76) ( 2, 95, 76) ( 3, 94, 76) ( 4, 93, 76) ( 5, 92, 76) ( 6, 92, 76) ( 7, 91, 75) 
( 1, 96, 76) ( 2, 96, 76) ( 3, 95, 75) 
( 1, 97, 76) ( 2, 97, 76) ( 3, 96, 75) ( 4, 95, 75) ( 5, 94, 75) ( 6, 94, 75) ( 7, 93, 74) 
( 1, 98, 76) ( 2, 98, 76) ( 3, 97, 75) ( 4, 96, 75) ( 5, 95, 75) ( 6, 95, 75) ( 7, 94, 74) 
( 1, 99, 76) ( 2, 99, 76) ( 3, 98, 75) ( 4, 97, 75) ( 5, 96, 75) ( 6, 96, 75) ( 7, 95, 74) 
( 1, 100, 76) ( 2, 100, 76) ( 3, 99, 75) ( 4, 98, 75) ( 5, 98, 75) ( 6, 98, 75) ( 7, 96, 74) 
( 1, 100, 78) 
( 1, 67, 76) ( 2, 67, 77) ( 3, 67, 78) ( 4, 67, 79) ( 5, 67, 79) ( 6, 67, 79) ( 7, 67, 79) 
( 1, 68, 76) ( 2, 68, 77) ( 3, 68, 78) ( 4, 68, 79) ( 5, 68, 79) ( 6, 68, 79) ( 7, 68, 79) 
( 1, 69, 76) ( 2, 69, 77) ( 3, 68, 78) 
( 1, 71, 76) ( 2, 71, 77) ( 3, 70, 78) ( 4, 69, 79) ( 5, 68, 79) 
( 1, 72, 76) ( 2, 72, 77) ( 3, 71, 78) ( 4, 70, 79) ( 5, 69, 79) ( 6, 69, 79) ( 7, 68, 79) 
( 1, 73, 76) ( 2, 73, 77) ( 3, 72, 78) ( 4, 71, 79) ( 5, 70, 79) ( 6, 70, 79) ( 7, 69, 79) 
( 1, 74, 76) ( 2, 74, 77) ( 3, 73, 78) ( 4, 72, 79) ( 5, 71, 79) ( 6, 71, 79) ( 7, 70, 79) 
( 1, 75, 76) ( 2, 75, 77) ( 3, 74, 78) ( 4, 73, 79) ( 5, 72, 79) ( 6, 72, 79) ( 7, 71, 79) 
( 1, 76, 76) ( 2, 76, 77) ( 3, 75, 77) ( 4, 74, 78) ( 5, 73, 78) ( 6, 73, 78) ( 7, 72, 78) 
( 1, 77, 76) ( 2, 77, 77) ( 3, 76, 77) ( 4, 75, 78) ( 5, 74, 78) ( 6, 74, 78) ( 7, 73, 78) 
( 1, 78, 76) ( 2, 78, 77) ( 3, 77, 77) ( 4, 76, 78) ( 5, 75, 78) ( 6, 75, 78) ( 7, 74, 78) 
( 1, 79, 76) ( 2, 79, 77) ( 3, 78, 77) ( 4, 77, 78) ( 5, 76, 78) ( 6, 76, 78) ( 7, 75, 78) 
( 1, 80, 76) ( 2, 80, 77) ( 3, 79, 77) ( 4, 78, 78) ( 5, 77, 78) ( 6, 77, 78) ( 7, 76, 77) 
( 1, 81, 76) ( 2, 81, 77) ( 3, 80, 77) ( 4, 79, 78) ( 5, 78, 78) ( 6, 78, 78) ( 7, 77, 77) 
( 1, 82, 77) ( 2, 82, 78) ( 3, 81, 78) ( 4, 80, 79) ( 5, 79, 79) ( 6, 79, 79) ( 7, 78, 78) 
( 1, 83, 77) ( 2, 83, 78) ( 3, 82, 78) ( 4, 81, 79) ( 5, 80, 79) ( 6, 80, 79) ( 7, 79, 78) 
( 1, 84, 77) ( 2, 84, 78) ( 3, 83, 78) ( 4, 82, 79) ( 5, 81, 79) ( 6, 81, 79) ( 7, 80, 78) 
( 1, 85, 77) ( 2, 85, 78) ( 3, 84, 78) ( 4, 83, 79) ( 5, 82, 79) ( 6, 82, 79) ( 7, 81, 78) 
( 1, 86, 77) ( 2, 86, 78) ( 3, 85, 78) ( 4, 84, 78) ( 5, 83, 78) ( 6, 83, 78) ( 7, 82, 77) 
( 1, 87, 77) ( 2, 87, 78) ( 3, 86, 78) ( 4, 85, 78) ( 5, 84, 78) ( 6, 84, 78) ( 7, 83, 77) 
( 1, 88, 77) ( 2, 88, 78) ( 3, 87, 78) ( 4, 86, 78) ( 5, 85, 78) ( 6, 85, 78) ( 7, 84, 77) 
( 1, 89, 77) ( 2, 89, 78) ( 3, 88, 78) ( 4, 87, 78) ( 5, 86, 78) ( 6, 86, 78) ( 7, 85, 77) 
( 1, 90, 77) ( 2, 90, 78) ( 3, 89, 78) ( 4, 88, 78) ( 5, 87, 78) ( 6, 87, 78) ( 7, 86, 77) 
( 1, 91, 77) ( 2, 91, 77) ( 3, 90, 77) ( 4, 89, 77) ( 5, 88, 77) ( 6, 88, 77) ( 7, 87, 76) 
( 1, 92, 77) ( 2, 92, 77) ( 3, 91, 77) ( 4, 90, 77) ( 5, 89, 77) ( 6, 89, 77) ( 7, 88, 76) 
( 1, 93, 77) ( 2, 93, 77) ( 3, 92, 77) ( 4, 91, 77) ( 5, 90, 77) ( 6, 90, 77) ( 7, 89, 76) 
( 1, 94, 77) ( 2, 94, 77) ( 3, 93, 77) ( 4, 92, 77) ( 5, 91, 77) ( 6, 91, 77) ( 7, 90, 76) 
( 1, 95, 77) ( 2, 95, 77) ( 3, 94, 77) ( 4, 93, 77) ( 5, 92, 77) ( 6, 92, 77) ( 7, 91, 76) 
( 1, 96, 77) ( 2, 96, 77) ( 3, 95, 76) ( 4, 94, 76) ( 5, 93, 76) ( 6, 93, 76) ( 7, 92, 75) 
( 1, 97, 77) ( 2, 97, 77) ( 3, 96, 76) ( 4, 95, 76) ( 5, 94, 76) ( 6, 94, 76) ( 7, 93, 75) 
( 1, 98, 77) ( 2, 98, 77) ( 3, 97, 76) ( 4, 96, 76) ( 5, 95, 76) ( 6, 95, 76) ( 7, 94, 75) 
( 1, 99, 77) ( 2, 99, 77) ( 3, 98, 76) ( 4, 97, 76) ( 5, 96, 76) ( 6, 96, 76) ( 7, 95, 75) 
( 1, 100, 77) ( 2, 100, 77) ( 3, 99, 76) ( 4, 98, 76) ( 5, 97, 76) ( 6, 97, 76) ( 7, 96, 75) 
( 1, 100, 78) 
( 1, 67, 77) ( 2, 67, 78) ( 3, 67, 79) ( 4, 67, 80) ( 5, 67, 80) ( 6, 67, 80) ( 7, 67, 80) 
( 1, 68, 77) ( 2, 68, 78) ( 3, 68, 79) ( 4, 68, 80) ( 5, 68, 80) ( 6, 68, 80) ( 7, 68, 80) 
( 1, 69, 77) ( 2, 69, 78) ( 3, 69, 79) ( 4, 69, 80) ( 5, 68, 80) 
( 1, 71, 77) ( 2, 71, 78) ( 3, 70, 79) ( 4, 69, 80) 
( 1, 72, 77) ( 2, 72, 78) ( 3, 71, 79) ( 4, 70, 80) ( 5, 69, 80) ( 6, 69, 80) ( 7, 68, 79) 
( 1, 73, 77) ( 2, 73, 78) ( 3, 72, 79) ( 4, 71, 80) ( 5, 70, 80) ( 6, 70, 80) ( 7, 69, 80) 
( 1, 74, 77) ( 2, 74, 78) ( 3, 73, 79) ( 4, 72, 80) ( 5, 71, 80) ( 6, 71, 80) ( 7, 70, 80) 
( 1, 75, 77) ( 2, 75, 78) ( 3, 74, 79) ( 4, 73, 80) ( 5, 72, 80) ( 6, 72, 80) ( 7, 71, 80) 
( 1, 76, 77) ( 2, 76, 78) ( 3, 75, 79) ( 4, 74, 80) ( 5, 73, 80) ( 6, 73, 80) ( 7, 72, 80) 
( 1, 77, 77) ( 2, 77, 78) ( 3, 76, 78) ( 4, 75, 79) ( 5, 74, 79) ( 6, 74, 79) ( 7, 73, 79) 
( 1, 78, 77) ( 2, 78, 78) ( 3, 77, 78) ( 4, 76, 79) ( 5, 75, 79) ( 6, 75, 79) ( 7, 74, 79) 
( 1, 79, 77) ( 2, 79, 78) ( 3, 78, 78) ( 4, 77, 79) ( 5, 76, 79) ( 6, 76, 79) ( 7, 75, 79) 
( 1, 80, 77) ( 2, 80, 78) ( 3, 79, 78) ( 4, 78, 79) ( 5, 77, 79) ( 6, 77, 79) ( 7, 76, 78) 
( 1, 81, 78) ( 2, 81, 79) ( 3, 80, 79) ( 4, 79, 80) ( 5, 78, 80) ( 6, 78, 80) ( 7, 77, 79) 
( 1, 82, 78) ( 2, 82, 79) ( 3, 81, 79) ( 4, 80, 80) ( 5, 79, 80) ( 6, 79, 80) ( 7, 78, 79) 
( 1, 83, 78) ( 2, 83, 79) ( 3, 82, 79) ( 4, 81, 80) ( 5, 80, 80) ( 6, 80, 80) ( 7, 79, 79) 
( 1, 84, 78) ( 2, 84, 79) ( 3, 83, 79) ( 4, 82, 80) ( 5, 81, 80) ( 6, 81, 80) ( 7, 80, 79) 
( 1, 85, 78) ( 2, 85, 79) ( 3, 84, 79) ( 4, 83, 80) ( 5, 82, 80) ( 6, 82, 80) ( 7, 81, 79) 
( 1, 86, 78) ( 2, 86, 79) ( 3, 85, 79) ( 4, 84, 80) ( 5, 83, 80) ( 6, 83, 80) ( 7, 82, 79) 
( 1, 87, 78) ( 2, 87, 79) ( 3, 86, 79) ( 4, 85, 79) ( 5, 84, 79) ( 6, 84, 79) ( 7, 83, 78) 
( 1, 88, 78) ( 2, 88, 79) ( 3, 87, 79) ( 4, 86, 79) ( 5, 85, 79) ( 6, 85, 79) ( 7, 84, 78) 
( 1, 89, 78) ( 2, 89, 79) ( 3, 88, 79) ( 4, 87, 79) ( 5, 86, 79) ( 6, 86, 79) ( 7, 85, 78) 
( 1, 90, 78) ( 2, 90, 79) ( 3, 89, 79) ( 4, 88, 79) ( 5, 87, 79) ( 6, 87, 79) ( 7, 86, 78) 
( 1, 91, 78) ( 2, 91, 78) ( 3, 90, 78) ( 4, 89, 78) ( 5, 88, 78) ( 6, 88, 78) ( 7, 87, 77) 
( 1, 92, 78) ( 2, 92, 78) ( 3, 91, 78) ( 4, 90, 78) ( 5, 89, 78) ( 6, 89, 78) ( 7, 88, 77) 
( 1, 93, 78) ( 2, 93, 78) ( 3, 92, 78) ( 4, 91, 78) ( 5, 90, 78) ( 6, 90, 78) ( 7, 89, 77) 
( 1, 94, 78) ( 2, 94, 78) ( 3, 93, 78) ( 4, 92, 78) ( 5, 91, 78) ( 6, 91, 78) ( 7, 90, 77) 
( 1, 95, 78) ( 2, 95, 78) ( 3, 94, 78) ( 4, 93, 78) ( 5, 92, 78) ( 6, 92, 78) ( 7, 91, 77) 
( 1, 96, 78) ( 2, 96, 78) ( 3, 95, 77) ( 4, 94, 77) ( 5, 93, 77) ( 6, 93, 77) ( 7, 92, 76) 
( 1, 97, 78) ( 2, 97, 78) ( 3, 96, 77) ( 4, 95, 77) ( 5, 94, 77) ( 6, 94, 77) ( 7, 93, 76) 
( 1, 98, 78) ( 2, 98, 78) ( 3, 97, 77) ( 4, 96, 77) ( 5, 95, 77) ( 6, 95, 77) ( 7, 94, 76) 
( 1, 99, 78) ( 2, 99, 78) ( 3, 98, 77) ( 4, 97, 77) ( 5, 96, 77) ( 6, 96, 77) ( 7, 95, 76) 
( 1, 100, 78) 
( 1, 100, 78) 
( 1, 67, 78) ( 2, 67, 79) ( 3, 67, 80) ( 4, 67, 81) ( 5, 66, 81) 
( 1, 68, 78) ( 2, 68, 79) ( 3, 68, 80) ( 4, 68, 81) ( 5, 68, 81) ( 6, 68, 81) ( 7, 67, 80) 
( 1, 69, 78) ( 2, 69, 79) ( 3, 69, 80) ( 4, 69, 81) ( 5, 68, 81) 
( 1, 71, 78) ( 2, 71, 79) ( 3, 70, 80) ( 4, 69, 81) 
( 1, 72, 78) ( 2, 72, 79) ( 3, 71, 80) ( 4, 70, 81) ( 5, 69, 81) ( 6, 69, 81) ( 7, 68, 80) 
( 1, 73, 78) ( 2, 73, 79) ( 3, 72, 80) ( 4, 71, 81) ( 5, 70, 81) ( 6, 70, 81) ( 7, 69, 80) 
( 1, 74, 78) ( 2, 74, 79) ( 3, 73, 80) ( 4, 72, 81) ( 5, 71, 81) ( 6, 71, 81) ( 7, 70, 81) 
( 1, 75, 78) ( 2, 75, 79) ( 3, 74, 80) ( 4, 73, 81) ( 5, 72, 81) ( 6, 72, 81) ( 7, 71, 81) 
( 1, 76, 78) ( 2, 76, 79) ( 3, 75, 80) ( 4, 74, 81) ( 5, 73, 81) ( 6, 73, 81) ( 7, 72, 81) 
( 1, 77, 78) ( 2, 77, 79) ( 3, 76, 79) ( 4, 75, 80) ( 5, 74, 80) ( 6, 74, 80) ( 7, 73, 80) 
( 1, 78, 78) ( 2, 78, 79) ( 3, 77, 79) ( 4, 76, 80) ( 5, 75, 80) ( 6, 75, 80) ( 7, 74, 80) 
( 1, 79, 79) ( 2, 79, 80) ( 3, 78, 80) ( 4, 77, 81) ( 5, 76, 81) ( 6, 76, 81) ( 7, 75, 81) 
( 1, 80, 79) ( 2, 80, 80) ( 3, 79, 80) ( 4, 78, 81) ( 5, 77, 81) ( 6, 77, 81) ( 7, 76, 81) 
( 1, 81, 79) ( 2, 81, 80) ( 3, 80, 80) ( 4, 79, 81) ( 5, 78, 81) ( 6, 78, 81) ( 7, 77, 80) 
( 1, 82, 79) ( 2, 82, 80) ( 3, 81, 80) ( 4, 80, 81) ( 5, 79, 81) ( 6, 79, 81) ( 7, 78, 80) 
( 1, 83, 79) ( 2, 83, 80) ( 3, 82, 80) ( 4, 81, 81) ( 5, 80, 81) ( 6, 80, 81) ( 7, 79, 80) 
( 1, 84, 79) ( 2, 84, 80) ( 3, 83, 80) ( 4, 82, 81) ( 5, 81, 81) ( 6, 81, 81) ( 7, 80, 80) 
( 1, 85, 79) ( 2, 85, 80) ( 3, 84, 80) ( 4, 83, 81) ( 5, 82, 81) ( 6, 82, 81) ( 7, 81, 80) 
( 1, 86, 79) ( 2, 86, 80) ( 3, 85, 80) ( 4, 84, 81) ( 5, 83, 81) ( 6, 83, 81) ( 7, 82, 80) 
( 1, 87, 79) ( 2, 87, 80) ( 3, 86, 80) ( 4, 85, 81) ( 5, 84, 81) ( 6, 84, 81) ( 7, 83, 80) 
( 1, 88, 79) ( 2, 88, 80) ( 3, 87, 80) ( 4, 86, 80) ( 5, 85, 80) ( 6, 85, 80) ( 7, 84, 79) 
( 1, 89, 79) ( 2, 89, 80) ( 3, 88, 80) ( 4, 87, 80) ( 5, 86, 80) ( 6, 86, 80) ( 7, 85, 79) 
( 1, 90, 79) ( 2, 90, 79) 
( 1, 91, 79) ( 2, 91, 79) ( 3, 90, 79) ( 4, 89, 79) ( 5, 88, 79) ( 6, 88, 79) ( 7, 87, 78) 
( 1, 92, 79) ( 2, 92, 79) ( 3, 91, 79) ( 4, 90, 79) ( 5, 89, 79) ( 6, 89, 79) ( 7, 88, 78) 
( 1, 93, 79) ( 2, 93, 79) ( 3, 92, 79) ( 4, 91, 79) ( 5, 90, 79) ( 6, 90, 79) ( 7, 89, 78) 
( 1, 94, 79) ( 2, 94, 79) ( 3, 93, 79) ( 4, 92, 79) ( 5, 91, 79) ( 6, 91, 79) ( 7, 90, 78) 
( 1, 95, 79) ( 2, 95, 79) ( 3, 94, 79) ( 4, 93, 79) ( 5, 92, 79) ( 6, 92, 79) ( 7, 91, 78) 
( 1, 96, 79) ( 2, 96, 79) ( 3, 95, 79) ( 4, 94, 79) ( 5, 93, 79) ( 6, 93, 79) ( 7, 92, 78) 
( 1, 97, 79) ( 2, 97, 79) ( 3, 96, 78) ( 4, 95, 78) ( 5, 94, 78) ( 6, 94, 78) ( 7, 93, 77) 
( 1, 98, 79) ( 2, 98, 79) ( 3, 97, 78) ( 4, 96, 78) ( 5, 95, 78) ( 6, 95, 78) ( 7, 94, 77) 
( 1, 99, 79) ( 2, 99, 79) ( 3, 99, 78) ( 4, 98, 78) ( 5, 97, 78) ( 6, 97, 78) ( 7, 96, 77) 
( 1, 100, 79) ( 2, 100, 79) ( 3, 100, 78) ( 4, 100, 78) ( 5, 100, 78) ( 6, 100, 78) ( 7, 100, 77) 
( 1, 100, 79) 
( 1, 67, 79) ( 2, 67, 80) ( 3, 67, 81) ( 4, 66, 82) 
( 1, 68, 79) ( 2, 68, 80) ( 3, 68, 81) ( 4, 68, 82) ( 5, 67, 82) ( 6, 67, 82) ( 7, 66, 82) 
( 1, 69, 79) ( 2, 69, 80) ( 3, 69, 81) ( 4, 69, 82) ( 5, 68, 82) ( 6, 68, 82) ( 7, 67, 82) 
( 1, 70, 79) ( 2, 70, 80) ( 3, 69, 80) 
( 1, 72, 79) ( 2, 72, 80) ( 3, 71, 81) ( 4, 70, 82) 
( 1, 73, 79) ( 2, 73, 80) ( 3, 72, 81) ( 4, 71, 82) ( 5, 70, 82) ( 6, 70, 82) ( 7, 69, 81) 
( 1, 74, 79) ( 2, 74, 80) ( 3, 73, 80) 
( 1, 75, 79) ( 2, 75, 80) ( 3, 74, 81) ( 4, 73, 82) ( 5, 72, 82) ( 6, 72, 82) ( 7, 71, 82) 
( 1, 76, 79) ( 2, 76, 80) ( 3, 75, 81) ( 4, 74, 82) ( 5, 73, 82) ( 6, 73, 82) ( 7, 72, 82) 
( 1, 77, 79) ( 2, 77, 80) ( 3, 76, 80) ( 4, 75, 81) ( 5, 74, 81) ( 6, 74, 81) ( 7, 73, 81) 
( 1, 78, 79) ( 2, 78, 80) ( 3, 77, 80) ( 4, 76, 81) ( 5, 75, 81) ( 6, 75, 81) ( 7, 74, 81) 
( 1, 79, 80) ( 2, 79, 81) ( 3, 78, 81) ( 4, 77, 82) ( 5, 76, 82) ( 6, 76, 82) ( 7, 75, 82) 
( 1, 80, 80) ( 2, 80, 81) ( 3, 79, 81) ( 4, 78, 82) ( 5, 77, 82) ( 6, 77, 82) ( 7, 76, 82) 
( 1, 81, 80) ( 2, 81, 81) ( 3, 80, 81) ( 4, 79, 82) ( 5, 78, 82) ( 6, 78, 82) ( 7, 77, 82) 
( 1, 82, 80) ( 2, 82, 81) ( 3, 81, 81) ( 4, 80, 82) ( 5, 79, 82) ( 6, 79, 82) ( 7, 78, 82) 
( 1, 83, 80) ( 2, 83, 81) ( 3, 82, 81) ( 4, 81, 82) ( 5, 80, 82) ( 6, 80, 82) ( 7, 79, 81) 
( 1, 84, 80) ( 2, 84, 81) ( 3, 83, 81) ( 4, 82, 82) ( 5, 81, 82) ( 6, 81, 82) ( 7, 80, 81) 
( 1, 85, 80) ( 2, 85, 81) ( 3, 84, 81) ( 4, 83, 82) ( 5, 82, 82) ( 6, 82, 82) ( 7, 81, 81) 
( 1, 86, 80) ( 2, 86, 81) ( 3, 85, 81) ( 4, 84, 82) ( 5, 83, 82) ( 6, 83, 82) ( 7, 82, 81) 
( 1, 87, 80) ( 2, 87, 81) ( 3, 86, 81) ( 4, 85, 82) ( 5, 84, 82) ( 6, 84, 82) ( 7, 83, 81) 
( 1, 88, 80) ( 2, 88, 81) ( 3, 87, 81) ( 4, 86, 81) ( 5, 85, 81) ( 6, 85, 81) ( 7, 84, 80) 
( 1, 89, 80) ( 2, 89, 81) ( 3, 88, 81) ( 4, 87, 81) ( 5, 86, 81) ( 6, 86, 81) ( 7, 85, 80) 
( 1, 90, 80) ( 2, 90, 80) ( 3, 89, 80) ( 4, 88, 80) ( 5, 87, 80) ( 6, 87, 80) ( 7, 86, 79) 
( 1, 91, 80) ( 2, 91, 80) ( 3, 90, 80) ( 4, 89, 80) ( 5, 88, 80) ( 6, 88, 80) ( 7, 87, 79) 
( 1, 92, 80) ( 2, 92, 80) ( 3, 91, 80) ( 4, 90, 80) ( 5, 89, 80) ( 6, 89, 80) ( 7, 88, 79) 
( 1, 93, 80) ( 2, 93, 80) ( 3, 92, 80) ( 4, 91, 80) ( 5, 90, 80) ( 6, 90, 80) ( 7, 89, 79) 
( 1, 94, 80) ( 2, 94, 80) ( 3, 93, 80) ( 4, 92, 80) ( 5, 91, 80) ( 6, 91, 80) ( 7, 90, 79) 
( 1, 95, 80) ( 2, 95, 80) ( 3, 94, 80) ( 4, 93, 80) ( 5, 92, 80) ( 6, 92, 80) ( 7, 91, 79) 
( 1, 96, 80) ( 2, 96, 80) ( 3, 95, 80) ( 4, 94, 80) ( 5, 93, 80) ( 6, 93, 80) ( 7, 92, 79) 
( 1, 97, 80) ( 2, 97, 80) ( 3, 96, 80) ( 4, 95, 80) ( 5, 94, 80) ( 6, 94, 80) ( 7, 93, 79) 
( 1, 98, 80) ( 2, 98, 80) ( 3, 98, 80) ( 4, 98, 80) ( 5, 97, 80) ( 6, 97, 80) ( 7, 96, 79) 
( 1, 98, 80) 
( 1, 99, 80) ( 2, 99, 80) ( 3, 99, 80) ( 4, 99, 80) ( 5, 99, 80) ( 6, 99, 80) ( 7, 99, 79) 
( 1, 100, 80) ( 2, 100, 80) ( 3, 100, 79) ( 4, 100, 79) ( 5, 100, 79) ( 6, 100, 79) ( 7, 100, 78) 
( 1, 61, 81) ( 2, 61, 82) ( 3, 60, 82) ( 4, 60, 83) ( 5, 60, 83) 
( 1, 62, 81) ( 2, 62, 82) ( 3, 62, 82) ( 4, 62, 82) ( 5, 61, 83) ( 6, 61, 83) ( 7, 60, 82) 
( 1, 66, 80) ( 2, 66, 81) ( 3, 64, 83) ( 4, 64, 84) ( 5, 64, 84) ( 6, 63, 84) 
( 1, 68, 80) ( 2, 68, 81) ( 3, 68, 82) ( 4, 68, 83) ( 5, 67, 83) 
( 1, 69, 80) ( 2, 69, 81) ( 3, 69, 82) ( 4, 68, 83) 
( 1, 70, 80) ( 2, 70, 81) ( 3, 69, 81) 
( 1, 71, 80) ( 2, 71, 81) ( 3, 70, 81) ( 4, 70, 82) ( 5, 69, 82) ( 6, 69, 82) ( 7, 68, 81) 
( 1, 73, 80) ( 2, 73, 81) ( 3, 72, 81) 
( 1, 74, 80) ( 2, 74, 81) ( 3, 73, 81) ( 4, 72, 82) ( 5, 71, 82) ( 6, 71, 82) ( 7, 70, 81) 
( 1, 75, 80) ( 2, 75, 81) ( 3, 74, 81) 
( 1, 76, 80) ( 2, 76, 81) ( 3, 75, 81) 
( 1, 77, 80) ( 2, 77, 81) ( 3, 76, 81) ( 4, 75, 82) ( 5, 74, 82) ( 6, 74, 82) ( 7, 73, 82) 
( 1, 78, 80) ( 2, 78, 81) ( 3, 77, 81) ( 4, 76, 82) ( 5, 75, 82) ( 6, 75, 82) ( 7, 74, 82) 
( 1, 79, 80) 
( 1, 80, 81) ( 2, 80, 82) ( 3, 79, 82) ( 4, 78, 83) ( 5, 77, 83) ( 6, 77, 83) ( 7, 76, 83) 
( 1, 81, 81) ( 2, 81, 82) ( 3, 80, 82) ( 4, 79, 83) ( 5, 78, 83) ( 6, 78, 83) ( 7, 77, 83) 
( 1, 82, 81) ( 2, 82, 82) ( 3, 81, 82) ( 4, 81, 83) ( 5, 80, 83) ( 6, 80, 83) ( 7, 79, 83) 
( 1, 83, 81) ( 2, 83, 82) ( 3, 82, 82) ( 4, 82, 83) ( 5, 81, 83) ( 6, 81, 83) ( 7, 80, 82) 
( 1, 84, 81) ( 2, 84, 82) ( 3, 83, 82) ( 4, 83, 83) ( 5, 82, 83) ( 6, 82, 83) ( 7, 81, 82) 
( 1, 85, 81) ( 2, 85, 82) ( 3, 84, 82) ( 4, 83, 82) 
( 1, 86, 81) ( 2, 86, 82) ( 3, 85, 82) ( 4, 84, 82) 
( 1, 87, 81) ( 2, 87, 82) ( 3, 86, 82) ( 4, 85, 82) 
( 1, 88, 81) ( 2, 88, 82) ( 3, 87, 82) ( 4, 86, 82) ( 5, 85, 82) ( 6, 85, 82) ( 7, 84, 81) 
( 1, 89, 81) ( 2, 89, 82) ( 3, 88, 82) ( 4, 87, 82) ( 5, 86, 82) ( 6, 86, 82) ( 7, 85, 81) 
( 1, 90, 81) ( 2, 90, 82) ( 3, 89, 82) ( 4, 88, 82) ( 5, 87, 82) ( 6, 87, 82) ( 7, 86, 81) 
( 1, 91, 81) ( 2, 91, 82) ( 3, 90, 82) ( 4, 89, 82) ( 5, 88, 82) ( 6, 88, 82) ( 7, 87, 81) 
( 1, 92, 81) ( 2, 92, 82) ( 3, 91, 82) ( 4, 90, 82) ( 5, 89, 82) ( 6, 89, 82) ( 7, 88, 81) 
( 1, 93, 81) ( 2, 93, 81) ( 3, 92, 81) ( 4, 91, 81) ( 5, 90, 81) ( 6, 90, 81) ( 7, 89, 80) 
( 1, 94, 81) ( 2, 94, 81) ( 3, 93, 81) ( 4, 92, 81) ( 5, 91, 81) ( 6, 91, 81) ( 7, 90, 80) 
( 1, 95, 81) ( 2, 95, 81) ( 3, 94, 81) ( 4, 93, 81) ( 5, 92, 81) ( 6, 92, 81) ( 7, 91, 80) 
( 1, 96, 81) ( 2, 96, 81) ( 3, 95, 81) ( 4, 94, 81) ( 5, 93, 81) ( 6, 93, 81) ( 7, 92, 80) 
( 1, 97, 81) ( 2, 97, 81) ( 3, 97, 81) ( 4, 97, 81) ( 5, 96, 81) ( 6, 96, 81) ( 7, 95, 80) 
( 1, 98, 81) ( 2, 98, 81) ( 3, 98, 81) ( 4, 98, 81) ( 5, 98, 81) ( 6, 98, 81) ( 7, 98, 80) 
( 1, 98, 81) 
( 1, 99, 81) ( 2, 99, 81) ( 3, 99, 81) ( 4, 99, 81) ( 5, 99, 81) ( 6, 99, 81) ( 7, 99, 80) 
( 1, 101, 81) ( 2, 102, 81) ( 3, 102, 81) ( 4, 101, 81) ( 5, 100, 81) 
( 1, 60, 81) ( 2, 60, 82) ( 3, 60, 83) ( 4, 60, 85) ( 5, 60, 85) ( 6, 60, 85) ( 7, 59, 85) 
( 1, 61, 81) 
( 1, 62, 81) 
( 1, 62, 81) 
( 1, 67, 81) ( 2, 67, 82) ( 3, 67, 83) ( 4, 67, 84) ( 5, 67, 84) ( 6, 67, 84) ( 7, 66, 84) 
( 1, 68, 81) ( 2, 68, 82) ( 3, 68, 83) ( 4, 68, 84) ( 5, 67, 84) 
( 1, 70, 81) ( 2, 70, 82) ( 3, 69, 83) ( 4, 69, 84) ( 5, 68, 84) ( 6, 68, 84) ( 7, 67, 84) 
( 1, 71, 81) ( 2, 71, 82) ( 3, 70, 83) ( 4, 69, 84) 
( 1, 72, 81) ( 2, 72, 82) ( 3, 71, 83) ( 4, 70, 84) ( 5, 69, 84) ( 6, 69, 84) ( 7, 68, 84) 
( 1, 73, 81) ( 2, 73, 82) ( 3, 72, 82) ( 4, 71, 83) ( 5, 70, 83) ( 6, 70, 83) ( 7, 69, 83) 
( 1, 74, 81) ( 2, 74, 82) ( 3, 73, 82) ( 4, 72, 83) ( 5, 71, 83) ( 6, 71, 83) ( 7, 70, 83) 
( 1, 75, 81) ( 2, 75, 82) ( 3, 74, 82) ( 4, 73, 83) ( 5, 72, 83) ( 6, 72, 83) ( 7, 71, 83) 
( 1, 76, 81) ( 2, 76, 82) ( 3, 75, 82) ( 4, 74, 83) ( 5, 73, 83) ( 6, 73, 83) ( 7, 72, 83) 
( 1, 77, 81) ( 2, 77, 82) ( 3, 76, 82) ( 4, 75, 83) ( 5, 74, 83) ( 6, 74, 83) ( 7, 73, 83) 
( 1, 78, 81) ( 2, 78, 82) ( 3, 77, 82) ( 4, 76, 83) ( 5, 75, 83) ( 6, 75, 83) ( 7, 74, 83) 
( 1, 79, 81) ( 2, 79, 82) ( 3, 78, 82) ( 4, 77, 83) ( 5, 76, 83) ( 6, 76, 83) ( 7, 75, 83) 
( 1, 80, 82) ( 2, 80, 83) ( 3, 79, 83) ( 4, 78, 84) ( 5, 77, 84) ( 6, 77, 84) ( 7, 76, 84) 
( 1, 81, 82) ( 2, 81, 83) ( 3, 80, 83) ( 4, 80, 84) ( 5, 79, 84) ( 6, 79, 84) ( 7, 78, 84) 
( 1, 82, 82) ( 2, 82, 83) ( 3, 81, 83) ( 4, 81, 84) ( 5, 80, 84) ( 6, 80, 84) ( 7, 79, 83) 
( 1, 83, 82) ( 2, 83, 83) ( 3, 82, 83) ( 4, 82, 84) ( 5, 81, 84) ( 6, 81, 84) ( 7, 80, 83) 
( 1, 84, 82) ( 2, 84, 83) ( 3, 83, 83) ( 4, 83, 84) ( 5, 82, 84) ( 6, 82, 84) ( 7, 81, 83) 
( 1, 85, 82) ( 2, 85, 83) ( 3, 85, 84) ( 4, 85, 84) ( 5, 84, 84) ( 6, 84, 84) ( 7, 83, 83) 
( 1, 86, 82) ( 2, 86, 83) ( 3, 85, 83) ( 4, 84, 83) ( 5, 83, 83) ( 6, 83, 83) ( 7, 82, 82) 
( 1, 86, 82) 
( 1, 87, 82) ( 2, 87, 83) ( 3, 86, 83) ( 4, 85, 83) ( 5, 84, 83) ( 6, 84, 83) ( 7, 83, 82) 
( 1, 89, 83) ( 2, 89, 84) ( 3, 88, 84) ( 4, 87, 84) ( 5, 86, 84) ( 6, 86, 84) ( 7, 85, 83) 
( 1, 89, 82) ( 2, 89, 83) ( 3, 88, 83) ( 4, 87, 83) ( 5, 86, 83) ( 6, 86, 83) ( 7, 85, 82) 
( 1, 90, 82) ( 2, 90, 83) ( 3, 89, 83) ( 4, 88, 83) ( 5, 87, 83) ( 6, 87, 83) ( 7, 86, 82) 
( 1, 92, 82) ( 2, 92, 83) ( 3, 91, 83) ( 4, 90, 83) ( 5, 89, 83) ( 6, 89, 83) ( 7, 88, 82) 
( 1, 93, 82) ( 2, 93, 82) ( 3, 92, 82) ( 4, 91, 82) ( 5, 90, 82) ( 6, 90, 82) ( 7, 89, 81) 
( 1, 94, 82) ( 2, 94, 82) ( 3, 93, 82) ( 4, 92, 82) ( 5, 91, 82) ( 6, 91, 82) ( 7, 90, 81) 
( 1, 95, 82) ( 2, 96, 82) ( 3, 96, 82) ( 4, 96, 82) ( 5, 95, 82) ( 6, 95, 82) ( 7, 94, 81) 
( 1, 96, 82) ( 2, 97, 82) ( 3, 97, 82) ( 4, 97, 82) ( 5, 97, 82) ( 6, 97, 82) ( 7, 97, 81) 
( 1, 96, 82) 
( 1, 97, 82) ( 2, 97, 83) ( 3, 97, 83) ( 4, 97, 83) ( 5, 97, 83) ( 6, 97, 83) ( 7, 96, 83) 
( 1, 98, 82) ( 2, 98, 82) ( 3, 98, 82) ( 4, 98, 82) ( 5, 98, 82) ( 6, 98, 82) ( 7, 98, 81) 
( 1, 99, 82) ( 2, 99, 82) ( 3, 99, 82) ( 4, 99, 82) ( 5, 99, 82) ( 6, 99, 82) ( 7, 98, 82) 
( 1, 101, 82) ( 2, 101, 82) ( 3, 100, 81) ( 4, 100, 81) ( 5, 100, 81) ( 6, 100, 81) ( 7, 100, 80) 
( 1, 102, 82) ( 2, 102, 82) ( 3, 102, 81) 
( 1, 102, 82) 
( 1, 59, 82) ( 2, 59, 83) ( 3, 60, 84) ( 4, 60, 86) ( 5, 60, 86) ( 6, 60, 86) ( 7, 60, 86) 
( 1, 61, 82) ( 2, 61, 83) ( 3, 61, 84) ( 4, 61, 86) ( 5, 60, 86) 
( 1, 62, 82) ( 2, 62, 83) ( 3, 62, 84) ( 4, 62, 86) ( 5, 61, 86) ( 6, 61, 86) ( 7, 60, 86) 
( 1, 63, 82) ( 2, 64, 83) ( 3, 64, 83) 
( 1, 63, 82) 
( 1, 64, 83) ( 2, 65, 84) ( 3, 65, 84) ( 4, 65, 85) ( 5, 64, 85) ( 6, 64, 85) ( 7, 63, 84) 
( 1, 67, 82) ( 2, 67, 83) ( 3, 67, 84) ( 4, 66, 85) ( 5, 65, 85) ( 6, 65, 85) ( 7, 64, 84) 
( 1, 68, 82) ( 2, 68, 83) ( 3, 68, 84) ( 4, 68, 85) ( 5, 67, 85) ( 6, 67, 85) ( 7, 66, 85) 
( 1, 70, 82) ( 2, 70, 83) ( 3, 69, 84) 
( 1, 71, 82) ( 2, 71, 83) ( 3, 70, 84) ( 4, 70, 85) ( 5, 69, 85) ( 6, 69, 85) ( 7, 68, 85) 
( 1, 72, 82) ( 2, 72, 83) ( 3, 71, 84) ( 4, 71, 85) ( 5, 70, 85) ( 6, 70, 85) ( 7, 69, 85) 
( 1, 73, 82) ( 2, 73, 83) ( 3, 72, 84) ( 4, 72, 85) ( 5, 71, 85) ( 6, 71, 85) ( 7, 70, 85) 
( 1, 74, 82) ( 2, 74, 83) ( 3, 73, 84) ( 4, 73, 85) ( 5, 72, 85) ( 6, 72, 85) ( 7, 71, 85) 
( 1, 75, 82) ( 2, 75, 83) ( 3, 75, 83) ( 4, 75, 84) ( 5, 74, 84) ( 6, 74, 84) ( 7, 73, 84) 
( 1, 76, 82) ( 2, 76, 83) ( 3, 76, 83) ( 4, 75, 84) 
( 1, 77, 82) ( 2, 77, 83) ( 3, 76, 83) 
( 1, 78, 82) ( 2, 78, 83) ( 3, 77, 83) ( 4, 76, 84) ( 5, 75, 84) ( 6, 75, 84) ( 7, 74, 84) 
( 1, 79, 82) ( 2, 79, 83) ( 3, 78, 83) ( 4, 77, 84) ( 5, 76, 84) ( 6, 76, 84) ( 7, 75, 84) 
( 1, 80, 82) 
( 1, 90, 83) ( 2, 90, 84) ( 3, 89, 84) ( 4, 88, 84) ( 5, 87, 84) ( 6, 87, 84) ( 7, 86, 83) 
( 1, 92, 83) ( 2, 92, 84) ( 3, 92, 84) ( 4, 92, 84) ( 5, 91, 84) ( 6, 91, 84) ( 7, 90, 83) 
( 1, 93, 83) ( 2, 93, 84) ( 3, 93, 84) ( 4, 93, 84) ( 5, 92, 84) ( 6, 92, 84) ( 7, 91, 83) 
( 1, 94, 83) ( 2, 95, 83) ( 3, 95, 83) ( 4, 95, 83) ( 5, 94, 83) ( 6, 94, 83) ( 7, 94, 82) 
( 1, 95, 83) ( 2, 96, 83) ( 3, 96, 83) ( 4, 96, 83) ( 5, 95, 83) ( 6, 95, 83) ( 7, 94, 83) 
( 1, 95, 83) 
( 1, 100, 83) ( 2, 101, 83) ( 3, 100, 82) ( 4, 100, 82) ( 5, 99, 82) 
( 1, 102, 83) ( 2, 102, 83) ( 3, 101, 82) ( 4, 100, 82) 
( 1, 103, 83) ( 2, 103, 83) ( 3, 102, 82) ( 4, 101, 82) ( 5, 100, 82) ( 6, 100, 82) ( 7, 99, 81) 
( 1, 104, 83) ( 2, 104, 83) ( 3, 103, 82) ( 4, 103, 82) ( 5, 102, 82) ( 6, 102, 82) ( 7, 101, 81) 
( 1, 105, 83) ( 2, 105, 83) ( 3, 103, 82) 
( 1, 106, 83) ( 2, 105, 83) 
( 1, 106, 83) 
( 1, 108, 83) ( 2, 108, 83) ( 3, 108, 82) ( 4, 109, 83) ( 5, 108, 84) ( 6, 108, 84) ( 7, 106, 83) 
( 1, 109, 83) ( 2, 109, 83) ( 3, 108, 82) 
( 1, 110, 83) ( 2, 110, 82) ( 3, 109, 81) ( 4, 112, 80) ( 5, 112, 81) ( 6, 79, 63) 
( 1, 111, 83) ( 2, 111, 82) ( 3, 110, 81) ( 4, 112, 80) 
( 1, 113, 83) ( 2, 113, 82) ( 3, 112, 81) ( 4, 112, 80) 
( 1, 59, 83) ( 2, 60, 84) ( 3, 60, 85) ( 4, 60, 86) 
( 1, 60, 83) ( 2, 60, 84) 
( 1, 62, 83) ( 2, 62, 84) ( 3, 62, 85) ( 4, 62, 87) ( 5, 61, 87) 
( 1, 63, 83) ( 2, 63, 84) ( 3, 63, 85) ( 4, 63, 87) ( 5, 62, 87) ( 6, 62, 87) ( 7, 61, 87) 
( 1, 64, 83) 
( 1, 64, 83) 
( 1, 66, 84) ( 2, 66, 85) 
( 1, 67, 83) ( 2, 67, 84) ( 3, 66, 85) ( 4, 66, 86) ( 5, 65, 86) ( 6, 65, 86) ( 7, 64, 86) 
( 1, 67, 83) 
( 1, 68, 83) ( 2, 68, 84) ( 3, 68, 85) ( 4, 68, 86) ( 5, 67, 86) ( 6, 67, 86) ( 7, 66, 86) 
( 1, 70, 83) ( 2, 70, 84) ( 3, 70, 85) ( 4, 70, 86) ( 5, 69, 86) ( 6, 69, 86) ( 7, 68, 86) 
( 1, 71, 83) ( 2, 71, 84) ( 3, 71, 85) ( 4, 71, 86) ( 5, 70, 86) ( 6, 70, 86) ( 7, 69, 86) 
( 1, 72, 83) ( 2, 72, 84) ( 3, 72, 85) ( 4, 72, 86) ( 5, 71, 86) ( 6, 71, 86) ( 7, 70, 86) 
( 1, 73, 83) ( 2, 73, 84) ( 3, 73, 85) ( 4, 73, 86) ( 5, 72, 86) ( 6, 72, 86) ( 7, 71, 86) 
( 1, 74, 83) ( 2, 74, 84) ( 3, 73, 85) 
( 1, 75, 83) ( 2, 75, 84) ( 3, 75, 85) ( 4, 75, 86) ( 5, 75, 86) ( 6, 75, 86) ( 7, 75, 86) 
( 1, 76, 83) ( 2, 76, 84) ( 3, 76, 84) ( 4, 76, 85) ( 5, 76, 85) ( 6, 76, 85) ( 7, 76, 85) 
( 1, 77, 83) ( 2, 76, 84) 
( 1, 101, 84) ( 2, 101, 84) ( 3, 101, 83) ( 4, 101, 83) ( 5, 101, 83) ( 6, 101, 83) ( 7, 100, 82) 
( 1, 103, 85) ( 2, 103, 85) ( 3, 102, 84) ( 4, 102, 84) ( 5, 102, 84) ( 6, 102, 84) ( 7, 101, 83) 
( 1, 103, 85) 
( 1, 105, 84) ( 2, 105, 84) ( 3, 104, 83) ( 4, 103, 82) 
( 1, 106, 84) ( 2, 106, 84) ( 3, 105, 83) ( 4, 104, 83) ( 5, 104, 83) ( 6, 104, 83) ( 7, 103, 82) 
( 1, 107, 85) ( 2, 107, 85) ( 3, 107, 84) ( 4, 106, 84) ( 5, 105, 83) ( 6, 105, 83) ( 7, 103, 82) 
( 1, 107, 85) 
( 1, 108, 85) ( 2, 108, 85) ( 3, 108, 84) ( 4, 107, 84) 
( 1, 109, 85) ( 2, 109, 85) ( 3, 109, 84) ( 4, 109, 83) 
( 1, 110, 85) ( 2, 110, 85) ( 3, 110, 84) ( 4, 109, 83) 
( 1, 112, 84) ( 2, 112, 84) ( 3, 112, 83) ( 4, 113, 83) ( 5, 112, 83) ( 6, 112, 83) ( 7, 111, 83) 
( 1, 113, 84) ( 2, 113, 84) ( 3, 112, 83) 
( 1, 114, 84) ( 2, 114, 84) ( 3, 113, 82) 
( 1, 115, 84) ( 2, 115, 84) ( 3, 114, 82) ( 4, 113, 81) ( 5, 112, 81) 
( 1, 116, 83) ( 2, 116, 82) ( 3, 115, 80) ( 4, 114, 79) ( 5, 114, 79) 
( 1, 117, 83) ( 2, 118, 82) ( 3, 117, 80) ( 4, 114, 79) 
( 1, 118, 84) ( 2, 118, 84) ( 3, 118, 82) ( 4, 114, 80) 
( 1, 119, 85) ( 2, 118, 84) 
( 1, 60, 84) ( 2, 60, 85) ( 3, 61, 86) ( 4, 61, 88) ( 5, 61, 88) ( 6, 61, 88) ( 7, 61, 88) 
( 1, 61, 84) ( 2, 61, 85) ( 3, 61, 86) 
( 1, 63, 84) ( 2, 63, 85) ( 3, 63, 86) ( 4, 63, 88) ( 5, 62, 88) ( 6, 62, 88) ( 7, 61, 88) 
( 1, 64, 84) ( 2, 65, 85) ( 3, 65, 86) ( 4, 65, 87) ( 5, 64, 87) ( 6, 64, 87) ( 7, 63, 87) 
( 1, 64, 84) 
( 1, 65, 84) ( 2, 66, 85) ( 3, 66, 86) ( 4, 66, 87) ( 5, 65, 87) ( 6, 65, 87) ( 7, 64, 87) 
( 1, 66, 84) 
( 1, 67, 84) ( 2, 67, 85) ( 3, 67, 86) ( 4, 67, 87) ( 5, 66, 87) ( 6, 66, 87) ( 7, 65, 87) 
( 1, 69, 84) ( 2, 69, 85) ( 3, 69, 86) ( 4, 69, 87) ( 5, 68, 87) ( 6, 68, 87) ( 7, 67, 87) 
( 1, 69, 84) 
( 1, 71, 84) ( 2, 71, 85) ( 3, 71, 86) ( 4, 71, 87) ( 5, 70, 87) ( 6, 70, 87) ( 7, 69, 87) 
( 1, 72, 84) ( 2, 72, 85) ( 3, 72, 86) ( 4, 72, 87) ( 5, 71, 87) ( 6, 71, 87) ( 7, 70, 87) 
( 1, 73, 84) ( 2, 73, 85) ( 3, 73, 86) ( 4, 73, 87) ( 5, 72, 87) ( 6, 72, 87) ( 7, 71, 87) 
( 1, 74, 84) ( 2, 74, 85) ( 3, 73, 86) 
( 1, 75, 84) ( 2, 75, 85) ( 3, 75, 86) ( 4, 74, 87) 
( 1, 75, 84) 
( 1, 104, 85) ( 2, 104, 85) ( 3, 103, 84) ( 4, 103, 84) ( 5, 102, 84) 
( 1, 106, 86) ( 2, 106, 86) ( 3, 106, 86) ( 4, 105, 86) ( 5, 105, 86) ( 6, 105, 86) ( 7, 104, 85) 
( 1, 106, 86) 
( 1, 107, 86) ( 2, 107, 86) ( 3, 107, 86) ( 4, 107, 86) ( 5, 106, 86) ( 6, 106, 86) ( 7, 105, 85) 
( 1, 108, 86) ( 2, 108, 86) ( 3, 108, 86) ( 4, 109, 86) ( 5, 108, 86) ( 6, 108, 86) ( 7, 107, 86) 
( 1, 109, 86) ( 2, 109, 86) ( 3, 109, 85) ( 4, 109, 85) ( 5, 108, 85) ( 6, 108, 85) ( 7, 107, 84) 
( 1, 110, 85) 
( 1, 111, 85) ( 2, 111, 85) ( 3, 111, 84) ( 4, 112, 84) ( 5, 111, 84) ( 6, 111, 84) ( 7, 111, 83) 
( 1, 112, 85) ( 2, 112, 84) 
( 1, 113, 85) ( 2, 113, 84) 
( 1, 114, 85) ( 2, 114, 84) 
( 1, 116, 85) ( 2, 116, 84) 
( 1, 117, 86) ( 2, 118, 84) 
( 1, 118, 86) ( 2, 118, 84) 
( 1, 119, 86) ( 2, 118, 84) 
( 1, 119, 86) 
( 1, 61, 85) ( 2, 61, 86) 
( 1, 62, 85) ( 2, 62, 86) ( 3, 62, 87) ( 4, 62, 89) ( 5, 61, 89) ( 6, 61, 89) ( 7, 61, 89) 
( 1, 63, 85) ( 2, 63, 86) ( 3, 63, 87) ( 4, 63, 89) ( 5, 62, 89) ( 6, 62, 89) ( 7, 61, 89) 
( 1, 64, 85) ( 2, 64, 86) ( 3, 64, 87) ( 4, 64, 89) ( 5, 63, 89) ( 6, 63, 89) ( 7, 62, 89) 
( 1, 65, 85) ( 2, 65, 86) ( 3, 65, 87) ( 4, 65, 88) ( 5, 64, 88) ( 6, 64, 88) ( 7, 63, 88) 
( 1, 66, 85) ( 2, 66, 86) ( 3, 66, 87) ( 4, 66, 88) ( 5, 65, 88) ( 6, 65, 88) ( 7, 64, 88) 
( 1, 67, 85) ( 2, 67, 86) ( 3, 67, 87) ( 4, 67, 88) ( 5, 66, 88) ( 6, 66, 88) ( 7, 65, 88) 
( 1, 68, 85) ( 2, 68, 86) ( 3, 68, 87) ( 4, 68, 88) ( 5, 67, 88) ( 6, 67, 88) ( 7, 66, 88) 
( 1, 69, 85) ( 2, 69, 86) ( 3, 69, 87) ( 4, 69, 88) ( 5, 68, 88) ( 6, 68, 88) ( 7, 67, 88) 
( 1, 70, 85) ( 2, 70, 86) ( 3, 70, 87) ( 4, 70, 88) ( 5, 69, 88) ( 6, 69, 88) ( 7, 68, 88) 
( 1, 72, 85) ( 2, 72, 86) ( 3, 72, 87) ( 4, 72, 88) ( 5, 71, 88) ( 6, 71, 88) ( 7, 70, 88) 
( 1, 73, 85) ( 2, 73, 86) ( 3, 73, 87) ( 4, 73, 88) ( 5, 73, 88) ( 6, 73, 88) ( 7, 73, 88) 
( 1, 74, 85) ( 2, 74, 86) ( 3, 74, 87) ( 4, 73, 88) 
( 1, 75, 85) ( 2, 75, 86) ( 3, 75, 86) 
( 1, 109, 86) 
( 1, 111, 85) 
( 1, 112, 85) 
( 1, 113, 85) 
( 1, 115, 85) ( 2, 115, 84) 
( 1, 117, 86) 
( 1, 117, 86) 
( 1, 118, 86) 
( 1, 119, 86) 
( 1, 119, 86) 
( 1, 61, 86) ( 2, 61, 87) ( 3, 62, 89) ( 4, 62, 90) 
( 1, 62, 86) ( 2, 62, 87) ( 3, 62, 88) ( 4, 62, 90) ( 5, 62, 90) ( 6, 62, 90) ( 7, 61, 90) 
( 1, 63, 86) ( 2, 63, 87) ( 3, 63, 88) ( 4, 63, 89) 
( 1, 64, 86) ( 2, 64, 87) ( 3, 64, 88) ( 4, 64, 90) ( 5, 63, 90) ( 6, 63, 90) ( 7, 62, 90) 
( 1, 65, 86) ( 2, 65, 87) ( 3, 65, 88) ( 4, 65, 89) ( 5, 64, 89) ( 6, 64, 89) ( 7, 63, 89) 
( 1, 66, 86) ( 2, 66, 87) ( 3, 66, 88) ( 4, 66, 89) ( 5, 65, 89) ( 6, 65, 89) ( 7, 64, 89) 
( 1, 67, 86) ( 2, 67, 87) ( 3, 67, 88) ( 4, 67, 89) ( 5, 66, 89) ( 6, 66, 89) ( 7, 65, 89) 
( 1, 68, 86) ( 2, 68, 87) ( 3, 68, 88) ( 4, 68, 89) ( 5, 67, 89) ( 6, 67, 89) ( 7, 66, 89) 
( 1, 69, 86) ( 2, 69, 87) ( 3, 69, 88) ( 4, 69, 89) ( 5, 68, 89) ( 6, 68, 89) ( 7, 67, 89) 
( 1, 70, 86) ( 2, 70, 87) ( 3, 70, 88) ( 4, 70, 89) ( 5, 69, 89) ( 6, 69, 89) ( 7, 68, 89) 
( 1, 72, 86) ( 2, 72, 87) ( 3, 72, 88) ( 4, 72, 89) ( 5, 72, 89) ( 6, 72, 89) ( 7, 71, 89) 
( 1, 72, 86) 
( 1, 73, 87) ( 2, 73, 87) 
( 1, 62, 87) ( 2, 62, 88) ( 3, 62, 89) 
( 1, 63, 87) ( 2, 63, 88) ( 3, 63, 89) ( 4, 63, 91) ( 5, 62, 91) 
( 1, 64, 87) ( 2, 64, 88) ( 3, 64, 89) ( 4, 64, 90) 
( 1, 65, 87) ( 2, 65, 88) ( 3, 65, 89) ( 4, 65, 90) ( 5, 64, 90) ( 6, 64, 90) ( 7, 63, 90) 
( 1, 66, 87) ( 2, 66, 88) ( 3, 66, 89) ( 4, 66, 90) ( 5, 65, 90) ( 6, 65, 90) ( 7, 64, 90) 
( 1, 67, 87) ( 2, 67, 88) ( 3, 67, 89) ( 4, 67, 90) ( 5, 66, 90) ( 6, 66, 90) ( 7, 65, 90) 
( 1, 68, 87) ( 2, 68, 88) ( 3, 68, 89) ( 4, 68, 90) ( 5, 67, 90) ( 6, 67, 90) ( 7, 66, 90) 
( 1, 69, 87) ( 2, 69, 88) ( 3, 69, 89) ( 4, 69, 90) ( 5, 68, 91) ( 6, 68, 91) ( 7, 68, 90) 
( 1, 70, 87) ( 2, 70, 88) ( 3, 70, 89) ( 4, 70, 90) ( 5, 70, 90) ( 6, 70, 90) ( 7, 69, 90) 
( 1, 71, 88) ( 2, 71, 89) ( 3, 71, 89) 
( 1, 62, 88) ( 2, 62, 89) 
( 1, 63, 88) ( 2, 63, 89) ( 3, 63, 90) 
( 1, 64, 88) ( 2, 64, 89) ( 3, 64, 90) ( 4, 64, 91) ( 5, 63, 91) ( 6, 63, 91) 
( 1, 65, 88) ( 2, 65, 89) ( 3, 65, 90) ( 4, 65, 91) ( 5, 64, 91) ( 6, 64, 91) ( 7, 64, 91) 
( 1, 66, 88) ( 2, 66, 89) ( 3, 66, 90) ( 4, 66, 91) ( 5, 65, 91) ( 6, 65, 91) ( 7, 64, 91) 
( 1, 67, 88) ( 2, 67, 89) ( 3, 67, 90) ( 4, 67, 91) ( 5, 67, 91) ( 6, 67, 91) ( 7, 66, 91) 
( 1, 68, 89) ( 2, 68, 90) 
( 1, 69, 89) ( 2, 70, 89) 
( 1, 62, 90) ( 2, 63, 90) 
( 1, 63, 90) ( 2, 64, 90) 
( 1, 64, 90) ( 2, 64, 90) 
( 1, 65, 89) ( 2, 65, 90) ( 3, 65, 90) 
( 1, 67, 89) ( 2, 68, 90) ( 3, 68, 90) 
( 2, 71, 61) 
( 2, 71, 61) 
( 2, 71, 61) 
( 2, 71, 61) 
( 2, 71, 61) 
( 2, 71, 61) 
( 2, 81, 63) ( 3, 79, 63) ( 4, 75, 64) 
( 2, 82, 63) 
( 2, 105, 63) ( 3, 102, 62) 
( 2, 71, 61) 
( 2, 71, 61) 
( 2, 71, 61) 
( 2, 81, 63) 
( 2, 82, 63) 
( 2, 98, 62) ( 3, 91, 63) 
( 2, 98, 62) 
( 2, 98, 62) 
( 2, 104, 63) 
( 2, 105, 63) 
( 2, 72, 62) ( 3, 71, 65) 
( 2, 79, 64) ( 3, 77, 64) ( 4, 75, 65) ( 5, 74, 65) 
( 2, 80, 64) ( 3, 78, 65) ( 4, 75, 65) 
( 2, 97, 63) ( 3, 91, 63) 
( 2, 98, 62) 
( 2, 98, 62) 
( 2, 98, 62) 
( 2, 98, 63) ( 3, 91, 63) 
( 2, 104, 63) 
( 2, 105, 63) 
( 2, 73, 66) ( 3, 77, 69) 
( 2, 73, 66) 
( 2, 73, 66) 
( 2, 78, 65) ( 3, 75, 65) 
( 2, 97, 64) ( 3, 91, 63) 
( 2, 98, 64) ( 3, 91, 63) 
( 2, 98, 64) 
( 2, 103, 64) 
( 2, 73, 66) 
( 2, 76, 66) ( 3, 71, 67) ( 4, 69, 68) ( 5, 68, 68) ( 6, 67, 68) 
( 2, 78, 66) ( 3, 74, 66) 
( 2, 96, 65) ( 3, 91, 64) 
( 2, 98, 64) 
( 2, 98, 64) 
( 2, 102, 65) 
( 2, 103, 65) ( 3, 100, 64) ( 4, 97, 64) 
( 2, 73, 67) 
( 2, 73, 67) 
( 2, 76, 67) 
( 2, 77, 67) ( 3, 74, 66) 
( 2, 96, 66) ( 3, 91, 67) ( 4, 87, 68) 
( 2, 97, 67) ( 3, 92, 68) 
( 2, 102, 66) 
( 2, 73, 68) ( 3, 75, 70) 
( 2, 73, 68) 
( 2, 73, 68) 
( 2, 76, 68) ( 3, 72, 69) ( 4, 70, 70) 
( 2, 97, 67) 
( 2, 98, 68) ( 3, 94, 69) 
( 2, 102, 67) ( 3, 100, 66) ( 4, 96, 66) 
( 2, 73, 69) 
( 2, 73, 69) 
( 2, 76, 69) ( 3, 73, 70) ( 4, 72, 71) 
( 2, 98, 68) 
( 2, 73, 70) 
( 2, 73, 70) 
( 2, 72, 70) ( 3, 71, 70) ( 4, 69, 71) ( 5, 68, 71) ( 6, 68, 71) ( 7, 67, 71) 
( 2, 72, 71) ( 3, 71, 73) ( 4, 70, 74) ( 5, 70, 74) ( 6, 70, 74) ( 7, 69, 73) 
( 2, 72, 70) 
( 2, 76, 69) 
( 2, 76, 69) 
( 2, 96, 70) ( 3, 93, 69) 
( 2, 102, 70) ( 3, 100, 69) ( 4, 97, 69) 
( 2, 72, 71) 
( 2, 93, 71) ( 3, 90, 69) ( 4, 87, 70) ( 5, 86, 70) ( 6, 86, 70) 
( 2, 95, 71) ( 3, 94, 71) ( 4, 92, 71) 
( 2, 96, 71) ( 3, 95, 71) ( 4, 92, 72) ( 5, 90, 72) 
( 2, 101, 71) ( 3, 99, 70) ( 4, 97, 70) ( 5, 96, 70) ( 6, 95, 70) 
( 2, 91, 72) ( 3, 91, 72) ( 4, 89, 72) ( 5, 88, 72) ( 6, 88, 72) ( 7, 88, 71) 
( 2, 93, 72) ( 3, 92, 72) ( 4, 91, 72) ( 5, 90, 72) ( 6, 90, 72) ( 7, 89, 71) 
( 2, 97, 72) ( 3, 95, 72) 
( 2, 92, 73) ( 3, 91, 73) ( 4, 90, 73) ( 5, 90, 73) ( 6, 79, 63) 
( 2, 99, 73) ( 3, 98, 72) ( 4, 96, 72) ( 5, 95, 72) ( 6, 94, 72) 
( 2, 68, 75) ( 3, 67, 76) ( 4, 67, 77) 
( 2, 91, 75) ( 3, 91, 74) 
( 2, 70, 76) ( 3, 69, 77) ( 4, 68, 78) 
( 2, 70, 77) ( 3, 69, 78) ( 4, 68, 79) 
( 2, 70, 78) ( 3, 69, 79) 
( 2, 81, 78) ( 3, 80, 78) ( 4, 79, 79) ( 5, 78, 79) ( 6, 78, 79) ( 7, 77, 78) 
( 2, 70, 79) ( 3, 69, 80) 
( 2, 79, 79) ( 3, 78, 79) ( 4, 77, 80) ( 5, 76, 80) ( 6, 76, 80) ( 7, 75, 80) 
( 2, 80, 79) ( 3, 79, 79) ( 4, 78, 80) ( 5, 77, 80) ( 6, 77, 80) ( 7, 76, 80) 
( 2, 66, 80) ( 3, 66, 81) ( 4, 66, 82) ( 5, 66, 82) ( 6, 66, 82) ( 7, 66, 82) 
( 2, 71, 80) ( 3, 70, 80) 
( 2, 67, 81) ( 3, 67, 82) ( 4, 67, 83) ( 5, 67, 83) ( 6, 67, 83) ( 7, 66, 82) 
( 2, 72, 81) ( 3, 71, 81) 
( 2, 69, 82) ( 3, 68, 83) 
( 2, 100, 81) ( 3, 100, 80) ( 4, 100, 80) ( 5, 100, 80) ( 6, 100, 80) ( 7, 100, 79) 
( 2, 60, 83) ( 3, 60, 84) 
( 2, 69, 83) ( 3, 69, 84) ( 4, 69, 85) ( 5, 68, 85) ( 6, 68, 85) ( 7, 67, 85) 
( 2, 88, 83) ( 3, 87, 83) ( 4, 86, 83) ( 5, 85, 83) ( 6, 85, 83) ( 7, 84, 82) 
( 2, 91, 83) ( 3, 90, 83) ( 4, 89, 83) ( 5, 88, 83) ( 6, 88, 83) ( 7, 87, 82) 
( 2, 100, 82) ( 3, 99, 82) 
( 2, 61, 84) ( 3, 61, 85) ( 4, 61, 87) ( 5, 61, 87) ( 6, 61, 87) ( 7, 60, 87) 
( 2, 69, 84) ( 3, 69, 85) ( 4, 69, 86) ( 5, 68, 86) ( 6, 68, 86) ( 7, 67, 86) 
( 2, 88, 84) ( 3, 87, 84) ( 4, 86, 84) ( 5, 85, 84) ( 6, 85, 84) ( 7, 84, 83) 
( 2, 91, 84) ( 3, 90, 84) ( 4, 90, 84) ( 5, 89, 84) ( 6, 89, 84) ( 7, 88, 83) 
( 2, 101, 83) 
( 2, 112, 82) ( 3, 111, 81) ( 4, 112, 80) 
( 2, 114, 82) ( 3, 113, 81) ( 4, 112, 80) 
( 2, 115, 82) ( 3, 114, 80) 
( 2, 62, 85) ( 3, 62, 86) ( 4, 62, 88) ( 5, 61, 88) 
( 2, 68, 85) ( 3, 68, 86) ( 4, 68, 87) ( 5, 67, 87) ( 6, 67, 87) ( 7, 66, 87) 
( 2, 70, 85) ( 3, 70, 86) ( 4, 70, 87) ( 5, 69, 87) ( 6, 69, 87) ( 7, 68, 87) 
( 2, 102, 84) ( 3, 101, 83) 
( 2, 103, 84) ( 3, 102, 83) ( 4, 101, 83) 
( 2, 104, 84) ( 3, 103, 83) ( 4, 102, 83) ( 5, 101, 83) 
( 2, 107, 84) ( 3, 107, 83) ( 4, 107, 84) ( 5, 106, 84) ( 6, 106, 84) ( 7, 105, 83) 
( 2, 108, 84) ( 3, 108, 83) ( 4, 109, 83) 
( 2, 109, 84) ( 3, 109, 83) ( 4, 109, 83) 
( 2, 110, 84) ( 3, 109, 83) 
( 2, 111, 84) ( 3, 111, 83) ( 4, 111, 82) 
( 2, 116, 84) ( 3, 115, 82) ( 4, 114, 82) ( 5, 114, 82) ( 6, 114, 82) ( 7, 114, 82) 
( 2, 117, 84) ( 3, 117, 82) ( 4, 114, 80) 
( 2, 61, 86) ( 3, 61, 87) ( 4, 61, 88) 
( 2, 71, 86) ( 3, 71, 87) ( 4, 71, 88) ( 5, 70, 88) ( 6, 70, 88) ( 7, 69, 88) 
( 2, 105, 85) ( 3, 105, 84) ( 4, 104, 84) ( 5, 103, 84) ( 6, 103, 84) ( 7, 102, 83) 
( 2, 106, 85) ( 3, 105, 84) 
( 2, 117, 84) 
( 2, 118, 84) 
( 2, 71, 87) ( 3, 71, 88) ( 4, 71, 89) ( 5, 70, 89) ( 6, 70, 89) ( 7, 69, 89) 
( 2, 73, 87) ( 3, 73, 87) 
( 2, 74, 86) 
( 2, 62, 89) ( 3, 63, 90) ( 4, 62, 91) ( 5, 62, 91) ( 6, 63, 91) ( 7, 63, 91) 
( 2, 71, 88) ( 3, 71, 89) ( 4, 70, 90) 
( 2, 72, 88) ( 3, 72, 88) 
( 2, 68, 89) ( 3, 68, 90) ( 4, 67, 91) 
( 2, 69, 89) ( 3, 69, 90) ( 4, 69, 90) 
( 2, 70, 89) ( 3, 69, 90) 
( 2, 63, 90) ( 3, 63, 90) 
( 2, 63, 90) 
( 2, 64, 90) ( 3, 64, 90) 
( 2, 67, 90) ( 3, 67, 90) 
( 3, 74, 63) ( 4, 72, 64) ( 5, 71, 65) ( 6, 71, 65) ( 7, 65, 64) 
( 3, 74, 63) 
( 3, 74, 63) 
( 3, 73, 64) ( 4, 70, 65) ( 5, 69, 65) ( 6, 69, 65) ( 7, 65, 64) 
( 3, 74, 63) 
( 3, 74, 63) 
( 3, 73, 64) 
( 3, 74, 63) 
( 3, 74, 63) 
( 3, 90, 62) ( 4, 86, 65) ( 5, 83, 66) 
( 3, 91, 63) ( 4, 86, 65) 
( 3, 70, 66) ( 4, 67, 67) ( 5, 67, 67) ( 6, 67, 67) ( 7, 63, 66) 
( 3, 73, 64) 
( 3, 79, 67) ( 4, 77, 68) ( 5, 76, 68) ( 6, 76, 68) ( 7, 75, 67) 
( 3, 74, 63) 
( 3, 90, 62) 
( 3, 91, 63) 
( 3, 91, 63) 
( 3, 104, 62) ( 4, 97, 62) 
( 3, 104, 62) 
( 3, 104, 62) 
( 3, 78, 68) ( 4, 76, 69) ( 5, 74, 69) ( 6, 74, 69) ( 7, 71, 68) 
( 3, 78, 68) 
( 3, 79, 64) ( 4, 75, 65) 
( 3, 80, 64) 
( 3, 80, 64) 
( 3, 89, 63) ( 4, 86, 65) 
( 3, 91, 63) 
( 3, 91, 63) 
( 3, 91, 63) 
( 3, 102, 63) ( 4, 97, 62) 
( 3, 104, 63) ( 4, 97, 62) 
( 3, 104, 63) 
( 3, 104, 63) 
( 3, 77, 69) ( 4, 75, 70) ( 5, 74, 70) ( 6, 74, 70) ( 7, 71, 70) 
( 3, 78, 68) 
( 3, 71, 65) 
( 3, 79, 65) 
( 3, 80, 64) 
( 3, 88, 65) ( 4, 85, 65) 
( 3, 91, 64) ( 4, 86, 65) 
( 3, 91, 64) 
( 3, 102, 64) ( 4, 97, 64) 
( 3, 104, 64) ( 4, 97, 64) 
( 3, 104, 64) 
( 3, 104, 64) 
( 3, 104, 64) 
( 3, 77, 69) 
( 3, 77, 69) 
( 3, 90, 66) ( 4, 86, 66) 
( 3, 90, 66) 
( 3, 100, 65) ( 4, 97, 64) 
( 3, 77, 69) 
( 3, 77, 69) 
( 3, 90, 67) ( 4, 87, 68) 
( 3, 91, 67) 
( 3, 92, 68) ( 4, 89, 69) 
( 3, 100, 66) 
( 3, 75, 70) 
( 3, 77, 69) 
( 3, 92, 68) 
( 3, 92, 68) 
( 3, 94, 69) ( 4, 90, 70) 
( 3, 100, 67) ( 4, 96, 67) 
( 3, 75, 70) 
( 3, 75, 70) 
( 3, 93, 69) ( 4, 90, 70) 
( 3, 94, 69) 
( 3, 100, 68) ( 4, 97, 69) ( 5, 95, 69) 
( 3, 75, 71) ( 4, 74, 72) ( 5, 73, 72) ( 6, 73, 72) ( 7, 72, 72) 
( 3, 76, 70) ( 4, 74, 71) 
( 3, 95, 70) 
( 3, 70, 72) ( 4, 69, 73) ( 5, 68, 73) ( 6, 68, 73) ( 7, 67, 73) 
( 3, 74, 72) 
( 3, 76, 71) ( 4, 74, 72) 
( 3, 92, 70) ( 4, 90, 70) 
( 3, 70, 72) 
( 3, 73, 73) 
( 3, 74, 71) 
( 3, 91, 72) 
( 3, 93, 72) ( 4, 91, 73) ( 5, 89, 74) ( 6, 79, 63) 
( 3, 94, 72) ( 4, 93, 72) ( 5, 92, 72) ( 6, 92, 72) ( 7, 90, 71) 
( 3, 70, 73) ( 4, 69, 74) ( 5, 69, 74) ( 6, 69, 74) ( 7, 68, 74) 
( 3, 69, 74) ( 4, 68, 76) ( 5, 68, 76) ( 6, 68, 76) ( 7, 68, 76) 
( 3, 73, 74) ( 4, 72, 75) ( 5, 71, 75) ( 6, 71, 75) ( 7, 70, 75) 
( 3, 75, 73) ( 4, 74, 74) ( 5, 73, 74) ( 6, 73, 74) ( 7, 72, 74) 
( 3, 77, 73) ( 4, 76, 74) ( 5, 75, 74) ( 6, 75, 74) ( 7, 74, 73) 
( 3, 89, 73) ( 4, 88, 74) ( 5, 87, 74) ( 6, 87, 74) ( 7, 88, 73) 
( 3, 90, 73) ( 4, 89, 73) ( 5, 88, 73) ( 6, 88, 73) ( 7, 88, 73) 
( 3, 67, 77) ( 4, 67, 78) 
( 3, 66, 80) ( 4, 66, 81) ( 5, 66, 81) ( 6, 66, 81) ( 7, 66, 81) 
( 3, 89, 81) ( 4, 88, 81) ( 5, 87, 81) ( 6, 87, 81) ( 7, 86, 80) 
( 3, 90, 81) ( 4, 89, 81) ( 5, 88, 81) ( 6, 88, 81) ( 7, 87, 80) 
( 3, 91, 81) ( 4, 90, 81) ( 5, 89, 81) ( 6, 89, 81) ( 7, 88, 80) 
( 3, 100, 80) 
( 3, 111, 80) ( 4, 112, 79) ( 5, 113, 80) ( 6, 79, 63) 
( 3, 112, 80) ( 4, 112, 79) 
( 3, 113, 80) ( 4, 112, 79) 
( 3, 114, 80) ( 4, 113, 79) ( 5, 114, 79) ( 6, 79, 63) 
( 3, 95, 82) ( 4, 95, 82) ( 5, 94, 82) ( 6, 94, 82) ( 7, 93, 81) 
( 3, 116, 80) ( 4, 114, 79) 
( 3, 63, 84) ( 4, 63, 85) ( 5, 62, 85) ( 6, 62, 85) ( 7, 61, 85) 
( 3, 93, 83) ( 4, 93, 83) ( 5, 92, 83) ( 6, 92, 83) ( 7, 91, 82) 
( 3, 94, 83) ( 4, 94, 83) ( 5, 93, 83) ( 6, 93, 83) ( 7, 92, 82) 
( 3, 110, 82) ( 4, 111, 82) ( 5, 111, 83) ( 6, 111, 83) ( 7, 111, 83) 
( 3, 110, 82) 
( 3, 111, 82) ( 4, 112, 81) ( 5, 112, 81) 
( 3, 112, 82) ( 4, 112, 81) 
( 3, 113, 82) ( 4, 112, 81) 
( 3, 114, 81) ( 4, 113, 80) ( 5, 113, 80) 
( 3, 115, 81) ( 4, 114, 80) ( 5, 114, 80) ( 6, 79, 63) 
( 3, 116, 81) ( 4, 114, 80) 
( 3, 118, 81) ( 4, 114, 80) 
( 3, 64, 85) ( 4, 64, 86) ( 5, 63, 86) ( 6, 63, 86) ( 7, 62, 86) 
( 3, 64, 86) ( 4, 64, 87) ( 5, 63, 87) ( 6, 63, 87) ( 7, 62, 87) 
( 3, 104, 85) ( 4, 104, 85) ( 5, 103, 85) 
( 3, 66, 90) 
( 4, 73, 64) ( 5, 72, 65) ( 6, 72, 65) ( 7, 65, 64) 
( 4, 74, 64) ( 5, 73, 65) ( 6, 72, 65) 
( 4, 82, 64) ( 5, 80, 64) ( 6, 80, 65) ( 7, 77, 66) 
( 4, 82, 64) 
( 4, 83, 63) ( 5, 82, 63) ( 6, 79, 63) 
( 4, 84, 63) ( 5, 83, 63) ( 6, 79, 63) 
( 4, 85, 63) ( 5, 84, 63) ( 6, 79, 63) 
( 4, 86, 65) 
( 4, 97, 62) 
( 4, 72, 65) ( 5, 71, 65) 
( 4, 74, 65) ( 5, 73, 65) 
( 4, 75, 65) 
( 4, 80, 66) ( 5, 79, 66) ( 6, 79, 66) ( 7, 77, 66) 
( 4, 81, 65) ( 5, 80, 65) ( 6, 80, 65) 
( 4, 81, 65) 
( 4, 82, 65) ( 5, 80, 65) 
( 4, 83, 64) ( 5, 82, 64) ( 6, 79, 63) 
( 4, 84, 64) ( 5, 83, 64) ( 6, 79, 63) 
( 4, 85, 64) ( 5, 84, 64) ( 6, 79, 63) 
( 4, 85, 65) ( 5, 83, 66) ( 6, 84, 66) ( 7, 86, 65) 
( 4, 86, 65) 
( 4, 86, 65) 
( 4, 97, 64) ( 5, 93, 64) 
( 4, 97, 64) 
( 4, 70, 66) ( 5, 69, 66) ( 6, 69, 66) ( 7, 65, 65) 
( 4, 71, 66) ( 5, 70, 66) ( 6, 70, 66) ( 7, 65, 65) 
( 4, 72, 66) ( 5, 71, 66) ( 6, 71, 66) ( 7, 65, 65) 
( 4, 80, 66) 
( 4, 80, 66) 
( 4, 81, 66) ( 5, 80, 66) ( 6, 80, 66) ( 7, 77, 66) 
( 4, 82, 66) ( 5, 80, 66) 
( 4, 83, 65) ( 5, 81, 65) ( 6, 81, 65) ( 7, 83, 64) 
( 4, 83, 65) 
( 4, 86, 65) 
( 4, 86, 65) 
( 4, 94, 65) ( 5, 93, 65) ( 6, 79, 63) 
( 4, 69, 67) ( 5, 68, 67) ( 6, 68, 67) ( 7, 65, 65) 
( 4, 70, 67) ( 5, 69, 67) ( 6, 68, 67) 
( 4, 71, 67) ( 5, 70, 67) ( 6, 70, 66) 
( 4, 78, 67) ( 5, 77, 67) ( 6, 77, 67) ( 7, 76, 67) 
( 4, 79, 67) ( 5, 78, 67) ( 6, 78, 67) ( 7, 77, 67) 
( 4, 80, 67) ( 5, 79, 67) ( 6, 78, 67) 
( 4, 82, 67) ( 5, 80, 66) 
( 4, 84, 67) ( 5, 82, 67) ( 6, 83, 67) ( 7, 86, 65) 
( 4, 86, 66) ( 5, 84, 67) ( 6, 84, 67) ( 7, 86, 65) 
( 4, 86, 66) 
( 4, 96, 66) ( 5, 93, 67) ( 6, 92, 68) 
( 4, 67, 68) ( 5, 66, 68) ( 6, 66, 68) ( 7, 63, 67) 
( 4, 69, 68) 
( 4, 78, 68) ( 5, 77, 68) ( 6, 76, 68) 
( 4, 79, 68) ( 5, 77, 68) 
( 4, 80, 68) ( 5, 79, 67) 
( 4, 85, 68) ( 5, 84, 68) ( 6, 84, 68) 
( 4, 87, 68) ( 5, 85, 68) 
( 4, 96, 67) ( 5, 94, 68) ( 6, 94, 69) ( 7, 92, 69) 
( 4, 66, 69) ( 5, 65, 69) ( 6, 65, 69) ( 7, 63, 69) 
( 4, 70, 70) ( 5, 68, 70) 
( 4, 77, 69) ( 5, 76, 69) ( 6, 76, 68) 
( 4, 78, 69) ( 5, 76, 69) 
( 4, 79, 69) ( 5, 77, 68) 
( 4, 86, 69) ( 5, 85, 69) ( 6, 85, 69) 
( 4, 88, 69) ( 5, 87, 69) ( 6, 87, 69) ( 7, 88, 67) 
( 4, 89, 69) ( 5, 87, 69) 
( 4, 67, 70) ( 5, 66, 70) ( 6, 66, 70) ( 7, 64, 70) 
( 4, 69, 70) ( 5, 68, 70) ( 6, 67, 70) 
( 4, 72, 71) ( 5, 70, 71) 
( 4, 76, 70) ( 5, 75, 70) ( 6, 74, 70) 
( 4, 77, 70) ( 5, 76, 70) ( 6, 79, 63) 
( 4, 78, 70) ( 5, 76, 70) 
( 4, 89, 70) ( 5, 88, 70) ( 6, 88, 70) ( 7, 88, 70) 
( 4, 90, 70) ( 5, 89, 70) ( 6, 89, 70) ( 7, 88, 70) 
( 4, 68, 71) ( 5, 67, 71) ( 6, 67, 71) ( 7, 66, 71) 
( 4, 70, 71) ( 5, 69, 71) ( 6, 69, 71) ( 7, 67, 71) 
( 4, 75, 71) ( 5, 74, 71) ( 6, 74, 71) ( 7, 72, 71) 
( 4, 76, 71) ( 5, 75, 71) ( 6, 74, 71) 
( 4, 78, 71) ( 5, 76, 70) 
( 4, 91, 71) ( 5, 90, 71) ( 6, 90, 71) ( 7, 89, 71) 
( 4, 92, 71) ( 5, 90, 71) 
( 4, 68, 72) ( 5, 67, 72) ( 6, 67, 72) ( 7, 66, 72) 
( 4, 69, 72) ( 5, 68, 72) ( 6, 68, 72) ( 7, 67, 72) 
( 4, 71, 72) ( 5, 70, 72) ( 6, 70, 72) ( 7, 68, 72) 
( 4, 72, 72) ( 5, 71, 72) ( 6, 70, 72) 
( 4, 75, 72) ( 5, 74, 72) ( 6, 74, 72) ( 7, 73, 72) 
( 4, 77, 72) ( 5, 75, 72) 
( 4, 90, 71) ( 5, 89, 71) ( 6, 89, 71) ( 7, 88, 70) 
( 4, 91, 71) 
( 4, 97, 71) ( 5, 96, 71) ( 6, 95, 71) 
( 4, 98, 71) ( 5, 96, 71) 
( 4, 70, 73) ( 5, 69, 73) ( 6, 69, 73) ( 7, 68, 73) 
( 4, 71, 73) ( 5, 70, 73) ( 6, 70, 73) ( 7, 68, 73) 
( 4, 75, 73) ( 5, 74, 73) ( 6, 74, 73) ( 7, 73, 73) 
( 4, 76, 73) ( 5, 75, 73) ( 6, 74, 73) 
( 4, 77, 73) ( 5, 75, 73) 
( 4, 95, 72) ( 5, 94, 72) ( 6, 94, 72) ( 7, 92, 71) 
( 4, 73, 74) ( 5, 72, 74) ( 6, 72, 74) ( 7, 71, 74) 
( 4, 75, 74) ( 5, 74, 74) ( 6, 74, 74) ( 7, 73, 73) 
( 4, 79, 74) ( 5, 78, 74) ( 6, 78, 74) ( 7, 77, 73) 
( 4, 88, 75) ( 5, 87, 75) ( 6, 87, 74) 
( 4, 89, 74) ( 5, 88, 74) ( 6, 88, 74) ( 7, 88, 73) 
( 4, 91, 74) ( 5, 90, 74) 
( 4, 87, 75) ( 5, 86, 75) 
( 4, 73, 78) ( 5, 72, 78) ( 6, 72, 78) ( 7, 71, 78) 
( 4, 98, 77) ( 5, 97, 77) ( 6, 97, 77) ( 7, 96, 76) 
( 4, 74, 79) ( 5, 73, 79) ( 6, 73, 79) ( 7, 72, 79) 
( 4, 94, 78) ( 5, 93, 78) ( 6, 93, 78) ( 7, 92, 77) 
( 4, 97, 78) ( 5, 96, 78) ( 6, 96, 78) ( 7, 95, 77) 
( 4, 66, 80) ( 5, 66, 80) ( 6, 66, 80) ( 7, 66, 80) 
( 4, 95, 79) ( 5, 94, 79) ( 6, 94, 79) ( 7, 93, 78) 
( 4, 96, 79) ( 5, 95, 79) ( 6, 95, 79) ( 7, 94, 78) 
( 4, 97, 79) ( 5, 96, 79) ( 6, 96, 79) ( 7, 95, 78) 
( 4, 99, 79) ( 5, 99, 79) ( 6, 99, 79) ( 7, 99, 78) 
( 4, 96, 80) ( 5, 95, 80) ( 6, 95, 80) ( 7, 94, 79) 
( 4, 95, 81) ( 5, 94, 81) ( 6, 94, 81) ( 7, 93, 80) 
( 4, 100, 81) 
( 4, 114, 80) 
( 4, 60, 83) 
( 4, 69, 83) ( 5, 68, 83) ( 6, 68, 83) ( 7, 67, 83) 
( 4, 70, 83) ( 5, 69, 83) ( 6, 69, 83) ( 7, 68, 83) 
( 4, 93, 82) ( 5, 92, 82) ( 6, 92, 82) ( 7, 91, 81) 
( 4, 109, 83) 
( 4, 114, 81) ( 5, 114, 81) ( 6, 114, 81) 
( 4, 61, 85) ( 5, 60, 85) 
( 4, 62, 84) ( 5, 61, 84) ( 6, 61, 84) ( 7, 60, 84) 
( 4, 63, 84) ( 5, 62, 84) ( 6, 62, 84) ( 7, 61, 84) 
( 4, 71, 84) ( 5, 70, 84) ( 6, 70, 84) ( 7, 69, 84) 
( 4, 72, 84) ( 5, 71, 84) ( 6, 71, 84) ( 7, 70, 84) 
( 4, 74, 84) ( 5, 73, 84) ( 6, 73, 84) ( 7, 72, 84) 
( 4, 84, 84) ( 5, 83, 84) ( 6, 83, 84) ( 7, 82, 83) 
( 4, 92, 83) ( 5, 91, 83) ( 6, 91, 83) ( 7, 90, 82) 
( 4, 109, 83) 
( 4, 64, 85) ( 5, 63, 85) ( 6, 63, 85) ( 7, 62, 85) 
( 4, 74, 85) ( 5, 73, 85) ( 6, 73, 85) ( 7, 72, 85) 
( 4, 75, 85) ( 5, 74, 85) ( 6, 74, 85) ( 7, 73, 85) 
( 4, 83, 84) 
( 4, 85, 84) 
( 4, 90, 84) 
( 4, 94, 84) ( 5, 93, 84) ( 6, 93, 84) ( 7, 92, 83) 
( 4, 103, 84) 
( 4, 105, 84) ( 5, 104, 84) ( 6, 104, 84) ( 7, 103, 83) 
( 4, 65, 86) ( 5, 64, 86) ( 6, 64, 86) ( 7, 63, 86) 
( 4, 67, 86) ( 5, 66, 86) ( 6, 66, 86) ( 7, 65, 85) 
( 4, 74, 86) ( 5, 73, 86) ( 6, 73, 86) ( 7, 72, 86) 
( 4, 103, 85) ( 5, 103, 85) ( 6, 103, 85) ( 7, 102, 84) 
( 4, 105, 85) ( 5, 104, 85) ( 6, 104, 85) ( 7, 103, 84) 
( 4, 106, 85) ( 5, 105, 85) ( 6, 105, 85) ( 7, 104, 84) 
( 4, 107, 85) ( 5, 106, 85) ( 6, 106, 85) ( 7, 105, 84) 
( 4, 108, 85) ( 5, 107, 85) ( 6, 107, 85) ( 7, 106, 84) 
( 4, 111, 85) ( 5, 110, 85) ( 6, 110, 85) ( 7, 109, 84) 
( 4, 74, 87) ( 5, 74, 87) ( 6, 74, 87) ( 7, 74, 87) 
( 5, 93, 63) 
( 5, 93, 63) 
( 5, 93, 63) 
( 5, 91, 64) ( 6, 90, 64) 
( 5, 93, 64) ( 6, 79, 63) 
( 5, 93, 64) 
( 5, 93, 64) 
( 5, 70, 65) ( 6, 70, 65) ( 7, 65, 64) 
( 5, 82, 66) ( 6, 83, 65) ( 7, 83, 63) 
( 5, 91, 65) ( 6, 90, 65) 
( 5, 93, 65) 
( 5, 81, 66) ( 6, 79, 63) 
( 5, 83, 66) 
( 5, 83, 66) 
( 5, 91, 66) ( 6, 90, 65) 
( 5, 92, 66) ( 6, 79, 63) 
( 5, 67, 67) 
( 5, 79, 67) 
( 5, 84, 67) 
( 5, 84, 67) 
( 5, 93, 67) 
( 5, 65, 68) ( 6, 65, 68) ( 7, 62, 67) 
( 5, 67, 68) ( 6, 67, 68) ( 7, 63, 67) 
( 5, 82, 68) ( 6, 83, 67) 
( 5, 85, 68) ( 6, 85, 68) ( 7, 87, 66) 
( 5, 94, 68) 
( 5, 66, 69) ( 6, 66, 69) ( 7, 63, 69) 
( 5, 67, 69) ( 6, 66, 69) 
( 5, 84, 69) ( 6, 85, 69) ( 7, 87, 66) 
( 5, 86, 69) ( 6, 86, 69) ( 7, 87, 66) 
( 5, 94, 69) ( 6, 94, 69) 
( 5, 64, 70) ( 6, 64, 70) ( 7, 61, 70) 
( 5, 67, 70) ( 6, 67, 70) ( 7, 66, 71) 
( 5, 87, 70) ( 6, 87, 70) ( 7, 88, 70) 
( 5, 66, 71) ( 6, 66, 71) ( 7, 65, 71) 
( 5, 70, 71) ( 6, 69, 71) 
( 5, 75, 71) 
( 5, 87, 71) ( 6, 87, 71) 
( 5, 88, 71) ( 6, 88, 71) ( 7, 88, 70) 
( 5, 69, 72) ( 6, 69, 72) ( 7, 68, 72) 
( 5, 75, 72) ( 6, 74, 72) 
( 5, 89, 72) ( 6, 89, 72) ( 7, 88, 71) 
( 5, 96, 72) ( 6, 95, 71) 
( 5, 93, 73) ( 6, 93, 73) ( 7, 91, 72) 
( 5, 81, 74) ( 6, 81, 74) ( 7, 80, 73) 
( 5, 95, 74) ( 6, 95, 74) ( 7, 94, 74) 
( 5, 81, 76) ( 6, 81, 76) ( 7, 80, 75) 
( 5, 87, 76) ( 6, 87, 76) ( 7, 86, 75) 
( 5, 99, 76) ( 6, 99, 76) ( 7, 98, 75) 
( 5, 82, 78) ( 6, 82, 78) ( 7, 81, 77) 
( 5, 98, 78) ( 6, 98, 78) ( 7, 97, 77) 
( 5, 83, 79) ( 6, 83, 79) ( 7, 82, 78) 
( 5, 97, 79) ( 6, 97, 79) ( 7, 96, 78) 
( 5, 84, 80) ( 6, 84, 80) ( 7, 83, 79) 
( 5, 96, 80) ( 6, 96, 80) ( 7, 95, 79) 
( 5, 95, 81) ( 6, 95, 81) ( 7, 94, 80) 
( 5, 101, 81) ( 6, 101, 81) ( 7, 100, 80) 
( 5, 60, 83) ( 6, 60, 83) ( 7, 59, 83) 
( 5, 66, 82) 
( 5, 93, 82) ( 6, 93, 82) ( 7, 92, 81) 
( 5, 101, 82) ( 6, 101, 82) ( 7, 100, 81) 
( 5, 112, 82) ( 6, 113, 82) ( 7, 114, 82) 
( 5, 112, 82) 
( 5, 60, 83) 
( 5, 61, 83) 
( 5, 62, 83) ( 6, 62, 83) ( 7, 61, 82) 
( 5, 79, 83) ( 6, 79, 83) ( 7, 78, 83) 
( 5, 90, 83) ( 6, 90, 83) ( 7, 89, 82) 
( 5, 102, 83) ( 6, 102, 83) ( 7, 101, 82) 
( 5, 109, 84) ( 6, 109, 84) ( 7, 108, 84) 
( 5, 111, 83) 
( 5, 111, 83) 
( 5, 114, 83) ( 6, 114, 83) ( 7, 114, 82) 
( 5, 59, 84) ( 6, 59, 84) ( 7, 59, 84) 
( 5, 60, 84) ( 6, 60, 84) ( 7, 59, 84) 
( 5, 72, 84) ( 6, 72, 84) ( 7, 71, 84) 
( 5, 78, 84) ( 6, 78, 84) ( 7, 77, 84) 
( 5, 88, 84) ( 6, 88, 84) ( 7, 87, 83) 
( 5, 90, 84) ( 6, 90, 84) ( 7, 89, 83) 
( 5, 95, 84) ( 6, 94, 84) 
( 5, 107, 84) ( 6, 107, 84) ( 7, 106, 83) 
( 5, 108, 84) 
( 5, 109, 84) 
( 5, 110, 84) ( 6, 110, 84) ( 7, 109, 84) 
( 5, 112, 84) ( 6, 112, 84) ( 7, 111, 83) 
( 5, 114, 84) ( 6, 114, 84) ( 7, 113, 83) 
( 5, 61, 85) ( 6, 61, 85) ( 7, 60, 85) 
( 5, 66, 85) ( 6, 66, 85) ( 7, 65, 85) 
( 5, 109, 85) ( 6, 109, 85) ( 7, 108, 84) 
( 5, 112, 85) ( 6, 112, 85) ( 7, 111, 84) 
( 5, 62, 86) ( 6, 62, 86) ( 7, 61, 86) 
( 5, 103, 85) 
( 5, 105, 86) 
( 5, 107, 86) ( 6, 107, 86) ( 7, 106, 86) 
( 5, 110, 86) ( 6, 110, 86) ( 7, 109, 86) 
( 5, 63, 88) ( 6, 63, 88) ( 7, 62, 88) 
( 5, 62, 90) 
( 6, 79, 63) ( 7, 82, 61) 
( 6, 90, 63) ( 7, 86, 63) 
( 6, 79, 63) 
( 6, 79, 63) 
( 6, 90, 64) ( 7, 86, 64) 
( 6, 79, 63) 
( 6, 78, 65) ( 7, 76, 65) 
( 6, 79, 65) ( 7, 76, 65) 
( 6, 82, 65) ( 7, 83, 64) 
( 6, 83, 66) ( 7, 83, 64) 
( 6, 89, 65) ( 7, 86, 64) 
( 6, 90, 65) ( 7, 86, 64) 
( 6, 79, 63) 
( 6, 72, 66) ( 7, 65, 65) 
( 6, 79, 63) 
( 6, 77, 66) ( 7, 75, 65) 
( 6, 78, 66) ( 7, 77, 66) 
( 6, 89, 66) ( 7, 86, 64) 
( 6, 89, 66) 
( 6, 72, 66) 
( 6, 72, 66) 
( 6, 79, 63) 
( 6, 75, 67) ( 7, 73, 66) 
( 6, 76, 67) ( 7, 75, 67) 
( 6, 79, 63) 
( 6, 83, 67) 
( 6, 89, 67) ( 7, 86, 67) 
( 6, 90, 67) ( 7, 88, 68) 
( 6, 90, 67) 
( 6, 92, 68) ( 7, 91, 69) 
( 6, 68, 67) 
( 6, 74, 68) ( 7, 73, 67) 
( 6, 75, 68) ( 7, 73, 67) 
( 6, 79, 63) 
( 6, 84, 68) ( 7, 86, 66) 
( 6, 91, 68) ( 7, 88, 68) 
( 6, 92, 68) 
( 6, 64, 69) ( 7, 62, 68) 
( 6, 73, 69) ( 7, 71, 68) 
( 6, 74, 69) 
( 6, 79, 63) 
( 6, 84, 68) 
( 6, 92, 69) ( 7, 91, 69) 
( 6, 93, 69) ( 7, 92, 69) 
( 6, 65, 70) ( 7, 64, 70) 
( 6, 73, 70) ( 7, 71, 70) 
( 6, 86, 70) ( 7, 88, 70) 
( 6, 93, 70) ( 7, 92, 69) 
( 6, 65, 71) ( 7, 64, 71) 
( 6, 73, 71) ( 7, 72, 71) 
( 6, 87, 71) ( 7, 88, 70) 
( 6, 72, 72) ( 7, 71, 72) 
( 6, 87, 72) ( 7, 88, 71) 
( 6, 87, 73) ( 7, 88, 72) 
( 6, 89, 73) ( 7, 88, 72) 
( 6, 68, 74) ( 7, 67, 74) 
( 6, 83, 74) ( 7, 82, 73) 
( 6, 85, 75) ( 7, 84, 74) 
( 6, 87, 75) ( 7, 87, 74) 
( 6, 97, 75) ( 7, 95, 74) 
( 6, 98, 76) ( 7, 97, 75) 
( 6, 98, 77) ( 7, 97, 76) 
( 6, 99, 78) ( 7, 98, 77) 
( 6, 98, 79) ( 7, 97, 78) 
( 6, 79, 63) 
( 6, 98, 80) ( 7, 97, 79) 
( 6, 101, 80) ( 7, 100, 79) 
( 6, 115, 81) ( 7, 115, 81) 
( 6, 67, 81) ( 7, 66, 81) 
( 6, 97, 81) ( 7, 96, 80) 
( 6, 102, 81) ( 7, 101, 80) 
( 6, 114, 81) ( 7, 115, 81) 
( 6, 115, 81) 
( 6, 96, 82) ( 7, 95, 82) 
( 6, 103, 82) ( 7, 102, 81) 
( 6, 113, 82) 
( 6, 115, 82) ( 7, 115, 81) 
( 6, 96, 83) ( 7, 95, 83) 
( 6, 103, 83) ( 7, 102, 82) 
( 6, 113, 83) ( 7, 112, 83) 
( 6, 115, 83) ( 7, 114, 82) 
( 6, 63, 84) ( 7, 62, 83) 
( 6, 94, 84) ( 7, 94, 83) 
( 6, 105, 84) ( 7, 104, 83) 
( 6, 113, 84) ( 7, 112, 83) 
( 6, 115, 84) ( 7, 114, 83) 
( 6, 75, 85) ( 7, 74, 85) 
( 6, 111, 85) ( 7, 110, 84) 
( 6, 113, 85) ( 7, 112, 84) 
( 6, 114, 85) ( 7, 113, 85) 
( 6, 74, 86) ( 7, 73, 86) 
( 6, 109, 86) ( 7, 108, 86) 
( 6, 111, 86) ( 7, 110, 86) 
( 6, 112, 86) ( 7, 112, 86) 
( 6, 73, 87) ( 7, 72, 87) 
( 6, 72, 88) ( 7, 71, 88) 
( 6, 71, 89) ( 7, 70, 89) 
( 6, 68, 90) ( 7, 67, 90) 
( 6, 69, 90) ( 7, 68, 90) 
( 6, 66, 91) ( 7, 65, 91) 
( 7, 82, 61) 
( 7, 82, 61) 
( 7, 82, 61) 
( 7, 86, 63) 
( 7, 65, 64) 
( 7, 65, 64) 
( 7, 82, 61) 
( 7, 82, 61) 
( 7, 83, 62) 
( 7, 83, 62) 
( 7, 83, 63) 
( 7, 84, 63) 
( 7, 85, 63) 
( 7, 86, 64) 
( 7, 63, 64) 
( 7, 65, 64) 
( 7, 75, 65) 
( 7, 83, 63) 
( 7, 85, 64) 
( 7, 85, 64) 
( 7, 65, 65) 
( 7, 73, 65) 
( 7, 74, 65) 
( 7, 77, 66) 
( 7, 83, 66) 
( 7, 86, 65) 
( 7, 83, 65) 
( 7, 85, 65) 
( 7, 85, 65) 
( 7, 63, 66) 
( 7, 70, 66) 
( 7, 71, 66) 
( 7, 72, 66) 
( 7, 77, 67) 
( 7, 83, 67) 
( 7, 86, 65) 
( 7, 86, 66) 
( 7, 84, 67) 
( 7, 86, 67) 
( 7, 69, 68) 
( 7, 71, 68) 
( 7, 87, 66) 
( 7, 87, 66) 
( 7, 85, 68) 
( 7, 87, 68) 
( 7, 88, 68) 
( 7, 69, 68) 
( 7, 88, 67) 
( 7, 89, 68) 
( 7, 87, 69) 
( 7, 89, 69) 
( 7, 67, 69) 
( 7, 71, 70) 
( 7, 90, 68) 
( 7, 89, 69) 
( 7, 91, 69) 
( 7, 61, 71) 
( 7, 68, 71) 
( 7, 90, 70) 
( 7, 64, 72) 
( 7, 69, 72) 
( 7, 90, 71) 
( 7, 64, 73) 
( 7, 66, 73) 
( 7, 70, 73) 
( 7, 75, 73) 
( 7, 76, 73) 
( 7, 89, 72) 
( 7, 66, 74) 
( 7, 83, 73) 
( 7, 88, 74) 
( 7, 94, 73) 
( 7, 68, 75) 
( 7, 86, 74) 
( 7, 87, 75) 
( 7, 99, 76) 
( 7, 117, 81) 
( 7, 118, 81) 
( 7, 115, 81) 
( 7, 117, 81) 
( 7, 118, 81) 
( 7, 115, 81) 
( 7, 117, 81) 
( 7, 115, 82) 
( 7, 118, 82) 
( 7, 116, 83) 
( 7, 59, 85) 
( 7, 115, 85) 
( 7, 60, 87) 
( 7, 62, 91) 
( 7, 62, 91) 
( 7, 63, 91) 
