( 1, 32, 30) ( 2, 39, 31) ( 3, 38, 31) ( 4, 34, 34) 
( 1, 32, 30) 
( 1, 32, 30) 
( 1, 32, 30) 
( 1, 33, 30) ( 2, 39, 31) 
( 1, 32, 31) ( 2, 39, 31) 
( 1, 32, 31) 
( 1, 33, 31) ( 2, 36, 33) ( 3, 38, 34) ( 4, 37, 35) ( 5, 37, 35) ( 6, 37, 35) ( 7, 36, 35) 
( 1, 34, 31) ( 2, 37, 32) ( 3, 39, 33) ( 4, 38, 34) ( 5, 38, 34) ( 6, 38, 34) ( 7, 41, 30) 
( 1, 39, 31) ( 2, 39, 31) 
( 1, 41, 31) ( 2, 40, 31) 
( 1, 49, 31) ( 2, 49, 31) ( 3, 45, 31) 
( 1, 53, 31) ( 2, 53, 31) 
( 1, 51, 31) ( 2, 49, 31) 
( 1, 51, 31) 
( 1, 33, 32) ( 2, 36, 33) 
( 1, 34, 33) ( 2, 36, 33) 
( 1, 35, 33) ( 2, 36, 33) 
( 1, 38, 33) ( 2, 38, 33) ( 3, 36, 33) ( 4, 34, 34) 
( 1, 39, 33) ( 2, 39, 33) ( 3, 37, 33) ( 4, 36, 35) 
( 1, 39, 33) 
( 1, 49, 33) ( 2, 48, 33) ( 3, 47, 34) ( 4, 46, 35) ( 5, 45, 35) 
( 1, 51, 33) ( 2, 51, 33) ( 3, 50, 33) ( 4, 48, 33) ( 5, 40, 31) 
( 1, 52, 33) ( 2, 52, 33) ( 3, 51, 32) 
( 1, 50, 33) ( 2, 49, 32) 
( 1, 50, 33) 
( 1, 50, 33) 
( 1, 34, 34) ( 2, 36, 34) ( 3, 37, 35) ( 4, 36, 36) ( 5, 40, 31) 
( 1, 34, 34) 
( 1, 35, 34) ( 2, 36, 34) 
( 1, 36, 34) ( 2, 36, 34) 
( 1, 37, 35) ( 2, 38, 34) 
( 1, 38, 35) ( 2, 38, 34) 
( 1, 39, 34) ( 2, 38, 34) 
( 1, 39, 34) 
( 1, 48, 35) ( 2, 48, 35) ( 3, 47, 35) ( 4, 46, 35) 
( 1, 50, 35) ( 2, 50, 35) ( 3, 49, 35) ( 4, 48, 35) ( 5, 48, 35) ( 6, 47, 35) 
( 1, 51, 35) ( 2, 51, 35) ( 3, 50, 35) ( 4, 49, 35) ( 5, 48, 35) 
( 1, 49, 34) ( 2, 49, 34) ( 3, 47, 34) 
( 1, 50, 33) 
( 1, 50, 33) 
( 1, 34, 35) ( 2, 36, 35) ( 3, 36, 36) ( 4, 35, 37) ( 5, 35, 37) ( 6, 35, 37) ( 7, 35, 37) 
( 1, 35, 35) ( 2, 36, 36) ( 3, 36, 36) 
( 1, 36, 35) ( 2, 36, 35) 
( 1, 36, 35) 
( 1, 38, 36) ( 2, 38, 36) ( 3, 36, 36) 
( 1, 39, 36) ( 2, 39, 36) ( 3, 39, 36) ( 4, 38, 37) ( 5, 38, 37) ( 6, 38, 37) ( 7, 38, 37) 
( 1, 40, 36) ( 2, 40, 36) ( 3, 39, 36) 
( 1, 41, 36) ( 2, 41, 36) ( 3, 41, 36) ( 4, 41, 37) ( 5, 41, 37) ( 6, 41, 37) ( 7, 41, 37) 
( 1, 42, 36) ( 2, 41, 36) 
( 1, 43, 36) ( 2, 43, 37) ( 3, 42, 37) ( 4, 41, 37) 
( 1, 43, 36) 
( 1, 47, 35) ( 2, 47, 35) ( 3, 46, 35) ( 4, 45, 35) ( 5, 45, 35) ( 6, 45, 35) ( 7, 44, 35) 
( 1, 47, 36) ( 2, 47, 36) ( 3, 46, 36) ( 4, 46, 36) ( 5, 46, 36) ( 6, 46, 36) ( 7, 45, 36) 
( 1, 48, 36) ( 2, 48, 36) ( 3, 47, 36) ( 4, 46, 36) 
( 1, 50, 35) 
( 1, 49, 34) 
( 1, 49, 34) 
( 1, 49, 34) 
( 1, 34, 36) ( 2, 35, 37) ( 3, 35, 37) ( 4, 34, 38) ( 5, 34, 38) ( 6, 34, 38) ( 7, 34, 38) 
( 1, 36, 36) ( 2, 36, 36) 
( 1, 37, 36) ( 2, 37, 36) ( 3, 37, 36) ( 4, 36, 37) ( 5, 36, 37) ( 6, 36, 37) ( 7, 36, 37) 
( 1, 38, 36) 
( 1, 39, 36) 
( 1, 40, 36) 
( 1, 41, 36) 
( 1, 42, 37) ( 2, 42, 37) ( 3, 41, 37) ( 4, 40, 37) ( 5, 40, 37) ( 6, 40, 37) ( 7, 40, 37) 
( 1, 43, 37) ( 2, 43, 37) 
( 1, 44, 37) ( 2, 44, 37) ( 3, 43, 37) ( 4, 43, 37) ( 5, 43, 37) ( 6, 43, 37) ( 7, 43, 37) 
( 1, 45, 37) ( 2, 44, 37) 
( 1, 46, 36) ( 2, 46, 36) ( 3, 45, 36) ( 4, 45, 36) ( 5, 45, 36) ( 6, 45, 36) ( 7, 44, 36) 
( 1, 47, 36) 
( 1, 48, 36) 
( 1, 49, 36) ( 2, 49, 36) ( 3, 48, 36) ( 4, 47, 36) ( 5, 47, 36) ( 6, 47, 36) ( 7, 47, 37) 
( 1, 50, 36) ( 2, 50, 36) ( 3, 49, 36) ( 4, 49, 36) ( 5, 48, 36) 
( 1, 49, 34) 
( 1, 34, 37) ( 2, 34, 37) ( 3, 34, 37) ( 4, 33, 38) ( 5, 33, 38) ( 6, 33, 38) ( 7, 33, 38) 
( 1, 34, 37) 
( 1, 36, 37) ( 2, 36, 37) ( 3, 35, 37) 
( 1, 37, 37) ( 2, 37, 37) ( 3, 36, 37) ( 4, 35, 38) ( 5, 35, 38) ( 6, 35, 38) ( 7, 35, 38) 
( 1, 38, 37) ( 2, 38, 37) ( 3, 37, 37) ( 4, 37, 38) ( 5, 37, 38) ( 6, 37, 38) ( 7, 37, 38) 
( 1, 39, 37) ( 2, 39, 37) ( 3, 38, 37) ( 4, 38, 38) ( 5, 38, 38) ( 6, 38, 38) ( 7, 38, 38) 
( 1, 40, 37) ( 2, 40, 37) ( 3, 39, 37) ( 4, 38, 38) 
( 1, 41, 37) ( 2, 41, 37) ( 3, 40, 37) ( 4, 39, 37) 
( 1, 42, 37) 
( 1, 43, 37) 
( 1, 44, 37) 
( 1, 45, 37) 
( 1, 46, 37) ( 2, 46, 37) ( 3, 46, 37) ( 4, 45, 37) ( 5, 45, 37) ( 6, 45, 37) ( 7, 45, 37) 
( 1, 47, 37) ( 2, 47, 37) ( 3, 46, 37) 
( 1, 48, 37) ( 2, 48, 37) ( 3, 47, 37) ( 4, 46, 37) ( 5, 46, 37) ( 6, 46, 37) ( 7, 46, 37) 
( 1, 49, 37) ( 2, 49, 37) ( 3, 48, 37) ( 4, 47, 37) ( 5, 47, 37) ( 6, 47, 37) ( 7, 47, 37) 
( 1, 50, 37) ( 2, 50, 37) ( 3, 49, 37) ( 4, 49, 37) ( 5, 49, 37) ( 6, 49, 37) ( 7, 49, 37) 
( 1, 50, 37) 
( 1, 33, 38) ( 2, 33, 38) ( 3, 33, 38) ( 4, 33, 39) ( 5, 33, 39) ( 6, 33, 39) ( 7, 33, 39) 
( 1, 34, 38) ( 2, 34, 38) ( 3, 34, 38) ( 4, 34, 39) ( 5, 34, 39) ( 6, 34, 39) ( 7, 34, 39) 
( 1, 36, 38) ( 2, 36, 38) ( 3, 35, 38) 
( 1, 37, 38) ( 2, 37, 38) ( 3, 36, 38) ( 4, 36, 39) ( 5, 36, 39) ( 6, 36, 39) ( 7, 36, 39) 
( 1, 38, 38) ( 2, 38, 38) ( 3, 37, 38) ( 4, 37, 39) ( 5, 37, 39) ( 6, 37, 39) ( 7, 37, 39) 
( 1, 39, 38) ( 2, 39, 38) ( 3, 38, 38) ( 4, 38, 39) ( 5, 38, 39) ( 6, 38, 39) ( 7, 38, 39) 
( 1, 40, 38) ( 2, 40, 38) ( 3, 39, 38) ( 4, 39, 39) ( 5, 39, 39) ( 6, 39, 39) ( 7, 39, 39) 
( 1, 41, 38) ( 2, 41, 38) ( 3, 40, 38) ( 4, 40, 38) ( 5, 40, 38) ( 6, 40, 38) ( 7, 40, 38) 
( 1, 42, 38) ( 2, 42, 38) ( 3, 41, 38) ( 4, 41, 38) ( 5, 41, 38) ( 6, 41, 38) ( 7, 41, 38) 
( 1, 43, 38) ( 2, 43, 38) ( 3, 42, 38) ( 4, 42, 38) ( 5, 42, 38) ( 6, 42, 38) ( 7, 42, 38) 
( 1, 44, 38) ( 2, 44, 38) ( 3, 43, 38) ( 4, 43, 38) ( 5, 43, 38) ( 6, 43, 38) ( 7, 43, 38) 
( 1, 45, 38) ( 2, 45, 38) ( 3, 44, 38) ( 4, 44, 38) 
( 1, 46, 38) ( 2, 46, 38) ( 3, 45, 38) ( 4, 45, 38) ( 5, 45, 38) ( 6, 45, 38) ( 7, 45, 38) 
( 1, 47, 38) ( 2, 47, 38) ( 3, 46, 38) ( 4, 45, 38) 
( 1, 48, 38) ( 2, 48, 38) ( 3, 47, 38) ( 4, 47, 38) ( 5, 47, 38) ( 6, 47, 38) ( 7, 47, 38) 
( 1, 49, 38) ( 2, 49, 38) ( 3, 48, 38) ( 4, 48, 38) ( 5, 48, 38) ( 6, 48, 38) ( 7, 48, 38) 
( 1, 50, 38) ( 2, 50, 38) ( 3, 50, 38) ( 4, 49, 38) 
( 1, 50, 39) ( 2, 50, 39) ( 3, 50, 39) ( 4, 50, 39) ( 5, 50, 39) ( 6, 50, 39) ( 7, 50, 39) 
( 1, 31, 40) ( 2, 31, 41) ( 3, 30, 41) 
( 1, 33, 39) ( 2, 33, 39) ( 3, 33, 39) ( 4, 33, 40) ( 5, 33, 40) ( 6, 33, 40) ( 7, 33, 40) 
( 1, 34, 39) ( 2, 34, 39) ( 3, 34, 39) ( 4, 34, 40) ( 5, 34, 40) ( 6, 34, 40) ( 7, 34, 40) 
( 1, 36, 39) ( 2, 36, 39) ( 3, 35, 39) 
( 1, 37, 39) ( 2, 37, 39) ( 3, 36, 39) ( 4, 36, 40) ( 5, 36, 40) ( 6, 36, 40) ( 7, 36, 40) 
( 1, 38, 39) ( 2, 38, 39) ( 3, 37, 39) ( 4, 37, 40) ( 5, 37, 40) ( 6, 37, 40) ( 7, 37, 40) 
( 1, 39, 39) ( 2, 39, 39) ( 3, 38, 39) ( 4, 38, 40) ( 5, 38, 40) ( 6, 38, 40) ( 7, 38, 40) 
( 1, 40, 39) ( 2, 40, 39) ( 3, 39, 39) ( 4, 39, 40) ( 5, 39, 40) ( 6, 39, 40) ( 7, 39, 40) 
( 1, 41, 40) ( 2, 41, 40) ( 3, 40, 40) ( 4, 40, 41) ( 5, 40, 41) ( 6, 40, 41) ( 7, 40, 41) 
( 1, 42, 40) ( 2, 42, 40) ( 3, 41, 40) ( 4, 41, 40) ( 5, 41, 40) ( 6, 41, 40) ( 7, 41, 40) 
( 1, 43, 40) ( 2, 43, 40) ( 3, 42, 40) ( 4, 42, 40) ( 5, 42, 40) ( 6, 42, 40) ( 7, 42, 40) 
( 1, 44, 40) ( 2, 44, 40) ( 3, 43, 40) ( 4, 43, 40) ( 5, 43, 40) ( 6, 43, 40) ( 7, 43, 40) 
( 1, 45, 40) ( 2, 45, 40) ( 3, 44, 40) ( 4, 44, 40) ( 5, 44, 40) ( 6, 44, 40) ( 7, 44, 40) 
( 1, 46, 40) ( 2, 46, 40) ( 3, 45, 40) ( 4, 45, 40) ( 5, 45, 40) ( 6, 45, 40) ( 7, 45, 40) 
( 1, 47, 40) ( 2, 47, 40) ( 3, 46, 40) ( 4, 46, 40) ( 5, 46, 40) ( 6, 46, 40) ( 7, 46, 40) 
( 1, 48, 40) ( 2, 48, 40) ( 3, 48, 40) ( 4, 48, 40) ( 5, 48, 40) ( 6, 48, 40) ( 7, 48, 40) 
( 1, 49, 39) ( 2, 49, 39) ( 3, 49, 39) ( 4, 49, 39) ( 5, 49, 39) ( 6, 49, 39) ( 7, 49, 39) 
( 1, 50, 39) 
( 1, 50, 40) ( 2, 50, 40) ( 3, 50, 40) ( 4, 50, 40) ( 5, 50, 40) ( 6, 50, 40) ( 7, 50, 40) 
( 1, 30, 40) ( 2, 30, 41) ( 3, 30, 41) ( 4, 30, 42) ( 5, 30, 42) ( 6, 30, 42) ( 7, 30, 42) 
( 1, 31, 40) 
( 1, 31, 40) 
( 1, 33, 40) ( 2, 33, 40) ( 3, 33, 40) ( 4, 33, 41) ( 5, 33, 41) ( 6, 33, 41) ( 7, 33, 41) 
( 1, 34, 40) ( 2, 34, 40) ( 3, 34, 40) ( 4, 34, 41) ( 5, 34, 41) ( 6, 34, 41) ( 7, 34, 41) 
( 1, 35, 40) ( 2, 35, 40) ( 3, 35, 40) ( 4, 35, 41) ( 5, 35, 41) ( 6, 35, 41) ( 7, 35, 41) 
( 1, 36, 40) ( 2, 36, 40) ( 3, 35, 40) 
( 1, 37, 40) ( 2, 37, 40) ( 3, 36, 40) ( 4, 36, 41) ( 5, 36, 41) ( 6, 36, 41) ( 7, 36, 41) 
( 1, 38, 40) ( 2, 38, 40) ( 3, 37, 40) ( 4, 37, 41) ( 5, 37, 41) ( 6, 37, 41) ( 7, 37, 41) 
( 1, 39, 40) ( 2, 39, 40) ( 3, 38, 40) ( 4, 38, 41) ( 5, 38, 41) ( 6, 38, 41) ( 7, 38, 41) 
( 1, 40, 41) ( 2, 40, 41) ( 3, 39, 41) ( 4, 39, 42) ( 5, 39, 42) ( 6, 39, 42) ( 7, 39, 42) 
( 1, 41, 41) ( 2, 41, 41) ( 3, 40, 41) ( 4, 40, 42) ( 5, 40, 42) ( 6, 40, 42) ( 7, 39, 42) 
( 1, 42, 41) ( 2, 42, 41) ( 3, 41, 41) ( 4, 41, 42) ( 5, 41, 42) ( 6, 41, 42) ( 7, 41, 41) 
( 1, 43, 41) ( 2, 43, 41) ( 3, 42, 41) ( 4, 42, 41) ( 5, 42, 41) ( 6, 42, 41) ( 7, 42, 41) 
( 1, 44, 41) ( 2, 44, 41) ( 3, 43, 41) ( 4, 43, 41) ( 5, 43, 41) ( 6, 43, 41) ( 7, 43, 41) 
( 1, 45, 41) ( 2, 45, 41) ( 3, 44, 41) ( 4, 44, 41) ( 5, 44, 41) ( 6, 44, 41) ( 7, 44, 41) 
( 1, 46, 41) ( 2, 46, 41) ( 3, 46, 41) ( 4, 46, 41) ( 5, 46, 41) ( 6, 46, 41) ( 7, 46, 41) 
( 1, 47, 41) ( 2, 47, 41) ( 3, 47, 41) ( 4, 47, 41) ( 5, 47, 41) ( 6, 47, 41) ( 7, 47, 41) 
( 1, 48, 41) ( 2, 48, 41) ( 3, 48, 41) ( 4, 48, 41) ( 5, 48, 41) ( 6, 48, 41) ( 7, 48, 41) 
( 1, 49, 41) ( 2, 49, 41) ( 3, 49, 41) ( 4, 49, 41) ( 5, 49, 41) ( 6, 49, 41) ( 7, 49, 41) 
( 1, 50, 41) ( 2, 50, 41) ( 3, 50, 41) ( 4, 50, 41) ( 5, 50, 41) ( 6, 50, 41) ( 7, 50, 41) 
( 1, 51, 41) ( 2, 51, 41) ( 3, 50, 41) 
( 1, 53, 41) ( 2, 52, 41) 
( 1, 54, 41) ( 2, 54, 41) ( 3, 53, 41) ( 4, 54, 41) 
( 1, 57, 41) ( 2, 57, 41) ( 3, 56, 41) ( 4, 57, 41) ( 5, 57, 41) ( 6, 57, 41) ( 7, 57, 41) 
( 1, 29, 41) ( 2, 30, 41) 
( 1, 31, 41) ( 2, 31, 41) 
( 1, 32, 41) ( 2, 32, 41) ( 3, 32, 41) ( 4, 32, 42) ( 5, 32, 42) ( 6, 32, 42) ( 7, 32, 42) 
( 1, 33, 41) ( 2, 33, 41) ( 3, 33, 41) ( 4, 33, 42) ( 5, 33, 42) ( 6, 33, 42) ( 7, 33, 42) 
( 1, 34, 41) ( 2, 34, 41) ( 3, 34, 41) ( 4, 34, 42) ( 5, 34, 42) ( 6, 34, 42) ( 7, 34, 42) 
( 1, 35, 41) ( 2, 35, 41) ( 3, 34, 41) 
( 1, 36, 41) ( 2, 36, 41) ( 3, 35, 41) ( 4, 35, 42) ( 5, 35, 42) ( 6, 35, 42) ( 7, 35, 42) 
( 1, 37, 41) ( 2, 37, 41) ( 3, 36, 41) ( 4, 36, 42) ( 5, 36, 42) ( 6, 36, 42) ( 7, 36, 42) 
( 1, 38, 41) ( 2, 38, 41) ( 3, 37, 41) ( 4, 37, 42) ( 5, 37, 42) ( 6, 37, 42) ( 7, 37, 42) 
( 1, 39, 41) ( 2, 39, 41) ( 3, 38, 41) ( 4, 38, 42) ( 5, 38, 42) ( 6, 38, 42) ( 7, 38, 42) 
( 1, 50, 42) ( 2, 50, 42) ( 3, 50, 41) 
( 1, 52, 42) ( 2, 52, 42) ( 3, 51, 42) 
( 1, 54, 42) ( 2, 54, 42) ( 3, 53, 42) ( 4, 53, 42) ( 5, 53, 42) ( 6, 53, 42) ( 7, 53, 42) 
( 1, 55, 42) ( 2, 55, 42) ( 3, 54, 42) ( 4, 54, 42) ( 5, 54, 42) ( 6, 54, 42) ( 7, 54, 42) 
( 1, 58, 41) ( 2, 58, 41) ( 3, 56, 41) 
( 1, 30, 43) ( 2, 30, 43) ( 3, 30, 43) ( 4, 30, 44) ( 5, 30, 44) ( 6, 30, 44) ( 7, 30, 44) 
( 1, 32, 42) ( 2, 32, 42) ( 3, 31, 42) 
( 1, 33, 42) ( 2, 33, 42) ( 3, 33, 42) ( 4, 33, 43) ( 5, 33, 43) ( 6, 33, 43) ( 7, 33, 43) 
( 1, 34, 42) ( 2, 34, 42) ( 3, 34, 42) ( 4, 34, 43) ( 5, 34, 43) ( 6, 34, 43) ( 7, 34, 43) 
( 1, 35, 42) ( 2, 35, 42) ( 3, 35, 42) ( 4, 35, 43) ( 5, 35, 43) ( 6, 35, 43) ( 7, 35, 43) 
( 1, 36, 42) ( 2, 36, 42) ( 3, 36, 42) ( 4, 36, 43) ( 5, 36, 43) ( 6, 36, 43) ( 7, 36, 43) 
( 1, 37, 42) ( 2, 37, 42) ( 3, 37, 42) ( 4, 37, 43) ( 5, 37, 43) ( 6, 37, 43) ( 7, 37, 43) 
( 1, 37, 43) ( 2, 37, 43) ( 3, 37, 43) ( 4, 37, 43) 
( 1, 54, 43) ( 2, 54, 43) ( 3, 54, 43) ( 4, 55, 43) ( 5, 55, 43) ( 6, 55, 43) ( 7, 55, 43) 
( 1, 59, 43) ( 2, 58, 42) 
( 1, 31, 43) ( 2, 31, 43) ( 3, 31, 43) ( 4, 31, 44) ( 5, 31, 44) ( 6, 31, 44) ( 7, 31, 44) 
( 1, 33, 43) ( 2, 33, 43) ( 3, 33, 43) ( 4, 33, 44) ( 5, 33, 44) ( 6, 33, 44) ( 7, 33, 44) 
( 1, 34, 43) ( 2, 34, 43) ( 3, 34, 43) ( 4, 34, 44) ( 5, 34, 44) ( 6, 34, 44) ( 7, 34, 44) 
( 1, 35, 43) ( 2, 35, 43) ( 3, 35, 43) ( 4, 35, 44) ( 5, 35, 44) ( 6, 35, 44) ( 7, 35, 44) 
( 1, 36, 43) ( 2, 36, 43) ( 3, 36, 43) ( 4, 36, 44) ( 5, 36, 44) ( 6, 36, 44) ( 7, 36, 44) 
( 1, 31, 45) ( 2, 31, 45) ( 3, 31, 45) ( 4, 31, 45) 
( 1, 32, 45) ( 2, 32, 45) ( 3, 32, 45) ( 4, 33, 45) 
( 1, 34, 44) ( 2, 34, 44) ( 3, 34, 44) ( 4, 34, 45) ( 5, 34, 45) ( 6, 34, 45) ( 7, 34, 45) 
( 2, 40, 31) ( 3, 39, 31) ( 4, 39, 33) ( 5, 39, 33) ( 6, 39, 33) ( 7, 41, 30) 
( 2, 40, 31) 
( 2, 52, 31) ( 3, 51, 31) ( 4, 48, 31) 
( 2, 53, 31) ( 3, 51, 31) 
( 2, 40, 31) 
( 2, 49, 31) 
( 2, 52, 31) 
( 2, 36, 33) 
( 2, 38, 32) ( 3, 36, 32) ( 4, 34, 34) 
( 2, 39, 32) ( 3, 38, 32) ( 4, 36, 35) ( 5, 35, 35) 
( 2, 40, 32) ( 3, 39, 32) ( 4, 39, 33) 
( 2, 49, 32) ( 3, 49, 32) ( 4, 47, 32) ( 5, 46, 32) 
( 2, 49, 32) 
( 2, 51, 32) ( 3, 50, 32) ( 4, 48, 32) ( 5, 40, 31) 
( 2, 52, 32) ( 3, 51, 32) ( 4, 48, 32) 
( 2, 38, 34) ( 3, 36, 34) ( 4, 36, 35) 
( 2, 38, 34) 
( 2, 50, 34) ( 3, 49, 34) ( 4, 48, 34) ( 5, 47, 34) 
( 2, 51, 34) ( 3, 50, 34) ( 4, 48, 34) 
( 2, 49, 35) ( 3, 48, 35) ( 4, 47, 35) ( 5, 47, 35) ( 6, 47, 35) ( 7, 46, 35) 
( 2, 36, 36) 
( 2, 45, 36) ( 3, 44, 36) ( 4, 44, 36) ( 5, 44, 36) ( 6, 44, 36) ( 7, 44, 35) 
( 2, 35, 37) 
( 2, 35, 38) ( 3, 35, 38) ( 4, 35, 39) ( 5, 35, 39) ( 6, 35, 39) ( 7, 35, 39) 
( 2, 35, 39) ( 3, 35, 39) ( 4, 35, 40) ( 5, 35, 40) ( 6, 35, 40) ( 7, 35, 40) 
( 2, 41, 39) ( 3, 40, 39) ( 4, 40, 40) ( 5, 40, 40) ( 6, 40, 40) ( 7, 40, 40) 
( 2, 42, 39) ( 3, 41, 39) ( 4, 41, 39) ( 5, 41, 39) ( 6, 41, 39) ( 7, 41, 39) 
( 2, 43, 39) ( 3, 42, 39) ( 4, 42, 39) ( 5, 42, 39) ( 6, 42, 39) ( 7, 42, 39) 
( 2, 44, 39) ( 3, 43, 39) ( 4, 43, 39) ( 5, 43, 39) ( 6, 43, 39) ( 7, 43, 39) 
( 2, 45, 39) ( 3, 44, 39) ( 4, 44, 39) ( 5, 44, 39) ( 6, 44, 39) ( 7, 44, 39) 
( 2, 46, 39) ( 3, 45, 39) ( 4, 45, 39) ( 5, 45, 39) ( 6, 45, 39) ( 7, 45, 39) 
( 2, 47, 39) ( 3, 46, 39) ( 4, 46, 39) ( 5, 46, 39) ( 6, 46, 39) ( 7, 46, 39) 
( 2, 48, 39) ( 3, 48, 39) ( 4, 48, 39) ( 5, 48, 39) ( 6, 48, 39) ( 7, 48, 39) 
( 2, 40, 40) ( 3, 39, 40) ( 4, 39, 41) ( 5, 39, 41) ( 6, 39, 41) ( 7, 39, 41) 
( 2, 49, 40) ( 3, 49, 40) ( 4, 49, 40) ( 5, 49, 40) ( 6, 49, 40) ( 7, 49, 40) 
( 2, 30, 41) 
( 2, 52, 41) ( 3, 52, 41) ( 4, 52, 41) ( 5, 52, 41) ( 6, 52, 41) ( 7, 52, 41) 
( 2, 55, 41) ( 3, 54, 40) ( 4, 54, 41) ( 5, 55, 41) ( 6, 55, 41) ( 7, 55, 41) 
( 2, 30, 42) ( 3, 30, 42) ( 4, 30, 43) ( 5, 30, 43) ( 6, 30, 43) ( 7, 30, 43) 
( 2, 31, 42) ( 3, 31, 42) ( 4, 31, 43) ( 5, 31, 43) ( 6, 31, 43) ( 7, 31, 43) 
( 2, 51, 42) ( 3, 51, 42) ( 4, 51, 42) ( 5, 51, 42) ( 6, 51, 42) ( 7, 51, 42) 
( 2, 53, 42) ( 3, 52, 42) ( 4, 52, 42) ( 5, 52, 42) ( 6, 52, 42) ( 7, 52, 42) 
( 2, 57, 42) ( 3, 56, 41) 
( 2, 58, 42) ( 3, 56, 41) 
( 2, 58, 42) 
( 2, 32, 43) ( 3, 32, 43) ( 4, 32, 44) ( 5, 32, 44) ( 6, 32, 44) ( 7, 32, 44) 
( 2, 53, 43) ( 3, 53, 43) ( 4, 52, 43) ( 5, 52, 43) ( 6, 52, 43) ( 7, 53, 43) 
( 2, 58, 42) 
( 2, 31, 44) ( 3, 31, 44) ( 4, 31, 45) ( 5, 31, 45) ( 6, 31, 45) ( 7, 31, 45) 
( 2, 32, 44) ( 3, 32, 44) ( 4, 32, 45) ( 5, 32, 45) ( 6, 32, 45) ( 7, 32, 45) 
( 2, 33, 44) ( 3, 33, 44) ( 4, 33, 45) ( 5, 33, 45) ( 6, 33, 45) ( 7, 33, 45) 
( 2, 35, 44) ( 3, 35, 44) ( 4, 35, 45) ( 5, 35, 45) ( 6, 35, 45) ( 7, 34, 45) 
( 3, 45, 31) ( 4, 43, 32) 
( 3, 45, 31) 
( 3, 49, 31) ( 4, 47, 31) ( 5, 46, 31) ( 6, 45, 31) 
( 3, 44, 32) ( 4, 43, 32) 
( 3, 45, 32) ( 4, 43, 32) 
( 3, 45, 32) 
( 3, 51, 32) 
( 3, 38, 34) 
( 3, 45, 33) ( 4, 44, 34) ( 5, 43, 34) 
( 3, 49, 33) ( 4, 47, 33) ( 5, 46, 33) 
( 3, 38, 34) 
( 3, 46, 34) ( 4, 44, 34) 
( 3, 47, 34) 
( 3, 35, 35) ( 4, 34, 36) ( 5, 34, 36) ( 6, 34, 36) ( 7, 33, 36) 
( 3, 37, 35) 
( 3, 44, 34) ( 4, 43, 35) ( 5, 43, 35) ( 6, 43, 35) 
( 3, 35, 36) ( 4, 34, 37) ( 5, 34, 37) ( 6, 34, 37) ( 7, 34, 37) 
( 3, 35, 36) 
( 3, 44, 37) ( 4, 44, 37) ( 5, 44, 37) ( 6, 44, 37) ( 7, 43, 37) 
( 3, 51, 40) ( 4, 51, 40) ( 5, 51, 40) ( 6, 51, 40) ( 7, 51, 40) 
( 3, 55, 40) ( 4, 56, 40) ( 5, 56, 40) ( 6, 57, 40) ( 7, 57, 40) 
( 3, 56, 40) ( 4, 56, 40) 
( 3, 55, 41) ( 4, 55, 41) ( 5, 55, 41) 
( 3, 38, 42) ( 4, 38, 42) 
( 3, 43, 42) ( 4, 43, 42) ( 5, 43, 42) ( 6, 43, 42) ( 7, 43, 41) 
( 3, 44, 42) ( 4, 44, 42) ( 5, 44, 42) ( 6, 44, 42) ( 7, 44, 41) 
( 3, 46, 42) ( 4, 46, 42) ( 5, 46, 42) ( 6, 46, 42) ( 7, 46, 41) 
( 3, 55, 42) ( 4, 56, 42) ( 5, 56, 42) ( 6, 56, 42) ( 7, 56, 42) 
( 3, 51, 42) 
( 3, 36, 44) ( 4, 36, 44) 
( 3, 33, 45) ( 4, 33, 45) 
( 3, 34, 45) ( 4, 34, 45) 
( 4, 34, 34) ( 5, 34, 34) ( 6, 33, 34) 
( 4, 40, 32) ( 5, 40, 32) ( 6, 40, 33) ( 7, 41, 33) 
( 4, 41, 31) ( 5, 41, 31) ( 6, 39, 31) 
( 4, 42, 31) ( 5, 42, 31) ( 6, 39, 31) 
( 4, 43, 32) ( 5, 40, 31) 
( 4, 48, 31) ( 5, 40, 31) ( 6, 39, 31) ( 7, 41, 30) 
( 4, 33, 34) ( 5, 33, 34) ( 6, 33, 34) 
( 4, 34, 34) 
( 4, 39, 33) 
( 4, 40, 33) ( 5, 39, 33) 
( 4, 41, 33) ( 5, 40, 31) 
( 4, 42, 32) ( 5, 40, 31) 
( 4, 33, 34) 
( 4, 39, 33) 
( 4, 40, 34) ( 5, 40, 31) 
( 4, 42, 33) ( 5, 42, 33) ( 6, 42, 33) 
( 4, 43, 33) ( 5, 42, 33) 
( 4, 33, 35) ( 5, 33, 35) ( 6, 33, 35) ( 7, 33, 35) 
( 4, 38, 35) ( 5, 38, 35) ( 6, 37, 35) 
( 4, 39, 35) ( 5, 38, 35) 
( 4, 44, 34) 
( 4, 35, 36) ( 5, 35, 36) ( 6, 34, 36) 
( 4, 37, 36) ( 5, 37, 36) ( 6, 36, 36) 
( 4, 38, 36) ( 5, 37, 36) 
( 4, 37, 37) ( 5, 37, 37) ( 6, 37, 37) ( 7, 37, 37) 
( 4, 39, 37) ( 5, 39, 37) ( 6, 39, 37) ( 7, 39, 37) 
( 4, 44, 38) ( 5, 44, 38) ( 6, 44, 38) ( 7, 44, 38) 
( 4, 49, 38) ( 5, 49, 38) ( 6, 49, 38) ( 7, 49, 38) 
( 4, 47, 39) ( 5, 47, 39) ( 6, 47, 39) ( 7, 47, 39) 
( 4, 47, 40) ( 5, 47, 40) ( 6, 47, 40) ( 7, 47, 40) 
( 4, 31, 42) ( 5, 31, 42) ( 6, 31, 42) ( 7, 31, 42) 
( 4, 45, 41) ( 5, 45, 41) ( 6, 45, 41) ( 7, 45, 41) 
( 4, 51, 41) ( 5, 51, 41) ( 6, 51, 41) ( 7, 51, 41) 
( 4, 54, 41) 
( 4, 32, 43) ( 5, 32, 43) ( 6, 32, 43) ( 7, 32, 43) 
( 4, 42, 42) ( 5, 42, 42) ( 6, 42, 42) ( 7, 42, 41) 
( 4, 45, 42) ( 5, 45, 42) ( 6, 45, 42) ( 7, 45, 41) 
( 4, 47, 42) ( 5, 47, 42) ( 6, 47, 42) ( 7, 47, 41) 
( 5, 41, 32) ( 6, 39, 31) 
( 5, 46, 32) ( 6, 45, 32) 
( 5, 46, 33) ( 6, 45, 33) 
( 5, 38, 34) 
( 5, 42, 34) ( 6, 42, 34) 
( 5, 43, 34) ( 6, 43, 34) ( 7, 41, 30) 
( 5, 47, 34) ( 6, 47, 34) ( 7, 46, 34) 
( 5, 34, 35) ( 6, 34, 35) ( 7, 33, 35) 
( 5, 35, 35) ( 6, 34, 35) 
( 5, 44, 35) ( 6, 44, 35) ( 7, 44, 35) 
( 5, 48, 36) ( 6, 47, 36) 
( 5, 42, 37) ( 6, 42, 37) ( 7, 42, 37) 
( 5, 48, 37) ( 6, 48, 37) ( 7, 48, 37) 
( 5, 36, 38) ( 6, 36, 38) ( 7, 36, 38) 
( 5, 39, 38) ( 6, 39, 38) ( 7, 39, 38) 
( 5, 46, 38) ( 6, 46, 38) ( 7, 46, 38) 
( 5, 40, 39) ( 6, 40, 39) ( 7, 40, 39) 
( 5, 57, 40) ( 6, 57, 40) 
( 5, 30, 41) ( 6, 30, 41) ( 7, 30, 41) 
( 5, 31, 41) ( 6, 31, 41) ( 7, 31, 41) 
( 5, 41, 41) ( 6, 41, 41) ( 7, 41, 41) 
( 5, 56, 41) ( 6, 56, 41) ( 7, 56, 41) 
( 5, 55, 42) ( 6, 55, 42) ( 7, 55, 42) 
( 5, 57, 42) ( 6, 57, 42) ( 7, 57, 42) 
( 5, 53, 43) ( 6, 53, 43) ( 7, 53, 43) 
( 5, 54, 43) ( 6, 54, 43) ( 7, 54, 43) 
( 6, 45, 31) ( 7, 41, 30) 
( 6, 35, 32) ( 7, 41, 30) 
( 6, 35, 32) 
( 6, 36, 32) ( 7, 41, 30) 
( 6, 36, 32) 
( 6, 38, 32) ( 7, 41, 30) 
( 6, 43, 32) ( 7, 42, 32) 
( 6, 44, 32) ( 7, 41, 30) 
( 6, 45, 32) ( 7, 41, 30) 
( 6, 33, 34) ( 7, 41, 30) 
( 6, 35, 33) ( 7, 41, 30) 
( 6, 35, 33) 
( 6, 35, 33) 
( 6, 36, 33) ( 7, 35, 33) 
( 6, 38, 33) ( 7, 41, 30) 
( 6, 40, 32) ( 7, 41, 30) 
( 6, 42, 33) ( 7, 41, 30) 
( 6, 44, 33) ( 7, 44, 34) 
( 6, 45, 33) ( 7, 41, 30) 
( 6, 32, 34) ( 7, 31, 34) 
( 6, 36, 34) ( 7, 35, 34) 
( 6, 37, 34) ( 7, 36, 35) 
( 6, 39, 31) 
( 6, 42, 34) ( 7, 41, 30) 
( 6, 45, 34) ( 7, 46, 34) 
( 6, 46, 34) ( 7, 46, 34) 
( 6, 32, 35) ( 7, 32, 35) 
( 6, 36, 35) ( 7, 36, 35) 
( 6, 43, 35) ( 7, 44, 35) 
( 6, 46, 35) ( 7, 46, 35) 
( 6, 33, 36) ( 7, 33, 36) 
( 6, 36, 36) ( 7, 36, 36) 
( 6, 43, 36) ( 7, 41, 30) 
( 6, 29, 42) ( 7, 29, 42) 
( 6, 56, 43) ( 7, 56, 43) 
( 7, 41, 31) 
( 7, 41, 31) 
( 7, 41, 30) 
( 7, 41, 30) 
( 7, 41, 31) 
( 7, 43, 32) 
( 7, 41, 30) 
( 7, 41, 33) 
( 7, 42, 33) 
( 7, 44, 34) 
( 7, 35, 35) 
( 7, 34, 36) 
( 7, 37, 36) 
( 7, 39, 36) 
( 7, 33, 37) 
( 7, 50, 38) 
( 7, 58, 40) 
( 7, 58, 41) 
( 7, 58, 42) 
