( 1, 12, 7) ( 2, 12, 7) ( 3, 12, 7) ( 4, 12, 7) ( 5, 10, 7) 
( 1, 13, 7) ( 2, 13, 7) ( 3, 13, 7) ( 4, 10, 7) 
( 1, 8, 8) ( 2, 8, 8) ( 3, 8, 8) ( 4, 8, 8) ( 5, 8, 8) ( 6, 8, 8) ( 7, 8, 8) 
( 1, 9, 8) ( 2, 9, 8) ( 3, 9, 8) ( 4, 9, 8) ( 5, 9, 8) ( 6, 9, 8) ( 7, 9, 8) 
( 1, 11, 8) ( 2, 11, 8) ( 3, 11, 8) ( 4, 11, 8) ( 5, 11, 8) ( 6, 11, 8) ( 7, 11, 8) 
( 1, 12, 8) ( 2, 12, 8) ( 3, 12, 8) ( 4, 12, 8) ( 5, 12, 8) ( 6, 9, 7) ( 7, 8, 7) 
( 1, 13, 8) ( 2, 13, 8) ( 3, 13, 8) ( 4, 10, 7) 
( 1, 8, 9) ( 2, 8, 9) ( 3, 8, 9) ( 4, 8, 9) ( 5, 8, 9) ( 6, 8, 9) ( 7, 8, 9) 
( 1, 9, 9) ( 2, 9, 9) ( 3, 9, 9) ( 4, 9, 9) ( 5, 9, 9) ( 6, 9, 9) ( 7, 9, 9) 
( 1, 10, 9) ( 2, 10, 9) ( 3, 10, 9) ( 4, 10, 9) ( 5, 10, 9) ( 6, 10, 9) ( 7, 10, 9) 
( 1, 11, 9) ( 2, 11, 9) ( 3, 11, 9) ( 4, 11, 9) ( 5, 11, 9) ( 6, 11, 9) ( 7, 11, 9) 
( 1, 12, 9) ( 2, 12, 9) ( 3, 12, 9) ( 4, 12, 9) ( 5, 12, 9) ( 6, 12, 9) ( 7, 12, 9) 
( 1, 7, 10) ( 2, 7, 10) ( 3, 7, 10) ( 4, 7, 10) ( 5, 7, 10) ( 6, 7, 10) ( 7, 7, 10) 
( 1, 8, 10) ( 2, 8, 10) ( 3, 8, 10) ( 4, 8, 10) ( 5, 8, 10) ( 6, 8, 10) ( 7, 8, 10) 
( 1, 9, 10) ( 2, 9, 10) ( 3, 9, 10) ( 4, 9, 10) ( 5, 9, 10) ( 6, 9, 10) ( 7, 9, 10) 
( 1, 10, 10) ( 2, 10, 10) ( 3, 10, 10) ( 4, 10, 10) ( 5, 10, 10) ( 6, 10, 10) ( 7, 10, 10) 
( 1, 11, 10) ( 2, 11, 10) ( 3, 11, 10) ( 4, 11, 10) ( 5, 11, 10) ( 6, 11, 10) ( 7, 11, 10) 
( 1, 12, 10) ( 2, 12, 10) ( 3, 12, 10) ( 4, 12, 10) ( 5, 12, 10) ( 6, 12, 10) ( 7, 12, 10) 
( 1, 7, 11) ( 2, 7, 11) ( 3, 7, 11) ( 4, 7, 11) ( 5, 7, 11) ( 6, 7, 11) ( 7, 7, 11) 
( 1, 8, 11) ( 2, 8, 11) ( 3, 8, 11) ( 4, 8, 11) ( 5, 8, 11) ( 6, 8, 11) ( 7, 8, 11) 
( 2, 8, 7) ( 3, 9, 7) ( 4, 10, 7) ( 5, 10, 7) ( 6, 10, 7) ( 7, 10, 7) 
( 2, 9, 7) ( 3, 9, 7) 
( 2, 10, 7) ( 3, 10, 7) ( 4, 10, 7) 
( 2, 10, 8) ( 3, 10, 8) ( 4, 10, 8) ( 5, 10, 8) ( 6, 10, 8) ( 7, 10, 8) 
( 3, 11, 7) ( 4, 11, 7) ( 5, 11, 7) ( 6, 11, 7) ( 7, 10, 7) 
( 3, 9, 11) ( 4, 9, 11) ( 5, 9, 11) ( 6, 9, 11) ( 7, 9, 11) 
