-0.00497269, 0.0994535, -0.0468178
0.00496622, 0.099324, -0.0402493
0.0148919, 0.0992789, -0.0379596
0.0248201, 0.0992805, -0.0380411
0.0347498, 0.0992852, -0.0382771
0.0447004, 0.0993341, -0.0407605
0.0548603, 0.0997461, -0.0616665
0.189453, 0.0971555, 0.0697947
0.198703, 0.0969283, 0.081326
-0.00498195, 0.112924, -0.0562167
0.0049702, 0.112657, -0.0442848
0.0148932, 0.112526, -0.0384111
0.0248122, 0.112482, -0.0364332
0.0347305, 0.112461, -0.0354776
0.0446577, 0.112471, -0.0359411
0.0546532, 0.112619, -0.0425539
0.160036, 0.109923, 0.0781279
0.169494, 0.109767, 0.0851164
0.179215, 0.109789, 0.0841408
0.188743, 0.109696, 0.0882864
0.198357, 0.109661, 0.0898914
0.208067, 0.109679, 0.0890846
-0.174847, 0.126556, -0.0701027
-0.164752, 0.126476, -0.0669346
-0.154671, 0.126398, -0.0637965
-0.144599, 0.126316, -0.060504
0.00497973, 0.126153, -0.0539637
0.0149062, 0.125874, -0.0428143
0.0248191, 0.12575, -0.037837
0.0347352, 0.125708, -0.0361562
0.0446748, 0.125751, -0.0378723
0.0546761, 0.125921, -0.0446725
0.0647027, 0.126087, -0.0513425
0.150434, 0.122936, 0.0749207
0.15979, 0.122667, 0.0856967
0.16922, 0.122483, 0.0930643
0.178877, 0.122474, 0.0934072
0.188524, 0.12246, 0.0939703
0.198222, 0.122478, 0.0932403
0.207944, 0.12251, 0.0919905
-0.234711, 0.139828, -0.0683069
-0.224622, 0.139765, -0.0660267
-0.214721, 0.139818, -0.0679717
-0.204637, 0.139752, -0.0655627
-0.194612, 0.139721, -0.0644436
-0.184491, 0.139614, -0.0605788
-0.174384, 0.139507, -0.0567007
-0.164373, 0.139468, -0.0552807
-0.154353, 0.139415, -0.0533638
-0.144717, 0.139727, -0.0646615
-0.0340567, 0.136227, 0.0622158
-0.0243156, 0.136167, 0.0643678
-0.0145919, 0.13619, 0.06353
0.00486586, 0.136243, 0.0616117
0.014698, 0.13718, 0.0276442
0.0245694, 0.137589, 0.0128384
0.0343957, 0.137583, 0.013061
0.0444786, 0.138378, -0.0157542
0.0546889, 0.139208, -0.0458541
0.0646907, 0.139334, -0.0504017
0.0747348, 0.139505, -0.0566044
0.150162, 0.13563, 0.0838523
0.159653, 0.135463, 0.0899072
0.169213, 0.13537, 0.0932555
0.178832, 0.135332, 0.0946364
0.188524, 0.13535, 0.0939817
0.198234, 0.135379, 0.0929351
0.207959, 0.135415, 0.091639
-0.254721, 0.153165, -0.0689936
-0.244403, 0.15296, -0.0621829
-0.234245, 0.152841, -0.0582557
-0.224269, 0.152835, -0.0580597
-0.214355, 0.152873, -0.0593348
-0.204367, 0.15286, -0.0588737
-0.194369, 0.152837, -0.0581198
-0.184329, 0.152777, -0.0561528
-0.174262, 0.152687, -0.0531592
-0.164246, 0.152633, -0.0513635
-0.154311, 0.152652, -0.0519915
-0.144882, 0.153209, -0.0704269
-0.043724, 0.148985, 0.0693507
-0.0339776, 0.148854, 0.0736828
-0.0242582, 0.148784, 0.0760217
-0.0145586, 0.148821, 0.0747871
-0.00485417, 0.148861, 0.0734739
0.00485429, 0.148864, 0.073349
0.014561, 0.148845, 0.073998
0.0242603, 0.148797, 0.0755897
0.0339567, 0.148762, 0.0767193
0.0439622, 0.149797, 0.0424824
0.0537749, 0.149918, 0.0384803
0.064323, 0.151736, -0.0216956
0.0746579, 0.152634, -0.0514035
0.084666, 0.152731, -0.0546141
0.0946678, 0.152797, -0.0568061
0.140546, 0.148624, 0.0813084
0.150068, 0.148455, 0.0869074
0.159671, 0.148381, 0.0893331
0.169388, 0.148416, 0.0881877
0.17913, 0.148468, 0.0864525
0.188714, 0.14839, 0.0890365
0.19851, 0.148479, 0.0861087
0.208087, 0.148403, 0.0886154
-0.254453, 0.166309, -0.0636592
-0.244195, 0.166119, -0.0578871
-0.23415, 0.166064, -0.0561924
-0.224245, 0.166108, -0.057529
-0.214406, 0.166206, -0.0605268
-0.204508, 0.166267, -0.0623732
-0.194524, 0.16626, -0.0621595
-0.184421, 0.166145, -0.0586572
-0.174325, 0.166024, -0.0549884
-0.164261, 0.16592, -0.0518131
-0.154708, 0.166353, -0.0649948
-0.0631606, 0.16195, 0.0690532
-0.0534032, 0.161828, 0.0727763
-0.0436566, 0.161691, 0.076941
-0.033945, 0.161643, 0.0784087
-0.0242554, 0.161703, 0.0765796
-0.0145597, 0.161774, 0.0744152
-0.00485508, 0.161835, 0.0725517
0.00485575, 0.161858, 0.0718675
0.0145676, 0.161861, 0.0717564
0.0242541, 0.161694, 0.0768375
0.0339342, 0.161591, 0.079978
0.0436184, 0.161549, 0.081255
0.053327, 0.161597, 0.0798073
0.0630995, 0.161794, 0.0738177
0.0733302, 0.162956, 0.0384326
0.0845634, 0.165811, -0.04849
0.0945896, 0.165947, -0.0526276
0.104651, 0.166113, -0.0576811
0.13078, 0.161457, 0.0840726
0.140353, 0.161325, 0.0880923
0.150028, 0.16132, 0.0882378
0.159808, 0.161422, 0.0851407
0.169679, 0.161599, 0.0797367
0.179552, 0.161759, 0.0748858
0.189232, 0.161737, 0.0755382
-0.254461, 0.17962, -0.0638304
-0.244206, 0.179417, -0.0581117
-0.234263, 0.179436, -0.0586433
-0.224447, 0.179558, -0.0620861
-0.214583, 0.179651, -0.0647192
-0.174455, 0.17944, -0.0587535
-0.164382, 0.179326, -0.0555558
-0.0825301, 0.17477, 0.0728989
-0.0728, 0.17472, 0.0743022
-0.0630619, 0.174633, 0.0767574
-0.0533444, 0.174582, 0.0781941
-0.043654, 0.174616, 0.0772371
-0.0339718, 0.174712, 0.074522
-0.0242821, 0.174831, 0.0711718
-0.0145823, 0.174987, 0.0667863
-0.00486196, 0.17503, 0.0655704
0.00486439, 0.175117, 0.063097
0.0145905, 0.175085, 0.0640059
0.0242637, 0.174699, 0.0748978
0.0339372, 0.174534, 0.0795493
0.043605, 0.17442, 0.082768
0.0532813, 0.174375, 0.0840201
0.0638507, 0.176817, 0.0151734
0.0741491, 0.177958, -0.0169773
0.0845395, 0.179025, -0.047061
0.094524, 0.179098, -0.0491247
0.104554, 0.179236, -0.0530066
0.114623, 0.179409, -0.0579009
0.121147, 0.174451, 0.0818791
0.130642, 0.17419, 0.089252
0.140263, 0.17412, 0.0912123
0.149989, 0.17418, 0.0895143
0.159829, 0.174359, 0.0844746
0.169546, 0.17439, 0.0835977
0.179474, 0.174624, 0.0770144
-0.264556, 0.193009, -0.0660434
-0.254332, 0.192827, -0.0612545
-0.244346, 0.192817, -0.0610056
-0.234543, 0.192958, -0.0646911
-0.224601, 0.192991, -0.0655622
-0.111728, 0.187833, 0.0698266
-0.101908, 0.18764, 0.0748711
-0.0921867, 0.187608, 0.0757222
-0.0824406, 0.187512, 0.0782428
-0.0727373, 0.187501, 0.0785456
-0.0630704, 0.187594, 0.0760932
-0.053404, 0.187723, 0.0726962
-0.0437252, 0.187856, 0.0692158
-0.0340181, 0.187909, 0.067811
-0.0243116, 0.18801, 0.0651798
0.0243103, 0.188, 0.0654397
0.0339463, 0.187513, 0.078228
0.0436261, 0.187431, 0.0803823
0.0647415, 0.192564, -0.054369
0.0746939, 0.192544, -0.0538392
0.0845821, 0.192383, -0.0496063
0.0945154, 0.192347, -0.0486684
0.104519, 0.192448, -0.0513225
0.114546, 0.19257, -0.0545292
0.12287, 0.190039, 0.0119257
0.130681, 0.187148, 0.0877852
0.140264, 0.187019, 0.091186
0.149923, 0.187, 0.0916734
0.159624, 0.187034, 0.0907946
0.169398, 0.187144, 0.0879059
0.179315, 0.187392, 0.0814009
0.189336, 0.187718, 0.0728354
-0.274663, 0.206413, -0.0683274
-0.264405, 0.206202, -0.0631475
-0.254393, 0.206175, -0.0624809
-0.244577, 0.20631, -0.0657897
-0.234712, 0.206413, -0.0683346
-0.14082, 0.200708, 0.0717502
-0.13105, 0.200619, 0.0739403
-0.121289, 0.200532, 0.0760889
-0.111538, 0.200445, 0.0782251
-0.101804, 0.200376, 0.0799031
-0.0921202, 0.200402, 0.0792775
-0.0824813, 0.200543, 0.0758147
-0.0728365, 0.200705, 0.0718331
-0.0631536, 0.200796, 0.0695949
-0.0534585, 0.200875, 0.0676684
0.0748182, 0.206166, -0.0622511
0.0846825, 0.205895, -0.0555973
0.0945759, 0.205744, -0.0518956
0.10451, 0.205702, -0.0508733
0.114517, 0.205799, -0.0532498
0.124524, 0.20588, -0.0552249
0.132696, 0.203139, 0.012073
0.140437, 0.200163, 0.0851488
0.150016, 0.200022, 0.0886126
0.159656, 0.199973, 0.0898056
0.169363, 0.20001, 0.0889058
0.179166, 0.20015, 0.0854659
0.189118, 0.200433, 0.0785165
0.199013, 0.200631, 0.0736389
0.208905, 0.200808, 0.0692973
-0.28469, 0.219761, -0.0690312
-0.274442, 0.219554, -0.0642567
-0.264415, 0.219515, -0.0633559
-0.254594, 0.219649, -0.0664668
-0.244698, 0.219729, -0.0682979
-0.150437, 0.213524, 0.0748315
-0.140598, 0.213321, 0.0795012
-0.130805, 0.213164, 0.0831294
-0.121099, 0.213135, 0.0837975
-0.11145, 0.213208, 0.0821061
-0.101851, 0.213403, 0.0776162
-0.0922461, 0.213623, 0.0725513
-0.0825654, 0.213699, 0.0707908
-0.0728818, 0.213786, 0.0687699
0.0947043, 0.219315, -0.0587559
0.104559, 0.219075, -0.053225
0.114485, 0.219014, -0.0518117
0.124491, 0.219104, -0.053874
0.134475, 0.219144, -0.0548148
0.144496, 0.219236, -0.0569277
0.150299, 0.213328, 0.0793447
0.159909, 0.213212, 0.0820098
0.169543, 0.213139, 0.083703
0.179242, 0.213153, 0.0833759
0.18898, 0.213208, 0.0821133
0.198855, 0.213406, 0.0775523
0.208777, 0.213632, 0.07233
0.218621, 0.213763, 0.0693116
-0.294631, 0.233041, -0.0682011
-0.284427, 0.232865, -0.0643563
-0.274392, 0.232818, -0.0633359
-0.264589, 0.232972, -0.0666852
-0.254682, 0.233042, -0.0682244
-0.150488, 0.226541, 0.0731635
-0.140473, 0.226049, 0.0838761
-0.130677, 0.225861, 0.0879536
-0.121069, 0.225996, 0.0850148
-0.111594, 0.226422, 0.0757504
-0.101954, 0.226563, 0.07268
0.104736, 0.232746, -0.0617762
0.114525, 0.23237, -0.0536041
0.124442, 0.232291, -0.0518818
0.134455, 0.232391, -0.0540638
0.144422, 0.232403, -0.0543237
0.154396, 0.232423, -0.0547643
0.169864, 0.226486, 0.0743694
0.179481, 0.226373, 0.0768251
0.189113, 0.226289, 0.0786409
0.198767, 0.226239, 0.07974
0.208519, 0.2263, 0.0784154
0.21845, 0.226541, 0.0731759
0.228373, 0.226753, 0.0685577
0.238136, 0.226797, 0.0676107
-0.314551, 0.246315, -0.0673246
-0.304525, 0.246283, -0.0666552
-0.294333, 0.246109, -0.0630841
-0.284295, 0.246057, -0.0620008
-0.274532, 0.246247, -0.0659142
-0.264719, 0.246405, -0.0691652
-0.150423, 0.239383, 0.0752883
-0.140448, 0.238923, 0.0847449
-0.130661, 0.238739, 0.0885367
-0.121071, 0.238913, 0.0849652
-0.11159, 0.239352, 0.075932
0.114587, 0.245781, -0.0563231
0.124484, 0.245649, -0.0536094
0.134395, 0.245561, -0.051795
0.144416, 0.245674, -0.054132
0.154374, 0.245671, -0.0540657
0.164417, 0.245796, -0.0566306
0.189315, 0.239475, 0.0733991
0.198998, 0.239444, 0.0740294
0.20854, 0.239255, 0.0779276
0.21821, 0.239223, 0.0785928
0.228076, 0.239399, 0.0749621
0.238042, 0.239661, 0.0695629
0.247888, 0.239787, 0.0669746
0.257731, 0.239901, 0.0646443
-0.314546, 0.259625, -0.0672331
-0.30415, 0.259276, -0.0604119
-0.294053, 0.259166, -0.0582666
-0.284281, 0.259344, -0.0617466
-0.274565, 0.259589, -0.0665202
-0.150409, 0.2523, 0.0757432
-0.140464, 0.251866, 0.0842023
-0.130697, 0.251712, 0.0872126
-0.121113, 0.251915, 0.0832438
-0.111585, 0.25228, 0.0761266
0.12466, 0.259293, -0.0607581
0.134436, 0.258914, -0.053349
0.144345, 0.258826, -0.0516319
0.154366, 0.258936, -0.053792
0.164323, 0.258933, -0.0537295
0.174268, 0.258913, -0.053328
0.184372, 0.259118, -0.0573311
0.20886, 0.252575, 0.070363
0.218344, 0.252309, 0.0755563
0.227953, 0.252203, 0.0776277
0.237713, 0.252267, 0.0763807
0.247665, 0.252521, 0.0714207
0.257572, 0.252712, 0.0676937
0.267434, 0.252847, 0.0650668
0.277262, 0.252941, 0.06323
-0.314455, 0.272861, -0.0657778
-0.304045, 0.272477, -0.0586567
-0.293892, 0.272307, -0.055491
-0.283972, 0.272347, -0.0562444
-0.274217, 0.272555, -0.0601106
-0.26443, 0.272746, -0.0636401
-0.150368, 0.265165, 0.0770864
-0.140466, 0.264786, 0.0841327
-0.130701, 0.264629, 0.0870476
-0.12108, 0.264762, 0.0845714
-0.111617, 0.265292, 0.0747294
0.134596, 0.272515, -0.0593615
0.144374, 0.272153, -0.0526414
0.154273, 0.272051, -0.0507412
0.164262, 0.27211, -0.0518384
0.174229, 0.272129, -0.0521946
0.184184, 0.272128, -0.0521798
0.194144, 0.272134, -0.0522828
0.218554, 0.265502, 0.0708308
0.228198, 0.265422, 0.0723219
0.237719, 0.265211, 0.0762467
0.247369, 0.265153, 0.0773106
0.25717, 0.265256, 0.075397
0.26706, 0.265441, 0.071969
0.276988, 0.265649, 0.0681071
0.286888, 0.265817, 0.0649867
0.296849, 0.266028, 0.061069
-0.314682, 0.286377, -0.0694261
-0.304387, 0.28609, -0.0643492
-0.29405, 0.285744, -0.0582166
-0.28397, 0.28563, -0.0562081
-0.274072, 0.285699, -0.0574255
-0.264171, 0.28577, -0.0586848
-0.25434, 0.285925, -0.061419
-0.244543, 0.286132, -0.0650945
-0.160183, 0.278298, 0.0735936
-0.15025, 0.277882, 0.0809488
-0.140421, 0.277614, 0.0857
-0.130665, 0.277461, 0.088408
-0.121029, 0.27756, 0.0866518
-0.111539, 0.27804, 0.0781465
0.144483, 0.285644, -0.0564542
0.15423, 0.285243, -0.0493579
0.164153, 0.285195, -0.0485001
0.174123, 0.285229, -0.0491061
0.184095, 0.285264, -0.0497227
0.194067, 0.285294, -0.0502591
0.204057, 0.285348, -0.0512033
0.237996, 0.278471, 0.0705218
0.247406, 0.278129, 0.0765796
0.256899, 0.277903, 0.0805807
0.266652, 0.277964, 0.079493
0.27664, 0.278258, 0.0743041
0.286726, 0.278626, 0.0677824
0.296666, 0.278834, 0.0641022
-0.304714, 0.299719, -0.0697951
-0.294412, 0.299402, -0.0644393
-0.284278, 0.29924, -0.0617023
-0.274121, 0.299041, -0.0583363
-0.264059, 0.298935, -0.0565362
-0.254121, 0.298965, -0.0570536
-0.244237, 0.299065, -0.0587435
-0.234507, 0.29937, -0.0638986
-0.224608, 0.299478, -0.0657167
-0.160055, 0.291008, 0.0775418
-0.150106, 0.290528, 0.0856686
-0.140359, 0.290398, 0.087873
-0.130615, 0.290256, 0.0902691
-0.120978, 0.290348, 0.088717
-0.11148, 0.290817, 0.0807867
-0.102033, 0.291522, 0.0688534
0.144668, 0.299313, -0.0629377
0.154315, 0.298675, -0.0521417
0.164066, 0.298302, -0.0458331
0.174031, 0.298339, -0.0464587
0.184016, 0.298404, -0.0475497
0.193981, 0.298432, -0.0480347
0.204121, 0.298713, -0.0527906
0.247665, 0.291371, 0.0714107
0.256895, 0.290824, 0.0806603
0.266563, 0.290796, 0.0811305
0.276514, 0.291068, 0.0765414
0.28659, 0.291448, 0.0701132
0.296514, 0.291653, 0.0666308
-0.284657, 0.312956, -0.0684419
-0.274361, 0.312605, -0.0627542
-0.264127, 0.312301, -0.0578361
-0.254037, 0.31215, -0.0553908
-0.244066, 0.312138, -0.0552006
-0.234179, 0.312238, -0.0568128
-0.224294, 0.31235, -0.0586252
-0.214508, 0.312617, -0.0629516
-0.204814, 0.31305, -0.0699573
-0.159864, 0.30358, 0.0834146
-0.14998, 0.303185, 0.0897975
-0.140273, 0.303119, 0.0908699
-0.130549, 0.303003, 0.0927434
-0.120935, 0.303144, 0.090466
-0.111415, 0.303566, 0.0836406
-0.101958, 0.304255, 0.0724821
0.154446, 0.312213, -0.056416
0.164078, 0.311583, -0.0462079
0.174026, 0.311589, -0.0462956
0.184053, 0.31173, -0.048583
0.194068, 0.311835, -0.0502939
0.204061, 0.311899, -0.0513177
0.238006, 0.304388, 0.0703158
0.247315, 0.30389, 0.0783858
0.256849, 0.303696, 0.0815263
0.266665, 0.303837, 0.0792456
0.276629, 0.30413, 0.0744929
0.286573, 0.304383, 0.070405
0.296492, 0.304593, 0.0669961
-0.274648, 0.326248, -0.068049
-0.264313, 0.325819, -0.0613909
-0.254072, 0.325477, -0.0560756
-0.243983, 0.32531, -0.053484
-0.233998, 0.325274, -0.0529175
-0.22406, 0.325302, -0.0533533
-0.214146, 0.32537, -0.0544033
-0.204321, 0.325585, -0.0577445
-0.194493, 0.325817, -0.0613556
-0.16977, 0.316905, 0.077095
-0.15966, 0.316095, 0.0896664
-0.149864, 0.315843, 0.0935793
-0.14019, 0.315831, 0.0937686
-0.130494, 0.315763, 0.0948224
-0.120892, 0.315931, 0.0922265
-0.111363, 0.316334, 0.0859528
-0.101869, 0.316926, 0.076757
0.154434, 0.325473, -0.0560169
0.164185, 0.325054, -0.0494976
0.174094, 0.324975, -0.0482731
0.184123, 0.325117, -0.0504856
0.194138, 0.325222, -0.0521173
0.20414, 0.325296, -0.0532622
0.228175, 0.31718, 0.0728183
0.237535, 0.316713, 0.0800748
0.247061, 0.316497, 0.0834298
0.256788, 0.316543, 0.0827041
0.266734, 0.316848, 0.07798
0.276804, 0.317272, 0.0713902
0.286707, 0.317483, 0.0681105
-0.264496, 0.339354, -0.0649085
-0.25418, 0.338907, -0.0582333
-0.243989, 0.338597, -0.053616
-0.23392, 0.338438, -0.0512362
-0.223912, 0.338357, -0.0500245
-0.213938, 0.338321, -0.0494862
-0.203984, 0.338315, -0.0493994
-0.194066, 0.338371, -0.0502429
-0.18427, 0.338658, -0.0545197
-0.171034, 0.332294, 0.0404549
-0.159521, 0.328711, 0.0939441
-0.149766, 0.328519, 0.0968051
-0.140119, 0.328555, 0.0962591
-0.130438, 0.32851, 0.0969434
-0.120842, 0.328691, 0.0942311
-0.111331, 0.329152, 0.0873575
-0.101898, 0.329954, 0.0753794
0.154525, 0.338958, -0.059
0.164171, 0.338292, -0.049067
0.174074, 0.338201, -0.0477037
0.184107, 0.338359, -0.0500579
0.194137, 0.338496, -0.0520983
0.204347, 0.338917, -0.0583854
0.218331, 0.329922, 0.0758672
0.227683, 0.329414, 0.0834508
0.237146, 0.329101, 0.088119
0.246778, 0.329037, 0.0890713
0.256589, 0.329209, 0.0865092
0.266604, 0.329619, 0.0803823
0.27678, 0.330193, 0.0718117
-0.26497, 0.353293, -0.0739679
-0.25454, 0.352695, -0.0653906
-0.244103, 0.35204, -0.0559716
-0.233939, 0.351737, -0.051631
-0.223864, 0.351549, -0.0489321
-0.213823, 0.351399, -0.0467715
-0.203802, 0.351269, -0.0449052
-0.193783, 0.351128, -0.0428848
-0.183764, 0.350972, -0.040638
-0.169483, 0.342194, 0.0854235
-0.15944, 0.341428, 0.0964322
-0.149699, 0.34125, 0.0989814
-0.140062, 0.3413, 0.0982685
-0.130387, 0.341261, 0.0988312
-0.120796, 0.341451, 0.0961018
-0.111281, 0.341908, 0.0895391
-0.101859, 0.342764, 0.0772448
0.154501, 0.352195, -0.0582004
0.164112, 0.351431, -0.0472369
0.17402, 0.351355, -0.0461397
0.184073, 0.351564, -0.0491343
0.194137, 0.351769, -0.0520883
0.204252, 0.352044, -0.0560422
0.208461, 0.342587, 0.0797892
0.217842, 0.342093, 0.0868816
0.227285, 0.341733, 0.0920496
0.236876, 0.341618, 0.0937095
0.246594, 0.341686, 0.09272
0.256432, 0.341909, 0.0895286
0.266623, 0.342571, 0.0800185
0.276896, 0.343286, 0.0697474
-0.254872, 0.366483, -0.0720139
-0.244528, 0.36596, -0.0647717
-0.234114, 0.365284, -0.0554166
-0.223909, 0.364889, -0.0499454
-0.21377, 0.364569, -0.0455236
-0.203651, 0.364254, -0.0411658
-0.193568, 0.363974, -0.0372896
-0.182508, 0.361727, -0.00618887
-0.169325, 0.354777, 0.090004
-0.159378, 0.354172, 0.0983648
-0.149644, 0.353996, 0.100811
-0.140011, 0.354051, 0.100039
-0.130342, 0.354016, 0.100532
-0.120744, 0.354183, 0.0982223
-0.111219, 0.354612, 0.0922861
-0.101801, 0.355495, 0.0800576
-0.094266, 0.363834, -0.0353422
-0.0148063, 0.36193, -0.00899935
-0.00493291, 0.361745, -0.00644064
0.154407, 0.365265, -0.0551472
0.164062, 0.364581, -0.0456934
0.173968, 0.364504, -0.0446224
0.184025, 0.364734, -0.0478001
0.194096, 0.364967, -0.0510306
0.200032, 0.35778, 0.0484324
0.208053, 0.354819, 0.089416
0.217479, 0.35441, 0.0950794
0.227052, 0.354265, 0.0970836
0.236749, 0.354318, 0.0963483
0.246507, 0.354455, 0.0944548
0.256551, 0.354977, 0.0872345
0.267129, 0.356172, 0.0706882
0.277527, 0.357052, 0.0585093
0.28776, 0.357668, 0.0499902
-0.244849, 0.379766, -0.0714297
-0.234551, 0.379273, -0.064846
-0.224141, 0.378549, -0.0551734
-0.21378, 0.377845, -0.0457692
-0.203434, 0.377096, -0.0357742
-0.193243, 0.376576, -0.0288286
-0.181189, 0.372172, 0.029983
-0.169236, 0.367483, 0.0925989
-0.159345, 0.366976, 0.0993657
-0.149607, 0.366779, 0.102002
-0.139967, 0.366811, 0.101581
-0.130311, 0.366802, 0.101693
-0.120697, 0.366919, 0.100132
-0.111171, 0.367348, 0.0944009
-0.101747, 0.368225, 0.0826874
-0.0927717, 0.371087, 0.0444784
-0.0834842, 0.373224, 0.0159388
-0.0735967, 0.37289, 0.0204015
-0.0637343, 0.3726, 0.0242634
-0.0538787, 0.372253, 0.0288973
-0.0440514, 0.37199, 0.0324206
-0.0342485, 0.37184, 0.0344129
-0.0244551, 0.371718, 0.0360484
-0.0146716, 0.371679, 0.0365663
-0.00489163, 0.371762, 0.0354552
0.00489333, 0.371891, 0.0337324
0.014685, 0.372018, 0.0320435
0.0244902, 0.372252, 0.0289207
0.0343252, 0.372673, 0.0232921
0.0441717, 0.373005, 0.0188551
0.0539619, 0.372828, 0.0212269
0.0639524, 0.373875, 0.00723743
0.144777, 0.379415, -0.0667367
0.154328, 0.378353, -0.0525641
0.16402, 0.377743, -0.0444183
0.173943, 0.377704, -0.0438957
0.182849, 0.375582, -0.0155544
0.188981, 0.368271, 0.0820742
0.198306, 0.367592, 0.0911427
0.207733, 0.367156, 0.0969691
0.217281, 0.366964, 0.0995317
0.226964, 0.367006, 0.0989699
0.236737, 0.367184, 0.0965967
0.24674, 0.367691, 0.0898285
0.256742, 0.368158, 0.083591
0.266836, 0.368718, 0.0761037
0.276682, 0.368909, 0.0735579
0.286472, 0.369015, 0.0721483
0.296389, 0.369272, 0.0687137
0.306195, 0.369378, 0.0672936
-0.23492, 0.393199, -0.072824
-0.224389, 0.392266, -0.0607781
-0.213423, 0.390449, -0.0373421
-0.202942, 0.389384, -0.0235996
-0.191475, 0.386223, 0.0171852
-0.179471, 0.381577, 0.0771217
-0.169209, 0.380316, 0.0933852
-0.159357, 0.379881, 0.099
-0.149607, 0.379648, 0.102014
-0.139919, 0.379551, 0.10326
-0.130271, 0.379555, 0.103212
-0.120655, 0.379661, 0.101838
-0.111113, 0.380038, 0.0969791
-0.101647, 0.380774, 0.087481
-0.0922341, 0.381882, 0.0731912
-0.0827899, 0.383106, 0.0573888
-0.0730622, 0.383171, 0.0565605
-0.0633165, 0.383146, 0.0568814
-0.0535756, 0.383147, 0.0568709
-0.0438344, 0.383145, 0.0568981
-0.0340923, 0.383133, 0.0570483
-0.0243513, 0.383128, 0.0571132
-0.0146105, 0.383118, 0.0572443
-0.00487014, 0.383116, 0.057261
0.00487029, 0.383128, 0.0571136
0.0146117, 0.383149, 0.0568409
0.0243588, 0.383246, 0.0555873
0.0341188, 0.38343, 0.0532126
0.0438937, 0.383663, 0.0502133
0.0536814, 0.383904, 0.0471039
0.0635114, 0.384326, 0.0416603
0.0734129, 0.38501, 0.0328345
0.0834491, 0.386157, 0.0180373
0.0932321, 0.386014, 0.0198832
0.103637, 0.388228, -0.0086875
0.144675, 0.392451, -0.0631728
0.154271, 0.391483, -0.0506778
0.164008, 0.390969, -0.0440483
0.172874, 0.388554, -0.0128932
0.179154, 0.380905, 0.0857973
0.18857, 0.380363, 0.0927854
0.198031, 0.379962, 0.0979571
0.207565, 0.379731, 0.100942
0.217218, 0.37973, 0.100953
0.226991, 0.379928, 0.098402
0.236867, 0.380277, 0.0938959
0.246706, 0.38054, 0.0904946
0.256525, 0.380754, 0.0877423
0.266282, 0.380864, 0.0863142
0.276006, 0.38092, 0.0855918
0.285778, 0.381037, 0.0840898
0.295567, 0.381169, 0.0823884
0.305454, 0.381414, 0.0792303
0.315573, 0.381925, 0.0726371
0.325565, 0.382255, 0.0683746
0.335915, 0.382975, 0.0590816
-0.22396, 0.404788, -0.0511022
-0.212283, 0.401528, -0.0104313
-0.199856, 0.396462, 0.052783
-0.189356, 0.394896, 0.0723233
-0.179092, 0.39368, 0.087502
-0.16916, 0.393095, 0.0948048
-0.159336, 0.392706, 0.0996594
-0.149589, 0.39247, 0.102603
-0.139893, 0.392345, 0.104165
-0.130238, 0.392323, 0.104434
-0.120615, 0.3924, 0.10347
-0.11104, 0.392662, 0.1002
-0.101529, 0.393223, 0.0932007
-0.0920602, 0.394082, 0.0824814
-0.0825572, 0.39498, 0.0712805
-0.0728592, 0.395058, 0.0703006
-0.0631418, 0.395041, 0.0705171
-0.0534274, 0.395039, 0.0705447
-0.0437126, 0.395032, 0.0706363
-0.0339956, 0.394996, 0.071074
-0.0242803, 0.39496, 0.0715251
-0.0145675, 0.39494, 0.0717759
-0.00485557, 0.394919, 0.0720458
0.00485517, 0.394886, 0.0724525
0.0145648, 0.394867, 0.0726857
0.0242789, 0.394937, 0.0718188
0.0339982, 0.395027, 0.0706949
0.0437219, 0.395116, 0.0695806
0.0534553, 0.395245, 0.0679679
0.0632228, 0.395548, 0.0641928
0.0730188, 0.395924, 0.0594993
0.0828368, 0.396317, 0.0545936
0.0927246, 0.396926, 0.0469942
0.102712, 0.397806, 0.036016
0.11272, 0.398604, 0.0260592
0.122706, 0.399204, 0.0185661
0.132926, 0.400419, 0.00341082
0.144732, 0.405916, -0.0651808
0.154193, 0.40455, -0.0481334
0.163934, 0.404038, -0.0417552
0.16954, 0.39398, 0.0837622
0.178866, 0.393182, 0.0937109
0.188322, 0.39274, 0.0992293
0.197852, 0.392488, 0.102381
0.207457, 0.392399, 0.103492
0.217138, 0.392457, 0.102764
0.226849, 0.392562, 0.101452
0.236562, 0.392661, 0.100215
0.246291, 0.392778, 0.098752
0.256068, 0.39296, 0.0964856
0.265846, 0.39313, 0.0943627
0.275629, 0.393295, 0.0923104
0.285435, 0.393481, 0.089982
0.295253, 0.393671, 0.0876126
0.30507, 0.393847, 0.0854225
0.314904, 0.394034, 0.0830874
0.324814, 0.394302, 0.0797448
0.334993, 0.394871, 0.0726399
0.345219, 0.395462, 0.0652623
-0.222979, 0.416227, -0.0289679
-0.209805, 0.409852, 0.0480561
-0.199287, 0.408294, 0.0668802
-0.188974, 0.407021, 0.0822597
-0.178951, 0.406268, 0.0913634
-0.169052, 0.405724, 0.0979309
-0.15923, 0.405313, 0.102903
-0.149481, 0.405044, 0.10615
-0.139799, 0.404935, 0.107471
-0.130159, 0.404939, 0.107414
-0.120549, 0.405046, 0.106122
-0.110956, 0.405229, 0.103911
-0.101386, 0.405543, 0.100119
-0.0918809, 0.40621, 0.092061
-0.0823747, 0.407028, 0.0821781
-0.0727287, 0.40728, 0.0791292
-0.0630155, 0.407177, 0.0803814
-0.0533141, 0.407126, 0.0809946
-0.0436127, 0.407051, 0.0818963
-0.0339148, 0.406977, 0.0827923
-0.0242211, 0.406915, 0.0835447
-0.0145311, 0.406869, 0.084095
-0.00484311, 0.406819, 0.0847015
0.00484247, 0.406766, 0.0853472
0.0145259, 0.406725, 0.085844
0.0242121, 0.406763, 0.0853786
0.0339002, 0.406802, 0.0849051
0.0435903, 0.406842, 0.0844245
0.0532847, 0.406901, 0.0837073
0.0630084, 0.407131, 0.0809293
0.0727519, 0.40741, 0.0775595
0.0825102, 0.407698, 0.0740886
0.0923164, 0.408135, 0.0687971
0.102173, 0.408693, 0.0620618
0.112072, 0.409306, 0.0546598
0.122027, 0.410012, 0.0461211
0.13199, 0.410634, 0.0386066
0.142059, 0.411482, 0.0283623
0.152191, 0.412389, 0.0173998
0.161341, 0.410687, 0.0379701
0.169222, 0.406134, 0.0929861
0.178679, 0.405651, 0.0988202
0.188173, 0.405295, 0.103115
0.197728, 0.4051, 0.105469
0.207265, 0.404891, 0.108003
0.216846, 0.40478, 0.109341
0.226473, 0.404759, 0.109587
0.236141, 0.404813, 0.108941
0.245833, 0.404902, 0.107867
0.255554, 0.405028, 0.106341
0.265321, 0.405218, 0.104048
0.275125, 0.405447, 0.101284
0.284981, 0.405735, 0.0978026
0.294854, 0.406028, 0.0942621
0.304723, 0.406297, 0.0910139
0.314581, 0.406535, 0.0881348
0.324448, 0.40677, 0.0852957
0.334381, 0.407073, 0.0816398
0.344646, 0.40775, 0.0734568
0.355244, 0.408774, 0.0610833
-0.219983, 0.423672, 0.0385933
-0.20944, 0.422127, 0.0566769
-0.198939, 0.420522, 0.0754719
-0.188734, 0.419409, 0.0885043
-0.178759, 0.418715, 0.0966406
-0.168866, 0.418144, 0.103319
-0.159093, 0.41782, 0.107116
-0.149394, 0.41766, 0.10899
-0.139731, 0.417586, 0.109859
-0.130086, 0.41756, 0.110157
-0.120468, 0.417621, 0.109444
-0.110866, 0.417756, 0.107866
-0.101272, 0.417948, 0.105617
-0.0917214, 0.418378, 0.100582
-0.08218, 0.418957, 0.093801
-0.0726189, 0.419576, 0.0865569
-0.0629119, 0.419413, 0.0884643
-0.0532159, 0.419277, 0.0900521
-0.0435272, 0.41915, 0.0915437
-0.033846, 0.419045, 0.0927706
-0.0241704, 0.418954, 0.0938325
-0.0145, 0.418888, 0.0946093
-0.00483246, 0.418812, 0.0955043
0.00483149, 0.418727, 0.0964932
0.0144922, 0.418663, 0.0972495
0.0241541, 0.418672, 0.0971398
0.0338169, 0.418686, 0.0969801
0.0434811, 0.418706, 0.0967398
0.0531481, 0.418743, 0.0963135
0.0628401, 0.418934, 0.0940757
0.072548, 0.419166, 0.0913539
0.0822671, 0.419401, 0.0886006
0.0920233, 0.419755, 0.0844555
0.101844, 0.420308, 0.0779829
0.111676, 0.420809, 0.0721126
0.121524, 0.421283, 0.0665607
0.131399, 0.421773, 0.0608268
0.141271, 0.422189, 0.0559535
0.151394, 0.423253, 0.0434918
0.16059, 0.421751, 0.06108
0.169207, 0.41899, 0.093421
0.178634, 0.418423, 0.100056
0.188108, 0.418017, 0.104813
0.197655, 0.417808, 0.10726
0.207162, 0.417536, 0.110441
0.216698, 0.417344, 0.112696
0.226288, 0.417268, 0.113582
0.23594, 0.417309, 0.113107
0.245579, 0.417324, 0.112922
0.255267, 0.417418, 0.111829
0.265037, 0.417634, 0.109297
0.274804, 0.41783, 0.106995
0.284543, 0.417972, 0.105337
0.294338, 0.418185, 0.102843
0.304249, 0.418543, 0.0986476
0.314245, 0.418994, 0.0933709
0.324227, 0.419398, 0.0886383
0.334137, 0.419689, 0.085228
0.344122, 0.420054, 0.0809512
0.354347, 0.420686, 0.0735602
0.365059, 0.421846, 0.0599704
-0.230109, 0.43737, 0.0310612
-0.219741, 0.436227, 0.0440564
-0.209117, 0.434445, 0.0642939
-0.198663, 0.432859, 0.082315
-0.188546, 0.431883, 0.0934081
-0.178607, 0.431232, 0.100797
-0.168777, 0.430782, 0.105911
-0.159025, 0.430492, 0.109202
-0.149339, 0.430354, 0.110777
-0.139685, 0.430294, 0.111453
-0.130046, 0.430277, 0.11165
-0.120417, 0.430291, 0.11149
-0.110797, 0.430341, 0.110923
-0.101214, 0.43056, 0.108431
-0.0916267, 0.430806, 0.105638
-0.082049, 0.431159, 0.101625
-0.072496, 0.431754, 0.0948734
-0.0628291, 0.431749, 0.0949283
-0.053148, 0.431626, 0.0963235
-0.0434725, 0.431504, 0.0977087
-0.0338017, 0.431374, 0.0991869
-0.0241365, 0.431239, 0.100724
-0.0144784, 0.431134, 0.101909
-0.00482513, 0.431043, 0.102943
0.0048242, 0.43096, 0.103892
0.0144703, 0.430893, 0.104656
0.0241165, 0.430881, 0.104785
0.0337625, 0.430874, 0.104867
0.043408, 0.430864, 0.104982
0.053053, 0.430855, 0.105087
0.0627136, 0.430955, 0.103945
0.0723899, 0.431122, 0.102052
0.0820804, 0.431325, 0.0997486
0.0917907, 0.431577, 0.0968781
0.101554, 0.432006, 0.0920081
0.111357, 0.432518, 0.0861902
0.121218, 0.433151, 0.0789962
0.131092, 0.433737, 0.0723391
0.140938, 0.434153, 0.0676131
0.150975, 0.435069, 0.0572114
0.160799, 0.435294, 0.0546565
0.169248, 0.431985, 0.0922489
0.178641, 0.431314, 0.0998688
0.188127, 0.430924, 0.104296
0.197653, 0.430658, 0.107325
0.207169, 0.430397, 0.110282
0.216731, 0.430252, 0.111935
0.226308, 0.430146, 0.113139
0.235879, 0.430039, 0.114358
0.245484, 0.429999, 0.114813
0.25516, 0.43008, 0.113884
0.264838, 0.43016, 0.112973
0.27456, 0.430305, 0.111331
0.284316, 0.43049, 0.10923
0.294111, 0.43072, 0.106616
0.303931, 0.430971, 0.103763
0.313851, 0.431344, 0.0995283
0.323872, 0.431829, 0.0940208
0.333888, 0.43228, 0.0888882
0.343882, 0.432677, 0.0843806
0.353931, 0.433121, 0.0793338
0.364253, 0.433866, 0.0708718
0.375116, 0.4352, 0.0557213
-0.240509, 0.451568, 0.0184636
-0.229864, 0.449946, 0.0363574
-0.219308, 0.448364, 0.0538177
-0.208825, 0.446789, 0.0711904
-0.198458, 0.44532, 0.0873957
-0.188397, 0.444424, 0.0972805
-0.178557, 0.44398, 0.10218
-0.168732, 0.443524, 0.107208
-0.159007, 0.443292, 0.109769
-0.149326, 0.44316, 0.11122
-0.139675, 0.443108, 0.111797
-0.130038, 0.443094, 0.111954
-0.120414, 0.443122, 0.111637
-0.110791, 0.443163, 0.111185
-0.101167, 0.443206, 0.110712
-0.0915803, 0.443442, 0.108116
-0.0819828, 0.443672, 0.105577
-0.0723995, 0.44405, 0.101403
-0.0627705, 0.444222, 0.0995054
-0.0530995, 0.444105, 0.100794
-0.043431, 0.443961, 0.102383
-0.0337687, 0.443817, 0.103968
-0.0241127, 0.443674, 0.105554
-0.014464, 0.44356, 0.106812
-0.00482021, 0.443457, 0.107941
0.00481909, 0.443355, 0.109071
0.0144543, 0.443262, 0.110093
0.0240883, 0.443226, 0.110492
0.033722, 0.443203, 0.110747
0.0433546, 0.44318, 0.111002
0.0529864, 0.44316, 0.111226
0.062632, 0.443242, 0.110318
0.0722888, 0.443371, 0.108894
0.0819538, 0.443515, 0.107304
0.0916353, 0.443708, 0.105176
0.101352, 0.444017, 0.101763
0.111088, 0.444351, 0.0980849
0.120874, 0.444818, 0.0929346
0.130776, 0.445605, 0.0842452
0.14067, 0.446265, 0.0769687
0.150655, 0.447106, 0.0676894
0.160721, 0.448072, 0.0570359
0.169447, 0.445404, 0.0864701
0.178725, 0.444398, 0.0975695
0.188171, 0.443891, 0.103162
0.197686, 0.443589, 0.106494
0.207221, 0.443358, 0.109041
0.216787, 0.443208, 0.110687
0.226361, 0.443089, 0.112009
0.235927, 0.442965, 0.113369
0.245491, 0.442847, 0.11467
0.255079, 0.442778, 0.115434
0.264745, 0.442846, 0.114685
0.274438, 0.442952, 0.113514
0.28416, 0.443096, 0.111926
0.293944, 0.443325, 0.109397
0.30375, 0.443571, 0.106686
0.313566, 0.443816, 0.103984
0.323477, 0.444177, 0.0999975
0.333547, 0.444729, 0.0939116
0.343651, 0.445295, 0.0876708
0.353772, 0.445849, 0.0815539
0.363905, 0.44639, 0.0755863
0.374375, 0.447305, 0.0654912
0.385381, 0.448798, 0.0490222
-0.240259, 0.464175, 0.0236373
-0.229485, 0.462224, 0.0445461
-0.218874, 0.460446, 0.0636139
-0.208563, 0.459161, 0.0773878
-0.198295, 0.457853, 0.0914135
-0.188333, 0.45715, 0.0989513
-0.178519, 0.456752, 0.103212
-0.168767, 0.456474, 0.106197
-0.159048, 0.45626, 0.108487
-0.14935, 0.45608, 0.110418
-0.139681, 0.455972, 0.111579
-0.130045, 0.455961, 0.111696
-0.120412, 0.455962, 0.111688
-0.110792, 0.456012, 0.111143
-0.101174, 0.456084, 0.110377
-0.0915623, 0.456205, 0.109076
-0.0819557, 0.456381, 0.107192
-0.0723528, 0.456626, 0.104566
-0.0627301, 0.456804, 0.102661
-0.0530745, 0.456763, 0.1031
-0.0434115, 0.456624, 0.104582
-0.0337534, 0.456474, 0.106191
-0.0241017, 0.456326, 0.107785
-0.0144571, 0.456201, 0.109127
-0.00481786, 0.456089, 0.110327
0.00481659, 0.455969, 0.111612
0.0144462, 0.455856, 0.112821
0.0240731, 0.455783, 0.113597
0.0336979, 0.455724, 0.114234
0.0433221, 0.455684, 0.114667
0.0529455, 0.455653, 0.115
0.06258, 0.455711, 0.114377
0.0722214, 0.455797, 0.113456
0.0818658, 0.45588, 0.11256
0.0915187, 0.455988, 0.111408
0.101212, 0.456258, 0.108513
0.110926, 0.456565, 0.105223
0.120663, 0.456911, 0.101511
0.130438, 0.457337, 0.0969448
0.140299, 0.457988, 0.0899658
0.150312, 0.459019, 0.0789142
0.160353, 0.460003, 0.0683599
0.169847, 0.459395, 0.0748796
0.178832, 0.457553, 0.0946279
0.188251, 0.45695, 0.10109
0.197751, 0.456596, 0.104887
0.207285, 0.456348, 0.10755
0.216835, 0.456157, 0.109592
0.226374, 0.455958, 0.111722
0.235906, 0.455764, 0.113807
0.245477, 0.455656, 0.114967
0.255056, 0.455571, 0.115872
0.264685, 0.455579, 0.11579
0.274378, 0.455692, 0.11458
0.284081, 0.455814, 0.113272
0.293797, 0.455948, 0.111836
0.303579, 0.456172, 0.109429
0.313407, 0.45645, 0.106457
0.323263, 0.45675, 0.103238
0.333241, 0.4572, 0.0984101
0.343347, 0.457795, 0.0920277
0.353476, 0.458389, 0.0856633
0.363647, 0.459004, 0.0790758
0.373937, 0.459732, 0.0712614
0.384749, 0.46105, 0.0571408
0.395864, 0.462655, 0.0399246
-0.240002, 0.47674, 0.0289588
-0.229025, 0.474293, 0.0544696
-0.218581, 0.472782, 0.0702229
-0.208327, 0.471563, 0.0829415
-0.19819, 0.470501, 0.0940156
-0.188283, 0.469903, 0.100244
-0.178526, 0.469636, 0.103029
-0.168811, 0.469457, 0.104902
-0.159088, 0.469229, 0.107275
-0.149395, 0.469069, 0.108947
-0.139726, 0.468967, 0.110008
-0.130087, 0.468955, 0.110133
-0.120451, 0.468954, 0.11014
-0.110814, 0.468954, 0.11014
-0.10119, 0.469007, 0.109586
-0.0915639, 0.469064, 0.108992
-0.0819484, 0.469195, 0.107628
-0.0723327, 0.469359, 0.105922
-0.0627089, 0.469513, 0.104317
-0.0530597, 0.469498, 0.104465
-0.0434004, 0.469367, 0.105839
-0.033744, 0.469203, 0.107549
-0.0240945, 0.46904, 0.109241
-0.0144521, 0.468887, 0.110837
-0.00481594, 0.46875, 0.112268
0.00481458, 0.468617, 0.113652
0.01444, 0.468496, 0.114918
0.0240624, 0.468415, 0.115761
0.0336819, 0.468339, 0.116559
0.0432983, 0.468263, 0.117351
0.0529127, 0.468198, 0.118028
0.0625387, 0.468239, 0.1176
0.0721717, 0.468314, 0.116816
0.0818071, 0.468386, 0.116066
0.0914493, 0.468477, 0.115112
0.101124, 0.4687, 0.11279
0.110816, 0.468959, 0.110086
0.120523, 0.469237, 0.107196
0.130271, 0.469618, 0.103218
0.140052, 0.470061, 0.0985994
0.149864, 0.47054, 0.0936065
0.159864, 0.471519, 0.0833974
0.169858, 0.472366, 0.0745687
0.179038, 0.470982, 0.088995
0.188382, 0.470151, 0.0976596
0.197812, 0.469602, 0.103385
0.207332, 0.469311, 0.106423
0.216826, 0.468988, 0.109793
0.226359, 0.468772, 0.112039
0.235889, 0.468569, 0.114157
0.245446, 0.468433, 0.115571
0.255052, 0.468397, 0.115949
0.264679, 0.468402, 0.115894
0.274336, 0.468457, 0.115322
0.284034, 0.468576, 0.114084
0.293738, 0.468697, 0.112821
0.303466, 0.468847, 0.111257
0.313272, 0.469104, 0.108576
0.323131, 0.469425, 0.105234
0.333017, 0.469763, 0.101703
0.343057, 0.470294, 0.0961728
0.353222, 0.470963, 0.0891933
0.363443, 0.471669, 0.0818329
0.373718, 0.472405, 0.0741577
0.384299, 0.473483, 0.0629187
0.395336, 0.475054, 0.046536
-0.239675, 0.489134, 0.0357313
-0.228785, 0.486776, 0.05966
-0.218389, 0.48531, 0.0745397
-0.208115, 0.483988, 0.0879517
-0.198119, 0.483218, 0.0957689
-0.188252, 0.482697, 0.101057
-0.178511, 0.482461, 0.103451
-0.168815, 0.482328, 0.104801
-0.159147, 0.482262, 0.105473
-0.149465, 0.482146, 0.106647
-0.139787, 0.482024, 0.107892
-0.130137, 0.48199, 0.108236
-0.120496, 0.481985, 0.108282
-0.110854, 0.481975, 0.108382
-0.101216, 0.48198, 0.108335
-0.0915804, 0.482002, 0.108112
-0.0819493, 0.482055, 0.107572
-0.0723261, 0.482174, 0.106369
-0.0627053, 0.482349, 0.104593
-0.0530548, 0.482316, 0.10492
-0.0433963, 0.48218, 0.106304
-0.0337404, 0.482005, 0.108077
-0.0240915, 0.481831, 0.109849
-0.01445, 0.481664, 0.11154
-0.00481517, 0.481515, 0.11305
0.00481372, 0.48137, 0.114522
0.0144372, 0.481239, 0.11586
0.0240573, 0.481147, 0.11679
0.0336741, 0.481058, 0.117693
0.043287, 0.480966, 0.118626
0.052896, 0.480873, 0.119568
0.0625139, 0.480876, 0.119537
0.0721371, 0.480914, 0.119156
0.0817623, 0.480955, 0.118739
0.0913926, 0.481014, 0.118141
0.101055, 0.481213, 0.11612
0.110731, 0.481441, 0.113802
0.120423, 0.481694, 0.111242
0.130148, 0.482029, 0.107835
0.139903, 0.482426, 0.103811
0.149689, 0.482869, 0.0993085
0.159494, 0.483316, 0.0947781
0.169327, 0.483791, 0.0899515
0.17907, 0.483974, 0.0880976
0.188537, 0.483427, 0.0936451
0.197906, 0.482697, 0.101054
0.207352, 0.482215, 0.105951
0.216814, 0.481809, 0.11007
0.226328, 0.481549, 0.112711
0.235888, 0.481404, 0.114185
0.245456, 0.481287, 0.11537
0.255056, 0.481238, 0.115867
0.264686, 0.481248, 0.115767
0.274316, 0.481257, 0.115674
0.283985, 0.481331, 0.114919
0.293691, 0.481461, 0.113597
0.303412, 0.481607, 0.112122
0.313161, 0.481786, 0.110303
0.323028, 0.482131, 0.1068
0.332938, 0.482518, 0.10287
0.342915, 0.482978, 0.0982018
0.353079, 0.483669, 0.0911889
0.363276, 0.484367, 0.0841045
0.373555, 0.485136, 0.0762997
0.384, 0.486076, 0.0667596
0.395114, 0.487796, 0.0493121
-0.250465, 0.504203, 0.0157042
-0.239511, 0.501832, 0.0391445
-0.228698, 0.499567, 0.0615387
-0.218243, 0.497918, 0.0778346
-0.207996, 0.496611, 0.0907564
-0.198055, 0.495943, 0.0973563
-0.188247, 0.495557, 0.101173
-0.178503, 0.495307, 0.103649
-0.16881, 0.495175, 0.104955
-0.159173, 0.495203, 0.10467
-0.149524, 0.495198, 0.104727
-0.139849, 0.495096, 0.105731
-0.130191, 0.495046, 0.106223
-0.120547, 0.495047, 0.106217
-0.110903, 0.495044, 0.106243
-0.101258, 0.495039, 0.1063
-0.091611, 0.495021, 0.106477
-0.0819673, 0.495018, 0.106502
-0.0723444, 0.495157, 0.105133
-0.0627175, 0.495308, 0.103641
-0.0530619, 0.495245, 0.104261
-0.0434018, 0.495101, 0.105684
-0.0337442, 0.494915, 0.107524
-0.024094, 0.494731, 0.109338
-0.0144514, 0.494557, 0.111062
-0.00481563, 0.494403, 0.112586
0.00481404, 0.494239, 0.1142
0.0144374, 0.494079, 0.11579
0.0240562, 0.493954, 0.117019
0.0336705, 0.493834, 0.118205
0.043281, 0.493724, 0.119299
0.052888, 0.493621, 0.120311
0.0625023, 0.493608, 0.120443
0.0721201, 0.493622, 0.120306
0.0817407, 0.49365, 0.120026
0.0913675, 0.493705, 0.119481
0.101023, 0.493888, 0.117677
0.11069, 0.494095, 0.11563
0.120366, 0.494301, 0.113587
0.130064, 0.494562, 0.111007
0.139788, 0.49488, 0.107866
0.149534, 0.49523, 0.104403
0.159309, 0.495627, 0.100479
0.169117, 0.496077, 0.0960302
0.178825, 0.4962, 0.0948181
0.188525, 0.496289, 0.0939388
0.198007, 0.495823, 0.0985441
0.207386, 0.495153, 0.105165
0.216866, 0.494776, 0.108895
0.226353, 0.494445, 0.112169
0.235907, 0.494282, 0.11378
0.24548, 0.494168, 0.114901
0.255057, 0.494073, 0.115843
0.264681, 0.494072, 0.115859
0.274311, 0.49408, 0.115772
0.283948, 0.494102, 0.115562
0.293657, 0.494243, 0.114167
0.303393, 0.494418, 0.112436
0.313137, 0.494596, 0.110676
0.32298, 0.494914, 0.107529
0.332892, 0.495318, 0.103542
0.342828, 0.495732, 0.0994458
0.352937, 0.496368, 0.0931544
0.363153, 0.497116, 0.0857615
0.373503, 0.498004, 0.0769882
0.384064, 0.499121, 0.0659404
0.395221, 0.500938, 0.0479789
0.407081, 0.503538, 0.0222774
-0.250392, 0.51715, 0.0171418
-0.239568, 0.51499, 0.0379596
-0.228724, 0.5126, 0.0609813
-0.218195, 0.510739, 0.0789189
-0.208003, 0.509528, 0.0905881
-0.198037, 0.508778, 0.0978065
-0.18825, 0.508437, 0.101097
-0.178513, 0.508198, 0.103397
-0.168827, 0.508089, 0.104448
-0.159177, 0.508081, 0.104528
-0.149553, 0.50816, 0.103763
-0.139917, 0.508205, 0.103327
-0.130253, 0.508148, 0.103877
-0.1206, 0.508126, 0.104087
-0.110952, 0.508129, 0.104058
-0.101304, 0.508125, 0.104097
-0.0916562, 0.508129, 0.104064
-0.0820074, 0.508124, 0.104108
-0.0723745, 0.508229, 0.103097
-0.0627424, 0.508374, 0.101703
-0.0530791, 0.508273, 0.102676
-0.0434155, 0.508121, 0.104136
-0.0337547, 0.507928, 0.106001
-0.0241009, 0.507727, 0.107936
-0.0144552, 0.507538, 0.109761
-0.00481691, 0.507379, 0.111289
0.00481535, 0.507215, 0.112868
0.0144415, 0.507054, 0.114423
0.024063, 0.506927, 0.115643
0.0336802, 0.506807, 0.116797
0.0432932, 0.50669, 0.117929
0.0529022, 0.506579, 0.118998
0.0625174, 0.506551, 0.119269
0.0721352, 0.506549, 0.119288
0.0817521, 0.506543, 0.119347
0.0913713, 0.50655, 0.119279
0.101014, 0.506674, 0.118082
0.110671, 0.506843, 0.116456
0.120337, 0.507022, 0.114732
0.13002, 0.507239, 0.112639
0.139724, 0.507502, 0.110105
0.149434, 0.507755, 0.107663
0.159171, 0.50806, 0.104732
0.168935, 0.508412, 0.101334
0.178611, 0.508478, 0.100696
0.188284, 0.508529, 0.100213
0.197941, 0.508531, 0.100189
0.20743, 0.508124, 0.104111
0.216882, 0.507663, 0.108548
0.226406, 0.507406, 0.111027
0.235944, 0.507198, 0.113029
0.245515, 0.507076, 0.114205
0.255069, 0.50693, 0.115611
0.264654, 0.506853, 0.116359
0.274283, 0.506862, 0.116267
0.283924, 0.506893, 0.115975
0.293624, 0.507023, 0.114719
0.303375, 0.50723, 0.112723
0.313129, 0.507429, 0.110807
0.322942, 0.50771, 0.108099
0.332887, 0.508175, 0.103615
0.342865, 0.508664, 0.098907
0.353017, 0.509376, 0.0920515
0.363291, 0.510223, 0.0838895
0.373682, 0.511183, 0.0746326
0.384262, 0.512349, 0.0634046
0.395324, 0.514084, 0.04669
0.407018, 0.516537, 0.0230494
-0.250265, 0.529972, 0.0196795
-0.239686, 0.528287, 0.0355215
-0.229005, 0.526224, 0.0548997
-0.2183, 0.52392, 0.0765529
-0.208059, 0.522567, 0.0892668
-0.198097, 0.521816, 0.0963235
-0.188278, 0.521386, 0.100369
-0.178546, 0.521162, 0.102477
-0.16886, 0.521053, 0.103495
-0.1592, 0.521018, 0.103826
-0.149585, 0.521135, 0.102731
-0.13996, 0.52123, 0.101838
-0.130317, 0.521267, 0.101483
-0.120655, 0.521228, 0.10185
-0.111, 0.521216, 0.101967
-0.101349, 0.521221, 0.101917
-0.0916978, 0.521229, 0.101841
-0.0820496, 0.521256, 0.101587
-0.0724176, 0.521406, 0.100179
-0.0627749, 0.521515, 0.0991597
-0.0531057, 0.521402, 0.100218
-0.0434381, 0.521256, 0.101588
-0.0337725, 0.521061, 0.103419
-0.024114, 0.520862, 0.105289
-0.0144632, 0.520674, 0.107061
-0.00481954, 0.520509, 0.108614
0.00481797, 0.520339, 0.110208
0.0144493, 0.520173, 0.111767
0.0240763, 0.520048, 0.112941
0.0336992, 0.51993, 0.114049
0.0433172, 0.519806, 0.115215
0.05293, 0.519676, 0.116436
0.0625475, 0.519625, 0.116916
0.0721666, 0.519599, 0.117161
0.0817853, 0.519577, 0.117368
0.0914068, 0.519575, 0.117385
0.101049, 0.519679, 0.116412
0.110701, 0.519815, 0.115131
0.120361, 0.519958, 0.113791
0.130026, 0.520105, 0.112407
0.139701, 0.520267, 0.110883
0.14939, 0.520456, 0.109105
0.159092, 0.520663, 0.107161
0.168816, 0.520918, 0.104762
0.178475, 0.520953, 0.104437
0.188086, 0.520853, 0.10538
0.197728, 0.520843, 0.105469
0.207344, 0.520771, 0.106151
0.216845, 0.520428, 0.109375
0.226376, 0.520182, 0.111679
0.235965, 0.520086, 0.112587
0.245537, 0.51996, 0.113765
0.255078, 0.519782, 0.115442
0.264627, 0.519631, 0.116858
0.274258, 0.519646, 0.116723
0.283926, 0.519728, 0.115947
0.293633, 0.519875, 0.114567
0.303426, 0.520159, 0.111899
0.313232, 0.520446, 0.1092
0.323087, 0.520797, 0.105907
0.333067, 0.521322, 0.100965
0.343051, 0.521823, 0.0962591
0.353214, 0.522563, 0.0893083
0.363477, 0.523407, 0.0813723
0.373881, 0.524404, 0.0720062
0.384544, 0.525706, 0.0597749
0.396044, 0.528058, 0.0376701
0.407521, 0.530268, 0.0169024
-0.260669, 0.544289, 0.00839376
-0.250172, 0.542856, 0.0215359
-0.239788, 0.541562, 0.0334001
-0.229322, 0.539963, 0.0480647
-0.218575, 0.537532, 0.0703616
-0.208265, 0.535999, 0.0844183
-0.198192, 0.534956, 0.0939832
-0.188378, 0.534543, 0.0977693
-0.178632, 0.534286, 0.100126
-0.168904, 0.534059, 0.102208
-0.159257, 0.534074, 0.102077
-0.149649, 0.534232, 0.100622
-0.140003, 0.534265, 0.100323
-0.130361, 0.534319, 0.0998287
-0.120707, 0.534331, 0.0997133
-0.111048, 0.534317, 0.0998454
-0.101396, 0.534343, 0.0996065
-0.0917513, 0.534411, 0.0989814
-0.0821044, 0.534484, 0.0983148
-0.0724664, 0.53464, 0.0968795
-0.0628234, 0.534805, 0.0953736
-0.0531514, 0.534736, 0.0960016
-0.043477, 0.534605, 0.0972023
-0.0338027, 0.534404, 0.0990458
-0.0241355, 0.534201, 0.100913
-0.0144762, 0.53401, 0.10266
-0.00482384, 0.533836, 0.104256
0.0048223, 0.533665, 0.10582
0.0144622, 0.533491, 0.107419
0.0240966, 0.533339, 0.10881
0.0337261, 0.533194, 0.110145
0.0433504, 0.533049, 0.111477
0.0529694, 0.532904, 0.112801
0.062592, 0.532835, 0.113438
0.0722162, 0.532795, 0.113805
0.0818389, 0.532756, 0.114163
0.0914637, 0.532736, 0.114345
0.101105, 0.532809, 0.113678
0.110754, 0.532905, 0.112798
0.12041, 0.533013, 0.111801
0.130072, 0.533135, 0.11068
0.139745, 0.533279, 0.10936
0.149424, 0.533428, 0.107997
0.159111, 0.533584, 0.106569
0.168799, 0.533727, 0.105253
0.178447, 0.533732, 0.105206
0.188034, 0.533566, 0.106735
0.197649, 0.533492, 0.107408
0.207281, 0.533467, 0.107637
0.216855, 0.533303, 0.109144
0.226371, 0.533015, 0.11179
0.235945, 0.532882, 0.113004
0.245532, 0.532788, 0.113866
0.255082, 0.532625, 0.115365
0.264659, 0.532526, 0.116273
0.274349, 0.532653, 0.115102
0.284059, 0.532811, 0.113652
0.293803, 0.533019, 0.111749
0.303602, 0.533312, 0.109059
0.313411, 0.533602, 0.106403
0.32328, 0.533975, 0.102978
0.333262, 0.534508, 0.0980949
0.343285, 0.535074, 0.0929055
0.353509, 0.535913, 0.085207
0.363851, 0.536883, 0.0763159
0.374384, 0.538076, 0.0653677
0.38528, 0.539717, 0.0503254
0.396785, 0.54211, 0.0283742
0.40816, 0.544214, 0.0090847
0.418458, 0.544816, 0.00355577
0.736036, 0.546676, -0.013495
0.743765, 0.545099, 0.000961781
0.753674, 0.545141, 0.000580788
-0.260371, 0.556767, 0.0140967
-0.250121, 0.555825, 0.0225368
-0.239853, 0.554762, 0.0320539
-0.229614, 0.55368, 0.0417471
-0.219102, 0.551812, 0.0584722
-0.208568, 0.549714, 0.0772638
-0.19848, 0.548644, 0.0868435
-0.188535, 0.547879, 0.0936947
-0.178748, 0.547517, 0.09693
-0.169055, 0.547416, 0.097836
-0.159338, 0.547221, 0.0995822
-0.149709, 0.547323, 0.0986686
-0.140081, 0.547443, 0.0975976
-0.130413, 0.547412, 0.0978727
-0.120768, 0.547482, 0.0972438
-0.111121, 0.547552, 0.0966182
-0.101456, 0.547541, 0.096715
-0.0918095, 0.547635, 0.0958757
-0.0821655, 0.54777, 0.0946655
-0.0725317, 0.548017, 0.0924606
-0.0628935, 0.548303, 0.0898995
-0.0532155, 0.548281, 0.0900946
-0.0435326, 0.548188, 0.0909247
-0.0338468, 0.547995, 0.0926533
-0.0241689, 0.547828, 0.0941486
-0.0144972, 0.54767, 0.0955606
-0.00483094, 0.547504, 0.0970521
0.00482929, 0.547317, 0.0987267
0.0144824, 0.547111, 0.100566
0.0241283, 0.546909, 0.102378
0.0337674, 0.54671, 0.104158
0.043401, 0.54653, 0.10577
0.0530288, 0.546357, 0.107319
0.0626568, 0.546239, 0.108381
0.072285, 0.546153, 0.10915
0.0819139, 0.546093, 0.109688
0.0915435, 0.546049, 0.11008
0.101187, 0.54609, 0.109712
0.110836, 0.546149, 0.109184
0.12049, 0.546222, 0.108535
0.130151, 0.546314, 0.107706
0.139825, 0.546441, 0.106565
0.149504, 0.546575, 0.105371
0.159189, 0.546708, 0.104177
0.168867, 0.546807, 0.103289
0.178503, 0.546766, 0.103656
0.188083, 0.546567, 0.105445
0.197701, 0.546492, 0.106118
0.207332, 0.546457, 0.106427
0.216909, 0.54629, 0.107922
0.226426, 0.545992, 0.11059
0.23599, 0.545828, 0.11206
0.245579, 0.545732, 0.112922
0.255162, 0.545629, 0.113842
0.264797, 0.545643, 0.113717
0.274502, 0.545793, 0.112369
0.284231, 0.545981, 0.110691
0.294007, 0.546242, 0.108352
0.303837, 0.546586, 0.105276
0.313681, 0.546931, 0.102183
0.3236, 0.547383, 0.098134
0.333606, 0.547952, 0.0930419
0.343709, 0.548643, 0.0868492
0.353998, 0.549585, 0.0784144
0.364413, 0.550669, 0.0687094
0.375032, 0.551996, 0.0568285
0.386037, 0.553808, 0.0405951
0.397371, 0.555993, 0.0210342
0.407844, 0.556895, 0.0129495
0.417953, 0.55727, 0.00959444
0.428142, 0.557733, 0.00545359
0.696197, 0.559591, -0.0111871
0.704818, 0.558597, -0.002285
0.714135, 0.558175, 0.00149488
0.722923, 0.557355, 0.00883198
0.732728, 0.557332, 0.00903702
0.742582, 0.557346, 0.0089159
0.752651, 0.557519, 0.0073657
-0.260247, 0.569597, 0.0164628
-0.250066, 0.568777, 0.0236444
-0.239932, 0.568002, 0.0304236
-0.229795, 0.567155, 0.0378351
-0.219627, 0.566149, 0.0466371
-0.209205, 0.564366, 0.0622358
-0.198873, 0.562664, 0.0771255
-0.188842, 0.561685, 0.0856881
-0.179003, 0.5612, 0.0899358
-0.169254, 0.560957, 0.0920572
-0.159546, 0.56083, 0.0931749
-0.14984, 0.560692, 0.0943766
-0.14018, 0.560721, 0.0941215
-0.130517, 0.560741, 0.0939531
-0.120863, 0.560804, 0.0933986
-0.111203, 0.560851, 0.092989
-0.101526, 0.560807, 0.0933685
-0.0918688, 0.560883, 0.0927067
-0.0822324, 0.561115, 0.0906739
-0.0726021, 0.561456, 0.0876923
-0.0629713, 0.561898, 0.0838256
-0.0532884, 0.561951, 0.0833645
-0.043598, 0.561929, 0.0835533
-0.0339047, 0.561849, 0.0842552
-0.0242115, 0.561707, 0.0854959
-0.0145227, 0.561543, 0.0869355
-0.0048395, 0.56138, 0.0883598
0.00483791, 0.561195, 0.0899739
0.014509, 0.561011, 0.0915885
0.0241726, 0.560805, 0.0933943
0.0338283, 0.560583, 0.0953355
0.0434764, 0.560361, 0.097271
0.0531182, 0.560156, 0.0990663
0.0627579, 0.559993, 0.100493
0.0723953, 0.559856, 0.10169
0.0820277, 0.559719, 0.102895
0.0916565, 0.559587, 0.104046
0.101301, 0.55957, 0.104198
0.110955, 0.5596, 0.103937
0.12061, 0.559629, 0.103676
0.130269, 0.559675, 0.103279
0.139937, 0.55975, 0.102621
0.149616, 0.559853, 0.101716
0.159299, 0.559961, 0.100777
0.168968, 0.560008, 0.100366
0.178605, 0.55995, 0.100872
0.188182, 0.559721, 0.102874
0.197812, 0.559662, 0.103393
0.207434, 0.55959, 0.104024
0.216983, 0.559335, 0.106251
0.226513, 0.559052, 0.108726
0.236074, 0.55887, 0.110321
0.245674, 0.558787, 0.111043
0.255314, 0.5588, 0.110934
0.264987, 0.558883, 0.110209
0.274737, 0.559113, 0.108192
0.284508, 0.559372, 0.105925
0.294328, 0.559706, 0.103003
0.304167, 0.560054, 0.0999579
0.314011, 0.560388, 0.0970364
0.323973, 0.560909, 0.0924816
0.334004, 0.561514, 0.0871825
0.344213, 0.562377, 0.0796394
0.354581, 0.563444, 0.0702987
0.365166, 0.56479, 0.0585265
0.375874, 0.566251, 0.0457411
0.386956, 0.568188, 0.0287929
0.397931, 0.569876, 0.0140257
0.407787, 0.569919, 0.0136485
0.417572, 0.569863, 0.0141387
0.427565, 0.570086, 0.0121856
0.437707, 0.570494, 0.00861883
0.68545, 0.57203, -0.00481987
0.694229, 0.571139, 0.00297928
0.703271, 0.570485, 0.00869513
0.71223, 0.569784, 0.0148277
0.721905, 0.569667, 0.0158558
0.7322, 0.570035, 0.0126371
0.742765, 0.570601, 0.00768423
-0.260298, 0.582804, 0.0154972
-0.250082, 0.581891, 0.0233097
-0.239978, 0.581172, 0.0294614
-0.229935, 0.580545, 0.0348172
-0.219835, 0.579712, 0.0419421
-0.209791, 0.578959, 0.0483894
-0.199658, 0.577871, 0.0576901
-0.18954, 0.576721, 0.0675297
-0.179509, 0.575722, 0.0760722
-0.169632, 0.575132, 0.0811186
-0.159853, 0.574826, 0.0837369
-0.150142, 0.574737, 0.0844932
-0.140425, 0.574614, 0.085546
-0.130725, 0.574544, 0.086144
-0.121008, 0.574384, 0.0875106
-0.111304, 0.574265, 0.0885358
-0.101627, 0.574274, 0.0884557
-0.0919618, 0.574358, 0.0877366
-0.0823106, 0.574561, 0.0860023
-0.0726731, 0.574924, 0.0828929
-0.0630403, 0.575445, 0.0784407
-0.0533588, 0.575629, 0.0768681
-0.0436644, 0.575722, 0.0760684
-0.03396, 0.575702, 0.0762386
-0.0242552, 0.575657, 0.0766239
-0.0145512, 0.57558, 0.0772891
-0.0048494, 0.57546, 0.0783081
0.00484828, 0.575327, 0.0794501
0.0145409, 0.575173, 0.0807652
0.0242267, 0.574982, 0.0823994
0.0339034, 0.574743, 0.0844445
0.0435715, 0.574497, 0.086544
0.053231, 0.57425, 0.0886641
0.0628835, 0.574014, 0.0906811
0.0725317, 0.573806, 0.0924587
0.0821759, 0.57362, 0.0940442
0.0918156, 0.573445, 0.0955462
0.101467, 0.573368, 0.0962043
0.111129, 0.573359, 0.0962763
0.120792, 0.573357, 0.0962977
0.130456, 0.573361, 0.0962639
0.140123, 0.573376, 0.0961347
0.149787, 0.573378, 0.0961156
0.159448, 0.573369, 0.0961976
0.169111, 0.573366, 0.0962234
0.178754, 0.573301, 0.0967803
0.188348, 0.573092, 0.098568
0.197987, 0.573034, 0.0990601
0.207552, 0.572779, 0.101245
0.217048, 0.572364, 0.104792
0.22659, 0.572099, 0.107056
0.236163, 0.571932, 0.108481
0.245854, 0.572053, 0.10745
0.255551, 0.572177, 0.106392
0.26525, 0.572298, 0.105357
0.275024, 0.572564, 0.103082
0.28482, 0.572858, 0.100568
0.294665, 0.573229, 0.097393
0.304531, 0.573615, 0.0940948
0.314448, 0.574069, 0.0902104
0.324463, 0.57467, 0.0850677
0.334539, 0.575342, 0.079318
0.344924, 0.576493, 0.0694766
0.355514, 0.577913, 0.0573316
0.366247, 0.579485, 0.043891
0.377276, 0.581429, 0.0272584
0.387918, 0.582695, 0.0164332
0.408242, 0.583671, 0.00808954
0.417821, 0.58331, 0.0111709
0.427309, 0.582842, 0.0151739
0.437202, 0.582936, 0.01437
0.447458, 0.583498, 0.00956202
0.675927, 0.585474, -0.00733805
0.68461, 0.584463, 0.00130844
0.693305, 0.583491, 0.00962448
0.702342, 0.58283, 0.0152822
0.712133, 0.582803, 0.0155091
0.722135, 0.582948, 0.0142717
0.733085, 0.583844, 0.0066061
0.743035, 0.58393, 0.00586653
-0.260517, 0.596404, 0.0112929
-0.250166, 0.595167, 0.0216417
-0.240041, 0.594386, 0.0281687
-0.230011, 0.593788, 0.0331736
-0.219913, 0.592951, 0.0401769
-0.209949, 0.592416, 0.0446529
-0.199994, 0.591853, 0.0493622
-0.190055, 0.591282, 0.0541358
-0.180179, 0.590858, 0.0576863
-0.170267, 0.590259, 0.0626969
-0.160388, 0.589711, 0.0672765
-0.150578, 0.589357, 0.0702343
-0.140836, 0.589245, 0.0711751
-0.131077, 0.589036, 0.0729232
-0.121325, 0.588829, 0.0746565
-0.111565, 0.588546, 0.077023
-0.101812, 0.588247, 0.0795212
-0.0920883, 0.588073, 0.0809808
-0.0823987, 0.588101, 0.0807424
-0.0727437, 0.588415, 0.078114
-0.0631037, 0.588968, 0.0734921
-0.0534214, 0.589254, 0.0710955
-0.0437207, 0.589419, 0.0697179
-0.0340093, 0.589495, 0.0690837
-0.0242912, 0.589466, 0.069325
-0.0145755, 0.589497, 0.0690637
-0.00485892, 0.589547, 0.0686502
0.0048583, 0.589471, 0.0692835
0.0145729, 0.589389, 0.069972
0.0242861, 0.589343, 0.0703578
0.0339904, 0.589167, 0.0718293
0.0436796, 0.588866, 0.074347
0.0533608, 0.588586, 0.0766873
0.0630331, 0.588309, 0.0790081
0.0727005, 0.588066, 0.081038
0.082364, 0.587853, 0.0828195
0.0920219, 0.587649, 0.0845256
0.101682, 0.587494, 0.085825
0.111351, 0.587417, 0.0864635
0.121022, 0.587361, 0.0869298
0.13069, 0.587298, 0.0874648
0.140351, 0.587218, 0.0881319
0.150017, 0.587164, 0.088583
0.159672, 0.587078, 0.089303
0.169324, 0.586989, 0.0900416
0.178959, 0.586858, 0.0911403
0.188552, 0.586605, 0.0932536
0.198143, 0.586376, 0.0951762
0.207609, 0.585813, 0.0998831
0.217114, 0.585404, 0.103303
0.226666, 0.585153, 0.105402
0.236295, 0.585112, 0.105746
0.246045, 0.585362, 0.103658
0.2558, 0.585605, 0.101623
0.265571, 0.585867, 0.0994334
0.275404, 0.586241, 0.0963063
0.285257, 0.586631, 0.0930429
0.295136, 0.587047, 0.0895576
0.305059, 0.587522, 0.0855899
0.31507, 0.588131, 0.0804892
0.325255, 0.589019, 0.0730648
0.335726, 0.590358, 0.0618625
0.346441, 0.59204, 0.0477943
0.357094, 0.593526, 0.035368
0.367411, 0.594389, 0.0281453
0.418317, 0.597128, 0.00523996
0.42762, 0.596375, 0.011538
0.436974, 0.595725, 0.0169687
0.447018, 0.596024, 0.0144734
0.457453, 0.59682, 0.00781155
0.666588, 0.599107, -0.0113149
0.675335, 0.598107, -0.00295544
0.68366, 0.596768, 0.00824976
0.692702, 0.596085, 0.0139647
0.70241, 0.595985, 0.0148005
0.712397, 0.596121, 0.013658
0.723085, 0.596832, 0.00770903
0.73363, 0.597408, 0.0028944
-0.378237, 0.609109, 0.0145845
-0.368704, 0.609591, 0.010643
-0.359089, 0.60996, 0.00762653
-0.349316, 0.610073, 0.00669432
-0.250281, 0.608525, 0.0193644
-0.240113, 0.607632, 0.0266747
-0.230042, 0.606919, 0.0325108
-0.219971, 0.606142, 0.0388746
-0.209938, 0.605403, 0.0449219
-0.200031, 0.604971, 0.0484595
-0.190191, 0.604711, 0.0505881
-0.180365, 0.604468, 0.0525746
-0.170546, 0.604219, 0.0546126
-0.160729, 0.603951, 0.0568013
-0.150927, 0.603707, 0.0588036
-0.141162, 0.603591, 0.0597506
-0.131411, 0.603518, 0.0603514
-0.121647, 0.603371, 0.0615549
-0.111881, 0.603187, 0.0630598
-0.102115, 0.602966, 0.064867
-0.0923464, 0.602682, 0.067194
-0.0825713, 0.602285, 0.0704384
-0.0728314, 0.602072, 0.0721807
-0.0631582, 0.602432, 0.0692391
-0.0534797, 0.602862, 0.0657148
-0.0437727, 0.60309, 0.0638485
-0.0340578, 0.603309, 0.0620584
-0.0243344, 0.603492, 0.0605574
-0.0146052, 0.603678, 0.0590358
-0.00487072, 0.603967, 0.0566711
0.0048729, 0.604237, 0.0544653
0.0146173, 0.604181, 0.0549188
0.0243584, 0.604088, 0.0556831
0.0340968, 0.604, 0.0564032
0.0438209, 0.603754, 0.0584168
0.0535276, 0.603402, 0.0612979
0.0632203, 0.603025, 0.0643864
0.0729107, 0.602728, 0.0668135
0.0825991, 0.602488, 0.0687804
0.0922762, 0.602224, 0.0709434
0.101944, 0.601958, 0.0731211
0.111625, 0.601805, 0.0743675
0.121307, 0.601685, 0.0753555
0.130986, 0.601564, 0.0763421
0.140655, 0.601419, 0.0775256
0.150327, 0.601307, 0.0784483
0.15999, 0.601176, 0.0795159
0.169638, 0.601004, 0.0809216
0.179259, 0.600761, 0.0829163
0.18886, 0.600476, 0.0852447
0.19842, 0.6001, 0.0883279
0.207861, 0.599412, 0.093956
0.217383, 0.599012, 0.097229
0.226982, 0.598846, 0.0985913
0.236694, 0.598982, 0.097476
0.246465, 0.599249, 0.0952921
0.256229, 0.599479, 0.0934048
0.266046, 0.599813, 0.090672
0.275955, 0.600323, 0.0865011
0.285878, 0.600828, 0.0823622
0.295922, 0.601547, 0.0764837
0.306067, 0.602417, 0.0693598
0.316429, 0.603648, 0.0592823
0.327178, 0.605523, 0.0439396
0.337263, 0.606095, 0.0392556
0.427977, 0.60999, 0.00737476
0.436986, 0.608834, 0.0168414
0.446641, 0.608609, 0.0186787
0.456875, 0.609167, 0.0141134
0.46733, 0.609989, 0.00738955
0.477552, 0.610479, 0.00337744
0.657746, 0.613237, -0.019197
0.665943, 0.611681, -0.00646544
0.67415, 0.610179, 0.00582647
0.683125, 0.609406, 0.0121546
0.692718, 0.609199, 0.0138493
0.702817, 0.609436, 0.0119138
0.713045, 0.609776, 0.00912857
0.72403, 0.610746, 0.00118971
0.734299, 0.611095, -0.00166464
-0.387867, 0.621896, 0.0170884
-0.377807, 0.621501, 0.0202532
-0.368026, 0.621556, 0.0198154
-0.358223, 0.621575, 0.0196633
-0.348716, 0.622122, 0.0152788
-0.339706, 0.623614, 0.00332069
-0.250574, 0.622341, 0.0135245
-0.240172, 0.620853, 0.0254502
-0.230085, 0.620086, 0.031589
-0.219913, 0.619015, 0.0401721
-0.209891, 0.618283, 0.0460362
-0.200024, 0.617961, 0.0486159
-0.190217, 0.617798, 0.0499263
-0.180414, 0.617635, 0.0512276
-0.170621, 0.617486, 0.0524225
-0.160836, 0.61735, 0.0535169
-0.151055, 0.617215, 0.0545964
-0.141282, 0.617096, 0.0555472
-0.131525, 0.617029, 0.0560832
-0.121786, 0.617049, 0.0559278
-0.112084, 0.617276, 0.0541058
-0.102388, 0.617581, 0.0516634
-0.0926232, 0.617488, 0.0524092
-0.0828339, 0.617194, 0.0547638
-0.0730547, 0.616906, 0.0570712
-0.063275, 0.616525, 0.0601211
-0.0535529, 0.61667, 0.0589662
-0.043849, 0.617133, 0.0552545
-0.0341284, 0.617561, 0.0518255
-0.0243953, 0.618014, 0.0481935
-0.0146462, 0.618392, 0.0451641
-0.00488501, 0.618766, 0.0421681
0.00488837, 0.619191, 0.0387621
0.0146738, 0.619559, 0.0358171
0.0244548, 0.619523, 0.0361023
0.0342274, 0.619352, 0.0374727
0.0439953, 0.619193, 0.0387511
0.0537476, 0.618913, 0.0409942
0.0634839, 0.618561, 0.0438118
0.0732013, 0.618144, 0.0471516
0.08291, 0.617761, 0.0502172
0.0926143, 0.617428, 0.052886
0.10231, 0.617109, 0.0554457
0.112007, 0.616852, 0.0575032
0.121701, 0.616617, 0.0593891
0.131386, 0.61638, 0.0612841
0.141064, 0.616142, 0.0631948
0.150746, 0.61595, 0.0647302
0.160416, 0.615739, 0.0664201
0.170075, 0.615508, 0.068275
0.179732, 0.615299, 0.0699477
0.189386, 0.615099, 0.0715475
0.199001, 0.614801, 0.0739388
0.208579, 0.61442, 0.0769916
0.218144, 0.614036, 0.080071
0.227655, 0.613539, 0.0840516
0.237353, 0.613567, 0.0838275
0.247173, 0.613894, 0.081202
0.257013, 0.614245, 0.078392
0.266955, 0.614805, 0.0739079
0.276969, 0.615486, 0.0684466
0.28706, 0.616287, 0.0620322
0.297359, 0.617467, 0.0525799
0.307843, 0.618944, 0.0407405
0.318024, 0.619739, 0.0343695
0.428179, 0.623402, 0.00502014
0.43757, 0.622759, 0.0101743
0.446582, 0.621616, 0.0193357
0.456325, 0.621518, 0.0201154
0.466303, 0.621737, 0.0183649
0.476489, 0.622219, 0.0145006
0.486918, 0.622992, 0.0083046
0.497082, 0.623403, 0.00501585
0.50802, 0.62475, -0.00577879
0.628236, 0.626587, -0.0204954
0.637332, 0.625804, -0.014225
0.64692, 0.625521, -0.0119553
0.656162, 0.624917, -0.00711298
0.664525, 0.623505, 0.00419521
0.673571, 0.622767, 0.0101137
0.683114, 0.622502, 0.0122375
0.693228, 0.622758, 0.0101833
0.70334, 0.623005, 0.00820065
0.714377, 0.624053, -0.000194073
0.724372, 0.624175, -0.00117111
-0.398057, 0.635581, 0.0124397
-0.387601, 0.634553, 0.020503
-0.377675, 0.634363, 0.0219941
-0.367761, 0.634183, 0.023407
-0.358182, 0.634588, 0.0202355
-0.348309, 0.634478, 0.0210929
-0.339204, 0.635802, 0.0107055
-0.329752, 0.636535, 0.00495052
-0.25056, 0.635406, 0.0138121
-0.240191, 0.633975, 0.0250459
-0.230074, 0.63311, 0.0318289
-0.219837, 0.631827, 0.0419006
-0.209869, 0.631233, 0.0465584
-0.200043, 0.631029, 0.0481567
-0.190253, 0.630925, 0.0489783
-0.180481, 0.630871, 0.0493999
-0.170695, 0.630757, 0.0502949
-0.160908, 0.630629, 0.0512967
-0.151126, 0.630505, 0.052269
-0.14135, 0.630389, 0.053185
-0.131594, 0.630351, 0.0534806
-0.121872, 0.630484, 0.0524392
-0.112191, 0.630872, 0.0493889
-0.102521, 0.631397, 0.0452728
-0.0928294, 0.631892, 0.0413918
-0.0830984, 0.6322, 0.0389719
-0.0733262, 0.632234, 0.0387039
-0.0635563, 0.632304, 0.0381551
-0.0537783, 0.632302, 0.038168
-0.0440046, 0.632362, 0.0377035
-0.0342439, 0.632697, 0.0350728
-0.0244796, 0.633205, 0.0310831
-0.0147011, 0.633778, 0.0265889
-0.00490554, 0.634447, 0.021337
0.00491021, 0.635051, 0.0165954
0.0147178, 0.634499, 0.0209322
0.0245549, 0.635153, 0.0157971
0.0343822, 0.635251, 0.0150256
0.0441979, 0.63514, 0.0159006
0.053995, 0.634851, 0.0181675
0.063772, 0.63445, 0.0213175
0.0735187, 0.633894, 0.0256758
0.0832739, 0.633535, 0.0284963
0.0930234, 0.633212, 0.0310326
0.102765, 0.632899, 0.0334883
0.112474, 0.632461, 0.0369248
0.122404, 0.633239, 0.030817
0.132211, 0.633306, 0.0302892
0.141806, 0.632421, 0.0372353
0.151487, 0.632008, 0.0404744
0.16116, 0.631615, 0.04356
0.170825, 0.631238, 0.0465193
0.180476, 0.630853, 0.0495405
0.190148, 0.630578, 0.0517025
0.199828, 0.630351, 0.0534844
0.2095, 0.630123, 0.0552702
0.219177, 0.629932, 0.0567679
0.228922, 0.629941, 0.0567017
0.238703, 0.630045, 0.0558801
0.248532, 0.630265, 0.0541573
0.258495, 0.630792, 0.0500183
0.268618, 0.63166, 0.0432124
0.278121, 0.631058, 0.0479331
0.288821, 0.633122, 0.031734
0.438206, 0.636793, 0.00292492
0.447217, 0.635605, 0.0122528
0.456435, 0.634755, 0.018919
0.466086, 0.634531, 0.0206819
0.475946, 0.634595, 0.0201759
0.48594, 0.634831, 0.0183272
0.496027, 0.635176, 0.0156202
0.506285, 0.635724, 0.0113182
0.516843, 0.636619, 0.00429583
0.527446, 0.637536, -0.00290346
0.537682, 0.637984, -0.00641632
0.54746, 0.637881, -0.00560904
0.557462, 0.638038, -0.00684357
0.567432, 0.638155, -0.00776243
0.577344, 0.638204, -0.00814056
0.58713, 0.638114, -0.00743484
0.59763, 0.638789, -0.0127311
0.606956, 0.638208, -0.00817585
0.616523, 0.637896, -0.00572634
0.62615, 0.637654, -0.00383091
0.63527, 0.636911, 0.00199986
0.644843, 0.636639, 0.00414085
0.654308, 0.63627, 0.00703478
0.663897, 0.63603, 0.00891876
0.673626, 0.635929, 0.00970936
0.683669, 0.636124, 0.00818014
0.693651, 0.636257, 0.0071373
0.704713, 0.637363, -0.00154257
0.715318, 0.638031, -0.0067873
-0.39779, 0.648251, 0.0157857
-0.387445, 0.647376, 0.0225062
-0.377677, 0.647446, 0.0219746
-0.367759, 0.647255, 0.0234365
-0.357855, 0.64708, 0.0247869
-0.348222, 0.647399, 0.0223331
-0.338515, 0.647594, 0.0208297
-0.329148, 0.648471, 0.0140905
-0.319725, 0.649287, 0.00781918
-0.250404, 0.648105, 0.0169048
-0.240189, 0.647039, 0.0251045
-0.230052, 0.646103, 0.0322952
-0.219823, 0.644814, 0.0422096
-0.209889, 0.644309, 0.0460911
-0.200088, 0.644185, 0.0470452
-0.190311, 0.644128, 0.0474825
-0.18054, 0.644088, 0.0477872
-0.170762, 0.644018, 0.0483294
-0.160976, 0.643905, 0.0491972
-0.151193, 0.643791, 0.0500774
-0.141412, 0.643669, 0.0510082
-0.131673, 0.643732, 0.0505276
-0.121959, 0.643944, 0.0488992
-0.112277, 0.644373, 0.0456018
-0.102626, 0.64508, 0.0401645
-0.0929803, 0.645968, 0.0333347
-0.0832986, 0.64679, 0.0270185
-0.0735899, 0.64759, 0.0208631
-0.0638409, 0.648231, 0.0159364
-0.0540665, 0.648798, 0.0115728
-0.0442428, 0.648894, 0.0108409
-0.034418, 0.649025, 0.00982714
0.448026, 0.649884, 0.00322342
0.457581, 0.64947, 0.00640774
0.46683, 0.648648, 0.0127296
0.476186, 0.648006, 0.0176687
0.485892, 0.647856, 0.0188193
0.495771, 0.647939, 0.0181847
0.50574, 0.648133, 0.0166931
0.515776, 0.648404, 0.014605
0.525878, 0.648746, 0.0119762
0.535969, 0.649063, 0.00954008
0.54598, 0.649274, 0.00791883
0.555905, 0.649375, 0.0071373
0.56581, 0.649451, 0.00655556
0.57571, 0.649518, 0.00603676
0.585564, 0.649534, 0.00592041
0.595412, 0.64954, 0.00586987
0.605167, 0.649448, 0.00658131
0.614939, 0.649375, 0.00713634
0.624723, 0.649319, 0.00757313
0.634524, 0.64928, 0.00786686
0.644393, 0.649312, 0.0076232
0.654305, 0.649386, 0.0070591
0.664264, 0.649503, 0.00615883
0.674178, 0.649572, 0.00562239
0.684438, 0.649969, 0.0025692
0.695265, 0.650886, -0.00448036
0.705793, 0.651501, -0.00920486
-0.397541, 0.660933, 0.0189056
-0.387561, 0.660653, 0.0210123
-0.377707, 0.660579, 0.0215731
-0.367803, 0.660411, 0.0228348
-0.357807, 0.660064, 0.0254526
-0.347951, 0.659963, 0.0262141
-0.338164, 0.659992, 0.0259957
-0.328563, 0.660396, 0.0229502
-0.31906, 0.661027, 0.0181975
-0.309568, 0.661722, 0.012959
-0.30024, 0.662824, 0.00464916
-0.260845, 0.662776, 0.00501633
-0.250335, 0.661015, 0.0182819
-0.240192, 0.66012, 0.0250335
-0.230054, 0.659162, 0.0322504
-0.219848, 0.657914, 0.0416522
-0.209932, 0.657461, 0.0450702
-0.200157, 0.657426, 0.04533
-0.190384, 0.657394, 0.0455737
-0.180608, 0.657348, 0.0459204
-0.170829, 0.657284, 0.0464039
-0.161038, 0.657166, 0.047296
-0.151241, 0.657004, 0.0485148
-0.141473, 0.656953, 0.0488977
-0.13175, 0.657121, 0.0476308
-0.122056, 0.657473, 0.0449772
-0.112378, 0.657979, 0.041162
-0.10274, 0.658843, 0.0346513
-0.0931266, 0.660055, 0.0255194
-0.0834962, 0.661421, 0.015223
-0.0737391, 0.662013, 0.0107627
-0.0639111, 0.662054, 0.0104575
0.467785, 0.663105, 0.00253344
0.477516, 0.662942, 0.00375843
0.486788, 0.662163, 0.00963259
0.496206, 0.661608, 0.013814
0.505971, 0.661529, 0.0144143
0.515831, 0.661574, 0.0140748
0.525758, 0.661701, 0.013113
0.535722, 0.66187, 0.0118375
0.545693, 0.662041, 0.0105491
0.555639, 0.662177, 0.00952768
0.565577, 0.662299, 0.00860786
0.575505, 0.662405, 0.00780964
0.585423, 0.662495, 0.00712681
0.595343, 0.662585, 0.00645018
0.605288, 0.6627, 0.00558853
0.615216, 0.662792, 0.0048914
0.625141, 0.662879, 0.00423861
0.635073, 0.66297, 0.00354767
0.644958, 0.663011, 0.00324488
0.654833, 0.663039, 0.00302744
0.665036, 0.663394, 0.000355244
0.675625, 0.664118, -0.00510311
0.686054, 0.664666, -0.00923347
0.696207, 0.664935, -0.0112615
-0.387873, 0.674277, 0.0170107
-0.377763, 0.67376, 0.0208311
-0.367804, 0.67349, 0.0228224
-0.357834, 0.673186, 0.0250711
-0.347797, 0.672733, 0.0284162
-0.337947, 0.672629, 0.0291905
-0.328127, 0.672579, 0.0295601
-0.318455, 0.672838, 0.0276442
-0.308872, 0.673308, 0.0241714
-0.299424, 0.674114, 0.0182133
-0.290221, 0.675542, 0.00766087
-0.260776, 0.67572, 0.00634336
-0.250295, 0.673997, 0.0190792
-0.240202, 0.67322, 0.0248194
-0.23003, 0.672144, 0.0327721
-0.219864, 0.670994, 0.0412726
-0.209986, 0.670651, 0.0438023
-0.200214, 0.670636, 0.0439162
-0.190441, 0.670614, 0.0440764
-0.180672, 0.670603, 0.044158
-0.170885, 0.670518, 0.0447888
-0.161079, 0.670351, 0.0460258
-0.151273, 0.670156, 0.0474648
-0.141533, 0.670249, 0.0467782
-0.131831, 0.670547, 0.0445719
-0.122144, 0.67098, 0.0413742
-0.112486, 0.671658, 0.0363674
-0.102867, 0.672719, 0.0285206
-0.0932735, 0.674188, 0.0176697
-0.0835759, 0.675162, 0.0104666
0.487844, 0.676739, -0.00118637
0.497684, 0.676718, -0.0010314
0.507258, 0.676344, 0.00173569
0.516896, 0.676067, 0.00377846
0.526505, 0.675763, 0.00602436
0.536367, 0.67579, 0.00582695
0.546294, 0.675894, 0.00505495
0.556259, 0.676043, 0.0039587
0.56622, 0.676182, 0.00293159
0.576159, 0.67629, 0.0021348
0.586091, 0.676385, 0.00143099
0.59602, 0.676474, 0.000772476
0.605934, 0.676544, 0.000256538
0.615858, 0.676622, -0.000324726
0.626173, 0.677121, -0.00400972
0.636104, 0.677196, -0.0045619
0.646118, 0.677355, -0.00573778
0.656586, 0.677978, -0.010345
0.666676, 0.678198, -0.0119705
0.676468, 0.678114, -0.0113444
0.686801, 0.678566, -0.0146837
-0.388027, 0.687643, 0.0150323
-0.377922, 0.687131, 0.0187435
-0.367842, 0.686639, 0.0223093
-0.357823, 0.686235, 0.0252347
-0.347788, 0.685779, 0.0285401
-0.337767, 0.685324, 0.0318413
-0.327903, 0.68517, 0.0329595
-0.318053, 0.685038, 0.0339122
-0.308228, 0.68495, 0.0345497
-0.298467, 0.685007, 0.0341353
-0.288922, 0.685577, 0.0300093
-0.279851, 0.687354, 0.0171261
-0.271031, 0.689898, -0.00131655
-0.260555, 0.688257, 0.0105762
-0.250218, 0.686874, 0.0206032
-0.240167, 0.686191, 0.0255518
-0.229967, 0.685008, 0.0341301
-0.219873, 0.68405, 0.0410767
-0.210037, 0.683843, 0.0425768
-0.200265, 0.683832, 0.0426588
-0.19049, 0.68381, 0.0428162
-0.180712, 0.683775, 0.0430684
-0.170911, 0.683643, 0.044023
-0.161092, 0.683421, 0.0456328
-0.151317, 0.683367, 0.0460296
-0.1416, 0.683588, 0.0444274
-0.131902, 0.683938, 0.0418901
-0.122236, 0.684524, 0.0376415
-0.112625, 0.685542, 0.0302615
-0.103016, 0.686774, 0.0213308
-0.0933882, 0.688123, 0.0115457
-0.0836092, 0.688546, 0.0084796
0.50818, 0.69073, -0.00735283
0.517937, 0.690583, -0.00628281
0.52812, 0.690999, -0.00929832
0.538, 0.691009, -0.00937605
0.547875, 0.691014, -0.00940943
0.557813, 0.691095, -0.00999689
0.567753, 0.691178, -0.0105958
0.577683, 0.691245, -0.0110822
0.587598, 0.691292, -0.0114264
0.597516, 0.691341, -0.0117817
0.607448, 0.691404, -0.012239
0.617429, 0.69152, -0.0130801
0.627292, 0.691503, -0.0129528
0.637036, 0.691357, -0.0118928
0.647072, 0.691528, -0.0131326
-0.3781, 0.70055, 0.0163884
-0.367937, 0.699898, 0.0210247
-0.357796, 0.699255, 0.0255985
-0.347742, 0.698749, 0.0291996
-0.33768, 0.698199, 0.0331097
-0.327687, 0.697761, 0.0362291
-0.317757, 0.697435, 0.0385461
-0.307863, 0.697171, 0.0404248
-0.298118, 0.697238, 0.039947
-0.288443, 0.697479, 0.0382357
-0.278803, 0.697822, 0.0357938
-0.269447, 0.69893, 0.0279117
-0.260402, 0.700955, 0.0135016
-0.250137, 0.699729, 0.0222273
-0.240014, 0.698816, 0.0287228
-0.229817, 0.697599, 0.0373778
-0.219894, 0.697146, 0.0406046
-0.210089, 0.697038, 0.0413675
-0.20031, 0.697012, 0.0415578
-0.190527, 0.696972, 0.041841
-0.180733, 0.696881, 0.0424891
-0.170916, 0.696685, 0.0438848
-0.161115, 0.696537, 0.0449328
-0.151383, 0.69669, 0.0438485
-0.141685, 0.697024, 0.0414724
-0.13201, 0.697535, 0.0378351
-0.122394, 0.698462, 0.0312419
-0.112793, 0.699646, 0.0228195
-0.103161, 0.700837, 0.0143471
-0.0934266, 0.701519, 0.00949144
-0.378187, 0.713807, 0.0152545
-0.367976, 0.713055, 0.0205007
-0.357819, 0.71237, 0.0252862
-0.347579, 0.711475, 0.0315332
-0.337469, 0.710804, 0.0362206
-0.327481, 0.710357, 0.0393448
-0.317575, 0.710066, 0.0413766
-0.307755, 0.709953, 0.0421677
-0.298006, 0.710003, 0.0418153
-0.288316, 0.710202, 0.0404282
-0.278661, 0.710504, 0.038321
-0.269004, 0.710824, 0.0360861
-0.259676, 0.712067, 0.0273995
-0.250054, 0.712572, 0.0238791
-0.239777, 0.711175, 0.0336347
-0.229746, 0.71042, 0.0389009
-0.219918, 0.710254, 0.0400667
-0.210128, 0.710198, 0.040451
-0.200339, 0.710144, 0.0408316
-0.19054, 0.710045, 0.0415235
-0.180721, 0.709858, 0.0428276
-0.170917, 0.709712, 0.0438485
-0.161174, 0.709816, 0.0431223
-0.151478, 0.710153, 0.040771
-0.141813, 0.710693, 0.0369945
-0.132223, 0.711718, 0.0298386
-0.122627, 0.712874, 0.0217695
-0.112993, 0.713985, 0.014009
-0.103248, 0.714543, 0.0101151
-0.368227, 0.726634, 0.0171027
-0.357842, 0.725489, 0.02496
-0.347493, 0.724351, 0.0327621
-0.33733, 0.723548, 0.0382671
-0.327376, 0.723159, 0.0409317
-0.317502, 0.722929, 0.0425143
-0.307688, 0.722822, 0.0432444
-0.297928, 0.722842, 0.0431118
-0.288227, 0.72301, 0.0419598
-0.278544, 0.723236, 0.0404043
-0.268878, 0.723527, 0.038413
-0.259332, 0.724172, 0.033987
-0.249896, 0.72519, 0.027009
-0.239651, 0.723845, 0.0362339
-0.229749, 0.723464, 0.0388412
-0.219947, 0.723383, 0.039402
-0.210149, 0.723305, 0.0399318
-0.200345, 0.723197, 0.0406733
-0.190523, 0.723008, 0.0419679
-0.18072, 0.722881, 0.0428386
-0.170994, 0.723058, 0.0416265
-0.161308, 0.723441, 0.0389996
-0.151648, 0.723998, 0.0351801
-0.142066, 0.725029, 0.0281115
-0.132471, 0.726137, 0.0205145
-0.122852, 0.727284, 0.0126486
-0.11311, 0.727836, 0.0088644
-0.368518, 0.740313, 0.0131574
-0.357945, 0.738771, 0.0235395
-0.347603, 0.737635, 0.0311913
-0.337344, 0.736616, 0.0380611
-0.32728, 0.735973, 0.0423899
-0.317428, 0.735781, 0.0436807
-0.307634, 0.735717, 0.0441175
-0.29788, 0.735747, 0.0439138
-0.288154, 0.735852, 0.0432076
-0.278463, 0.736055, 0.0418386
-0.268796, 0.736338, 0.0399299
-0.259245, 0.736973, 0.0356512
-0.249678, 0.73761, 0.031363
-0.2396, 0.73673, 0.037292
-0.229771, 0.736572, 0.038353
-0.219957, 0.736448, 0.0391922
-0.210141, 0.736309, 0.0401297
-0.200313, 0.736109, 0.0414739
-0.190523, 0.736037, 0.0419579
-0.18082, 0.736313, 0.0401001
-0.171171, 0.736849, 0.0364919
-0.161568, 0.737662, 0.0310106
-0.151989, 0.738698, 0.0240331
-0.142357, 0.739603, 0.0179381
-0.132708, 0.740544, 0.0115991
-0.122909, 0.74073, 0.0103493
-0.357977, 0.751914, 0.0230932
-0.347751, 0.751011, 0.0290694
-0.337518, 0.75004, 0.0354981
-0.327198, 0.74881, 0.0436382
-0.317355, 0.748632, 0.0448213
-0.307572, 0.748588, 0.0451102
-0.297837, 0.748661, 0.0446272
-0.288124, 0.748797, 0.0437264
-0.278433, 0.749, 0.0423832
-0.268779, 0.749324, 0.040236
-0.259244, 0.750015, 0.0356679
-0.249477, 0.750062, 0.0353518
-0.239602, 0.749774, 0.0372615
-0.229764, 0.749586, 0.0385046
-0.219927, 0.749382, 0.0398555
-0.210095, 0.749175, 0.0412273
-0.200323, 0.749174, 0.0412331
-0.190658, 0.749597, 0.0384316
-0.181066, 0.750362, 0.03337
-0.171508, 0.75137, 0.0266967
-0.161887, 0.752203, 0.021183
-0.152254, 0.753085, 0.0153461
-0.142564, 0.753787, 0.0106978
-0.13278, 0.754059, 0.00889683
-0.357419, 0.763799, 0.0308523
-0.347179, 0.762816, 0.0372415
-0.337143, 0.762237, 0.0410142
-0.327109, 0.761628, 0.0449758
-0.317307, 0.761538, 0.0455608
-0.307553, 0.76156, 0.0454154
-0.29783, 0.761663, 0.0447459
-0.28812, 0.761808, 0.0438042
-0.278436, 0.762036, 0.0423212
-0.268835, 0.762514, 0.0392122
-0.259148, 0.762775, 0.0375133
-0.249347, 0.762709, 0.037941
-0.239531, 0.762587, 0.0387325
-0.229705, 0.762424, 0.0397921
-0.219879, 0.762248, 0.0409427
-0.210145, 0.762386, 0.040041
-0.200528, 0.762983, 0.0361552
-0.191003, 0.764011, 0.0294704
-0.181436, 0.764975, 0.0231962
-0.171798, 0.765726, 0.0183125
-0.162158, 0.766566, 0.0128474
-0.15242, 0.767019, 0.009902
-0.347254, 0.776024, 0.0361681
-0.337018, 0.774978, 0.0428586
-0.327131, 0.774699, 0.0446405
-0.317329, 0.774609, 0.0452161
-0.307582, 0.774651, 0.0449481
-0.297853, 0.774745, 0.0443501
-0.288156, 0.774928, 0.0431747
-0.278506, 0.775257, 0.0410733
-0.268814, 0.775489, 0.0395908
-0.259038, 0.775485, 0.0396123
-0.249243, 0.775424, 0.0400062
-0.239447, 0.775353, 0.040462
-0.229683, 0.775382, 0.0402727
-0.220008, 0.775734, 0.0380254
-0.210459, 0.776579, 0.0326171
-0.200961, 0.777702, 0.0254331
-0.19137, 0.778565, 0.0199108
-0.181747, 0.779382, 0.0146871
-0.172046, 0.779943, 0.0111017
-0.162237, 0.780049, 0.0104218
-0.34853, 0.791964, 0.0179367
-0.337482, 0.789089, 0.0360265
-0.327298, 0.78812, 0.0421209
-0.317412, 0.787834, 0.0439205
-0.307653, 0.787853, 0.043798
-0.297949, 0.788019, 0.0427547
-0.288244, 0.788191, 0.0416732
-0.278501, 0.788272, 0.0411649
-0.268738, 0.788299, 0.0409927
-0.25898, 0.788342, 0.0407214
-0.249231, 0.788417, 0.0402517
-0.239557, 0.788744, 0.0381918
-0.229998, 0.789496, 0.0334649
-0.220487, 0.790486, 0.0272398
-0.210961, 0.791513, 0.0207777
-0.201379, 0.792418, 0.0150828
-0.191713, 0.793069, 0.0109854
-0.181921, 0.793242, 0.00989819
-0.348502, 0.80499, 0.0183401
-0.338459, 0.804454, 0.0216517
-0.328067, 0.803029, 0.0304737
-0.317611, 0.801357, 0.0408192
-0.307708, 0.801018, 0.0429158
-0.297952, 0.80105, 0.0427179
-0.288219, 0.801152, 0.042088
-0.278537, 0.801406, 0.0405178
-0.268883, 0.80176, 0.0383234
-0.259276, 0.802289, 0.0350494
-0.249748, 0.803112, 0.0299578
-0.240223, 0.804011, 0.0243983
-0.230699, 0.804994, 0.0183134
-0.221069, 0.805674, 0.0141039
-0.211369, 0.806151, 0.0111518
-0.201547, 0.80619, 0.0109143
-0.340378, 0.82217, -0.00657225
-0.327955, 0.815809, 0.0321622
-0.317118, 0.813122, 0.0485215
-0.307558, 0.813646, 0.0453315
-0.298231, 0.81484, 0.0380616
-0.288769, 0.815732, 0.0326319
-0.27926, 0.816551, 0.0276451
-0.269784, 0.817528, 0.0216937
-0.260176, 0.818163, 0.0178261
-0.250557, 0.818812, 0.0138726
-0.240749, 0.818873, 0.0135012
-0.231045, 0.819308, 0.0108566
-0.338029, 0.82956, 0.0279765
-0.32671, 0.825716, 0.0510187
-0.317161, 0.826245, 0.0478487
-0.308647, 0.82959, 0.0278015
-0.299548, 0.831534, 0.016149
-0.289771, 0.831658, 0.0154042
-0.280145, 0.832245, 0.0118852
-0.336627, 0.839128, 0.0486073
-0.327061, 0.839618, 0.0457149
