-0.169081, 0.0193235, 0.0970726
-0.159296, 0.0193086, 0.100863
-0.14966, 0.0193109, 0.100283
-0.14011, 0.0193255, 0.0965667
-0.13058, 0.0193451, 0.0915942
-0.121094, 0.019375, 0.0840292
-0.16943, 0.0322724, 0.0869637
-0.159492, 0.0322206, 0.0948358
-0.14975, 0.0322043, 0.0973296
-0.140143, 0.0322168, 0.0954223
-0.130609, 0.0322491, 0.0905061
-0.121111, 0.0322963, 0.0833225
-0.159776, 0.045189, 0.0861244
-0.149961, 0.0451496, 0.0904164
-0.140224, 0.0451296, 0.0925851
-0.130654, 0.0451643, 0.08881
-0.121147, 0.0452281, 0.0818796
-0.111572, 0.0452755, 0.0767217
-0.150252, 0.0581619, 0.0809078
-0.140491, 0.0581342, 0.0832453
-0.130701, 0.0580894, 0.0870414
-0.12103, 0.0580944, 0.0866132
-0.111438, 0.0581415, 0.0826283
-0.101838, 0.0581933, 0.0782523
-0.0921921, 0.0582266, 0.0754371
-0.0825722, 0.0582863, 0.0703855
-0.130893, 0.0711025, 0.0798192
-0.121093, 0.071041, 0.084074
-0.111346, 0.0710032, 0.0866866
-0.101704, 0.071031, 0.0847654
-0.0920991, 0.0710941, 0.0804009
-0.0825163, 0.0711906, 0.0737247
0.324501, 0.0732208, -0.0667615
0.3345, 0.073224, -0.0669827
0.344223, 0.0731682, -0.0631251
0.35389, 0.073104, -0.0586848
0.363627, 0.0730576, -0.0554681
-0.12118, 0.0840181, 0.0805292
-0.111345, 0.0839122, 0.0867281
-0.101669, 0.0839175, 0.0864182
-0.0920758, 0.083999, 0.0816488
-0.0825217, 0.0841398, 0.0734029
-0.00498833, 0.086464, -0.0626845
0.0049881, 0.0864601, -0.0624547
0.01497, 0.0864931, -0.0643888
0.314427, 0.086509, -0.06532
0.323813, 0.0863501, -0.0560155
0.333488, 0.0862756, -0.0516515
0.343284, 0.0862356, -0.0493121
0.353154, 0.086216, -0.0481653
0.36294, 0.0861776, -0.045917
0.37272, 0.0861397, -0.0436935
-0.121286, 0.0970285, 0.0762386
-0.111399, 0.0968689, 0.0843387
-0.10167, 0.0968285, 0.0863881
-0.0921097, 0.0969576, 0.0798373
-0.0825079, 0.0970681, 0.0742273
-0.0249521, 0.0998085, -0.0648351
-0.0149568, 0.0997117, -0.0599203
-0.00498057, 0.0996111, -0.0548167
0.00497955, 0.0995907, -0.053781
0.0149449, 0.0996323, -0.0558934
0.0249284, 0.0997138, -0.0600262
0.0348807, 0.0996591, -0.0572534
0.0448496, 0.0996657, -0.0575848
0.0548167, 0.0996669, -0.0576458
0.0648197, 0.0997227, -0.0604777
0.294917, 0.0999719, -0.0731268
0.304498, 0.0998355, -0.0662031
0.313977, 0.0996754, -0.0580769
0.323598, 0.0995687, -0.0526619
0.333218, 0.099468, -0.0475531
0.342947, 0.099405, -0.0443559
0.352759, 0.0993687, -0.0425143
0.362569, 0.0993339, -0.0407519
0.372546, 0.0993457, -0.041347
0.460835, 0.097018, 0.0767727
0.469687, 0.0968427, 0.085669
0.479207, 0.0968094, 0.0873561
0.489147, 0.0968608, 0.0847487
0.499133, 0.0969191, 0.0817928
0.508825, 0.096919, 0.0817952
0.518796, 0.0969712, 0.0791488
0.528355, 0.096946, 0.0804286
0.537942, 0.0969266, 0.0814118
0.548267, 0.0970384, 0.075738
0.558066, 0.097055, 0.0748968
0.568857, 0.0972406, 0.0654778
-0.111437, 0.109822, 0.0826731
-0.101681, 0.109751, 0.0858674
-0.0921292, 0.109908, 0.0787945
-0.0825105, 0.110014, 0.074069
-0.0249298, 0.113015, -0.060307
-0.0149401, 0.11288, -0.0542722
-0.00497847, 0.112845, -0.0526819
0.0049792, 0.112861, -0.0534277
0.0149409, 0.112886, -0.0545473
0.0248999, 0.11288, -0.0542359
0.0348527, 0.112856, -0.053195
0.044792, 0.112809, -0.0510945
0.0547187, 0.112754, -0.0485973
0.0646813, 0.112777, -0.0496669
0.0746978, 0.112876, -0.0541005
0.0846829, 0.112911, -0.0556259
0.0947851, 0.113077, -0.0630703
0.274758, 0.113233, -0.0700831
0.284481, 0.113127, -0.065309
0.294278, 0.113056, -0.0621352
0.304138, 0.113013, -0.060204
0.313991, 0.11297, -0.0582929
0.323887, 0.112945, -0.0571728
0.333326, 0.112767, -0.0491986
0.343171, 0.112732, -0.047647
0.352881, 0.112657, -0.0442619
0.36266, 0.112607, -0.0420146
0.459966, 0.109746, 0.08606
0.468887, 0.109568, 0.0940385
0.478533, 0.109563, 0.094264
0.488502, 0.109631, 0.0912299
0.498519, 0.109706, 0.0878401
0.508332, 0.109735, 0.0865593
0.517997, 0.109731, 0.0867209
0.527562, 0.109707, 0.0878115
0.537065, 0.109671, 0.089437
0.546888, 0.1097, 0.0881257
0.556823, 0.109751, 0.0858665
0.566999, 0.109846, 0.0815926
0.577415, 0.109984, 0.0754209
-0.111448, 0.122754, 0.0821919
-0.101691, 0.122675, 0.0853801
-0.0921384, 0.122851, 0.0783024
-0.082513, 0.122961, 0.0739202
-0.0349111, 0.126345, -0.0616555
-0.0249122, 0.126222, -0.0567365
-0.0149422, 0.126178, -0.0549908
-0.00498202, 0.126211, -0.0562825
0.00498304, 0.126236, -0.0573187
0.0149523, 0.126263, -0.058392
0.0249143, 0.126233, -0.0571632
0.034869, 0.126193, -0.0555615
0.044779, 0.126044, -0.0496264
0.0546887, 0.12595, -0.0458317
0.0646082, 0.125903, -0.0439653
0.0745384, 0.125887, -0.0433164
0.0845006, 0.125922, -0.0447407
0.0945546, 0.126073, -0.0507584
0.264813, 0.126577, -0.0709624
0.274255, 0.126323, -0.0608053
0.284075, 0.126256, -0.0580835
0.294072, 0.126268, -0.0585842
0.304293, 0.126373, -0.0627818
0.314469, 0.126453, -0.0660005
0.324371, 0.126421, -0.0647287
0.333814, 0.126218, -0.0565872
0.343671, 0.126179, -0.0550003
0.35364, 0.126181, -0.0551081
0.450267, 0.122653, 0.0862312
0.459308, 0.122482, 0.0930891
0.468693, 0.122408, 0.0960674
0.478433, 0.122427, 0.0952926
0.488609, 0.122555, 0.0901566
0.498839, 0.122692, 0.084691
0.50867, 0.122727, 0.0832887
0.518361, 0.122727, 0.0832725
0.52767, 0.122639, 0.0868058
0.537079, 0.122576, 0.0893083
0.546712, 0.122567, 0.0896993
0.556365, 0.122561, 0.0899105
0.566224, 0.122601, 0.0883193
0.576274, 0.12268, 0.0851598
-0.111455, 0.135684, 0.0818863
-0.1017, 0.135599, 0.0849538
-0.0921442, 0.135791, 0.0779948
-0.0825143, 0.135906, 0.0738449
-0.0549027, 0.139752, -0.0655751
-0.0448921, 0.139664, -0.0623822
-0.0348861, 0.139544, -0.0580378
-0.0249179, 0.13954, -0.0578914
-0.0149563, 0.139592, -0.0597501
-0.00498612, 0.139611, -0.0604453
0.044778, 0.139309, -0.0495105
0.0546793, 0.139184, -0.0449691
0.0646021, 0.139143, -0.0434871
0.0745023, 0.139071, -0.0408716
0.0848236, 0.139709, -0.064023
0.264862, 0.139927, -0.0719118
0.274218, 0.139602, -0.0601273
0.284008, 0.139513, -0.0568967
0.29389, 0.139473, -0.0554519
0.30399, 0.139537, -0.0577545
0.314402, 0.139734, -0.0649109
0.450262, 0.135563, 0.0862846
0.459225, 0.135351, 0.0939746
0.468708, 0.135297, 0.0959125
0.478567, 0.135352, 0.0939136
0.488978, 0.135558, 0.0864487
0.50989, 0.135971, 0.0715013
0.519285, 0.135888, 0.0745049
0.528102, 0.135659, 0.0827851
0.537523, 0.135591, 0.085248
0.547142, 0.135575, 0.0858393
0.556775, 0.135562, 0.0862937
0.566279, 0.13552, 0.0878444
-0.111458, 0.148611, 0.0817399
-0.101699, 0.148513, 0.0849624
-0.0921389, 0.148715, 0.0782762
-0.082511, 0.148843, 0.0740395
-0.0648852, 0.153063, -0.0655923
-0.0548527, 0.152923, -0.0609651
-0.0448611, 0.15286, -0.0588846
-0.0349007, 0.152898, -0.0601578
-0.0249344, 0.152931, -0.0612435
-0.014967, 0.152996, -0.0633817
0.0447888, 0.152613, -0.0507259
0.0547054, 0.152512, -0.0473704
0.27441, 0.153005, -0.0636721
0.284102, 0.15285, -0.0585637
0.293903, 0.152763, -0.0556855
0.303863, 0.152762, -0.0556335
0.314056, 0.152874, -0.0593424
0.324467, 0.153082, -0.0662327
0.441337, 0.148729, 0.0778337
0.45011, 0.148423, 0.0879445
0.459284, 0.14826, 0.0933461
0.468897, 0.148242, 0.0939355
0.478991, 0.148374, 0.0895643
0.489428, 0.148605, 0.0819311
0.538319, 0.148725, 0.0779686
0.547845, 0.148678, 0.0795269
-0.121375, 0.161833, 0.0726109
-0.11146, 0.161536, 0.0816464
-0.101692, 0.161416, 0.0853062
-0.0921162, 0.161607, 0.0794878
-0.083275, 0.163284, 0.0284276
-0.0748282, 0.166285, -0.0629272
-0.064806, 0.166169, -0.059402
-0.0548347, 0.166166, -0.0593023
-0.044884, 0.166237, -0.0614619
-0.0349119, 0.166247, -0.0617833
-0.0249484, 0.166323, -0.0640883
0.284431, 0.166334, -0.0644226
0.294065, 0.166138, -0.0584617
0.30387, 0.166049, -0.055758
0.313968, 0.166121, -0.0579252
0.324223, 0.166268, -0.0624113
0.440909, 0.161505, 0.0826077
0.4501, 0.161326, 0.0880518
0.45956, 0.161249, 0.0904016
0.469448, 0.161322, 0.088172
0.479802, 0.16155, 0.0812488
-0.121283, 0.174648, 0.0763445
-0.111454, 0.174449, 0.0819373
-0.101682, 0.174313, 0.0857816
-0.0920676, 0.174444, 0.0820847
-0.0835954, 0.177026, 0.00929832
-0.0747432, 0.179384, -0.0571752
-0.0648027, 0.179454, -0.0591459
-0.0548654, 0.179559, -0.0621319
-0.0448991, 0.179596, -0.0631623
0.294299, 0.179572, -0.0624976
0.303996, 0.179407, -0.057848
0.313904, 0.179373, -0.0568905
0.324084, 0.179493, -0.0602469
0.334128, 0.179531, -0.061337
0.440848, 0.174402, 0.0832791
0.45016, 0.174255, 0.0873985
0.459898, 0.174277, 0.0867906
0.470301, 0.174545, 0.0792418
-0.12122, 0.187487, 0.078907
-0.11141, 0.187298, 0.0838499
-0.101638, 0.187142, 0.087944
-0.0919962, 0.18722, 0.0859008
-0.0824749, 0.18759, 0.0761948
-0.0747219, 0.192616, -0.0557323
-0.0648198, 0.192797, -0.0604806
-0.0548958, 0.192967, -0.0649385
0.294782, 0.193191, -0.070807
0.304236, 0.192849, -0.061842
0.3139, 0.192658, -0.0568376
0.323938, 0.192701, -0.0579677
0.334063, 0.192793, -0.0603647
0.344189, 0.192879, -0.0626292
0.431506, 0.18747, 0.0793338
0.440639, 0.187231, 0.0856109
0.450206, 0.187182, 0.086894
0.46048, 0.187423, 0.0805707
0.470717, 0.18764, 0.0748901
-0.121266, 0.200494, 0.0770154
-0.111366, 0.200136, 0.085814
-0.101586, 0.199947, 0.0904498
-0.0919388, 0.200007, 0.0889659
-0.0824059, 0.20036, 0.0803127
-0.0747108, 0.20587, -0.0549827
-0.0648593, 0.206219, -0.0635676
0.304353, 0.206228, -0.0637817
0.313993, 0.206006, -0.0583286
0.323786, 0.205894, -0.0555902
0.333954, 0.206021, -0.0586996
0.343958, 0.206042, -0.0592203
0.421929, 0.200456, 0.0779362
0.431122, 0.200221, 0.0837092
0.440537, 0.200098, 0.0867467
0.450477, 0.200212, 0.0839367
0.460862, 0.200515, 0.0764861
-0.121235, 0.213373, 0.0783119
-0.111344, 0.213006, 0.0867801
-0.101571, 0.212814, 0.0911932
-0.0919394, 0.212912, 0.0889354
-0.0824233, 0.213331, 0.079277
-0.0747508, 0.219269, -0.0576849
0.314211, 0.219449, -0.061842
0.323777, 0.219172, -0.0554562
0.33373, 0.219166, -0.0553131
0.343925, 0.219314, -0.0587339
0.353967, 0.21936, -0.059783
0.421568, 0.213207, 0.0821452
0.430915, 0.213037, 0.0860686
0.440572, 0.213024, 0.0863614
0.451027, 0.213389, 0.07793
0.461009, 0.21352, 0.0749149
-0.121206, 0.22625, 0.0794902
-0.111343, 0.225914, 0.0868011
-0.101599, 0.225776, 0.0898128
-0.0919951, 0.225953, 0.0859594
-0.0824984, 0.226466, 0.0747914
-0.0747657, 0.232604, -0.0586934
0.32394, 0.232572, -0.0579987
0.333622, 0.232373, -0.0536766
0.343726, 0.232472, -0.05582
0.353825, 0.232561, -0.0577555
0.363757, 0.232539, -0.0572748
0.412216, 0.226315, 0.0780935
0.421327, 0.225999, 0.0849571
0.430841, 0.225909, 0.0869083
0.440983, 0.226145, 0.0817733
0.451317, 0.226467, 0.0747733
-0.131048, 0.239446, 0.073997
-0.12117, 0.239108, 0.0809412
-0.111343, 0.238823, 0.0868211
-0.101617, 0.23872, 0.0889339
-0.0920027, 0.238884, 0.0855503
-0.0825051, 0.239427, 0.0743914
-0.0748272, 0.246098, -0.06286
0.324057, 0.245951, -0.0598211
0.333643, 0.245667, -0.0539899
0.343503, 0.245596, -0.0525303
0.353692, 0.245758, -0.0558481
0.363685, 0.245778, -0.056263
0.373613, 0.245754, -0.0557809
0.402369, 0.239159, 0.0798955
0.411704, 0.23895, 0.0842066
0.421123, 0.238798, 0.0873361
0.43094, 0.238873, 0.085784
0.441479, 0.239337, 0.0762453
0.451439, 0.239473, 0.0734429
-0.132221, 0.254649, 0.0298953
-0.121081, 0.251849, 0.0845323
-0.111305, 0.251646, 0.0884895
-0.101594, 0.251567, 0.0900426
-0.0919768, 0.251726, 0.0869389
-0.0824943, 0.252336, 0.0750346
0.333799, 0.259068, -0.0563583
0.343356, 0.258761, -0.0503702
0.353351, 0.258792, -0.0509739
0.363478, 0.258916, -0.0533934
0.373519, 0.258973, -0.054513
0.383545, 0.259018, -0.0553789
0.392874, 0.252215, 0.077384
0.401968, 0.251835, 0.0848026
0.411207, 0.251562, 0.0901351
0.420896, 0.25157, 0.0899811
0.431252, 0.251968, 0.082221
0.441705, 0.252403, 0.0737243
-0.14486, 0.273069, -0.0696511
-0.130819, 0.264868, 0.0826106
-0.120989, 0.264563, 0.0882654
-0.111256, 0.264436, 0.0906353
-0.101566, 0.264393, 0.0914292
-0.0919507, 0.26456, 0.0883317
-0.0824597, 0.265165, 0.0771012
0.333833, 0.272381, -0.0568786
0.343218, 0.271921, -0.0483408
0.353051, 0.271833, -0.0466933
0.363149, 0.271947, -0.0488162
0.37328, 0.27208, -0.0512762
0.38337, 0.272176, -0.0530639
0.38306, 0.265071, 0.0788383
0.392128, 0.264646, 0.0867252
0.401423, 0.264391, 0.091464
0.410905, 0.264268, 0.093739
0.420909, 0.264479, 0.0898271
0.431447, 0.265009, 0.0799961
0.441699, 0.265343, 0.0737901
-0.154868, 0.286422, -0.0702248
-0.142666, 0.282053, 0.0071249
-0.13063, 0.277388, 0.0896983
-0.120901, 0.277267, 0.0918422
-0.111195, 0.277181, 0.0933652
-0.101525, 0.27718, 0.0933743
-0.0919265, 0.277392, 0.0896225
-0.0824253, 0.277983, 0.0791569
0.323912, 0.285706, -0.0575557
0.333486, 0.285371, -0.0516129
0.34294, 0.284955, -0.0442495
0.352871, 0.284948, -0.0441222
0.363018, 0.28511, -0.0469904
0.370759, 0.283425, -0.0171642
0.375523, 0.27961, 0.0503559
0.382347, 0.277484, 0.0880036
0.391742, 0.277283, 0.0915637
0.40126, 0.277175, 0.093462
0.411145, 0.277321, 0.0908785
0.421418, 0.277716, 0.0838957
0.431798, 0.278162, 0.0759964
0.441828, 0.278368, 0.0723534
-0.154814, 0.29964, -0.0684633
-0.141475, 0.292706, 0.0488214
-0.130506, 0.290014, 0.0943604
-0.120826, 0.289983, 0.0948925
-0.111136, 0.289919, 0.0959663
-0.101496, 0.289988, 0.0948076
-0.0919037, 0.290222, 0.0908422
-0.0823946, 0.290804, 0.0809927
0.303951, 0.298968, -0.0570951
0.313715, 0.298776, -0.0538507
0.323356, 0.298482, -0.0488763
0.333133, 0.298328, -0.0462642
0.343042, 0.298297, -0.0457506
0.350715, 0.296379, -0.0133052
0.355742, 0.29239, 0.0541682
0.362748, 0.290199, 0.0912375
0.372227, 0.290047, 0.0938039
0.381865, 0.290024, 0.0941987
0.391641, 0.290105, 0.0928292
0.401649, 0.290349, 0.0887027
0.411784, 0.290671, 0.0832505
0.421893, 0.290961, 0.0783463
0.431988, 0.291228, 0.0738263
-0.164956, 0.31325, -0.0732017
-0.153565, 0.310433, -0.0275826
-0.140302, 0.303182, 0.0898471
-0.130419, 0.3027, 0.0976624
-0.120756, 0.302694, 0.0977478
-0.111091, 0.302683, 0.0979347
-0.101459, 0.302767, 0.096571
-0.091885, 0.303059, 0.0918388
-0.0823741, 0.303654, 0.0822124
0.274313, 0.31255, -0.0618668
0.284092, 0.312335, -0.0583868
0.293713, 0.311966, -0.0524044
0.30335, 0.311638, -0.0470977
0.313128, 0.311471, -0.0443873
0.323109, 0.31151, -0.0450277
0.328733, 0.307472, 0.0203767
0.333822, 0.303181, 0.0898666
0.343071, 0.302805, 0.095962
0.352505, 0.302607, 0.0991659
0.362056, 0.302518, 0.100613
0.371722, 0.302527, 0.100455
0.381556, 0.302669, 0.0981574
0.391647, 0.303003, 0.0927548
0.402036, 0.303545, 0.083971
0.412355, 0.30401, 0.0764341
0.422329, 0.304206, 0.0732617
-0.164842, 0.326354, -0.0697002
-0.152323, 0.321025, 0.0130906
-0.140175, 0.315797, 0.0943046
-0.130361, 0.315442, 0.0998178
-0.120708, 0.315449, 0.0997066
-0.111057, 0.315468, 0.0994186
-0.101427, 0.315551, 0.0981159
-0.0918611, 0.315873, 0.0931144
-0.0823627, 0.316531, 0.0828915
0.254344, 0.325826, -0.0614953
0.264215, 0.325698, -0.0595107
0.273726, 0.325153, -0.0510368
0.283322, 0.324743, -0.0446725
0.293108, 0.324572, -0.0420136
0.301114, 0.322504, -0.00989342
0.308819, 0.320256, 0.0250287
0.314181, 0.315793, 0.0943689
0.323502, 0.315455, 0.0996156
0.332906, 0.315216, 0.103333
0.342392, 0.315065, 0.105678
0.35199, 0.315023, 0.106328
0.361715, 0.315094, 0.105228
0.371529, 0.315237, 0.103001
0.381493, 0.315496, 0.0989714
0.391756, 0.315984, 0.0913959
0.402316, 0.316682, 0.0805454
0.412555, 0.317101, 0.0740461
-0.174933, 0.339869, -0.072598
-0.164402, 0.338769, -0.0561748
-0.150048, 0.329138, 0.0875597
-0.140084, 0.328472, 0.0974989
-0.13032, 0.328214, 0.101349
-0.120669, 0.32822, 0.101263
-0.111026, 0.32825, 0.100817
-0.101393, 0.328319, 0.099793
-0.0918311, 0.328659, 0.0947204
-0.0823374, 0.32935, 0.0844064
-0.0729447, 0.330682, 0.0645132
0.225044, 0.340066, -0.0755343
0.234399, 0.339131, -0.0615792
0.244011, 0.338628, -0.0540695
0.253604, 0.338138, -0.0467658
0.26334, 0.33787, -0.042768
0.273137, 0.337697, -0.0401735
0.281324, 0.335615, -0.00910568
0.287221, 0.331034, 0.0592599
0.294639, 0.32845, 0.0978379
0.304037, 0.328166, 0.102065
0.313471, 0.327938, 0.10547
0.322935, 0.327754, 0.108214
0.332476, 0.327657, 0.109663
0.342133, 0.327676, 0.109381
0.351892, 0.32779, 0.10769
0.361689, 0.327931, 0.105577
0.371592, 0.328159, 0.102173
0.381782, 0.328622, 0.0952597
0.392315, 0.329351, 0.0843902
-0.183213, 0.34992, -0.025537
-0.17226, 0.347802, 0.00489092
-0.160945, 0.34465, 0.050159
-0.14991, 0.34173, 0.0920935
-0.140038, 0.341243, 0.0990839
-0.130297, 0.341023, 0.102249
-0.120638, 0.341004, 0.102519
-0.111001, 0.341048, 0.101891
-0.101364, 0.341096, 0.101194
-0.0918079, 0.341461, 0.0959573
-0.0823271, 0.342222, 0.0850224
-0.0737314, 0.347357, 0.0112848
-0.0636305, 0.345889, 0.0323639
-0.0538658, 0.346047, 0.0300937
-0.0440885, 0.346176, 0.0282426
-0.0342993, 0.346259, 0.0270481
-0.0245053, 0.346341, 0.0258684
-0.0147062, 0.346411, 0.0248718
-0.00490271, 0.346457, 0.0242043
0.00490624, 0.346706, 0.0206227
0.0147327, 0.347035, 0.0159087
0.024586, 0.347483, 0.00947237
0.214821, 0.353038, -0.0703163
0.224241, 0.352141, -0.0574255
0.233691, 0.351366, -0.0462947
0.243276, 0.350847, -0.0388474
0.252922, 0.350454, -0.0332036
0.262569, 0.350092, -0.0279942
0.269345, 0.346067, 0.0298009
0.275324, 0.341338, 0.0977311
0.28465, 0.340937, 0.103489
0.294089, 0.340693, 0.106988
0.303574, 0.340517, 0.109516
0.313108, 0.340404, 0.111134
0.322718, 0.340379, 0.1115
0.332409, 0.340438, 0.110647
0.342184, 0.340578, 0.108641
0.352026, 0.340774, 0.10582
0.362049, 0.341131, 0.100697
0.372145, 0.341535, 0.0948911
0.382476, 0.342131, 0.0863404
-0.202888, 0.362888, -0.0222607
-0.191175, 0.359475, 0.0249825
-0.180281, 0.357313, 0.0549011
-0.170021, 0.356235, 0.0698161
-0.15974, 0.354978, 0.0872121
-0.149834, 0.354445, 0.0945907
-0.140024, 0.354085, 0.0995755
-0.130291, 0.353876, 0.102466
-0.120609, 0.353785, 0.103724
-0.110965, 0.353802, 0.103495
-0.101347, 0.353911, 0.101981
-0.0917939, 0.354292, 0.0967054
-0.0823138, 0.355079, 0.0858169
-0.0729744, 0.356764, 0.0625024
-0.0633895, 0.357582, 0.0511818
-0.0536361, 0.357574, 0.0512891
-0.0438914, 0.357633, 0.050468
-0.0341437, 0.357695, 0.0496082
-0.0243925, 0.357757, 0.0487504
-0.0146382, 0.357822, 0.0478573
-0.00488094, 0.357934, 0.0463042
0.00488304, 0.358088, 0.0441747
0.0146546, 0.358222, 0.0423188
0.0244353, 0.358384, 0.0400763
0.0342396, 0.358701, 0.0356927
0.0440875, 0.359231, 0.0283513
0.0539914, 0.359943, 0.0185065
0.0637309, 0.359508, 0.0245285
0.0738325, 0.360959, 0.00444317
0.214242, 0.365374, -0.0566621
0.223648, 0.364463, -0.0440564
0.233178, 0.363823, -0.0352001
0.242772, 0.363332, -0.0284061
0.252343, 0.362846, -0.0216708
0.260556, 0.360518, 0.0105438
0.265609, 0.354146, 0.0987329
0.274897, 0.353669, 0.105331
0.284314, 0.353385, 0.109266
0.29379, 0.35319, 0.111962
0.303341, 0.353095, 0.113274
0.312966, 0.35309, 0.113344
0.322678, 0.353179, 0.112108
0.33251, 0.353392, 0.109159
0.342425, 0.353678, 0.1052
0.352423, 0.354032, 0.100305
0.362439, 0.354385, 0.0954204
0.372539, 0.354799, 0.0896897
0.382882, 0.355417, 0.0811343
-0.200849, 0.372304, 0.0282145
-0.18989, 0.370042, 0.0584226
-0.179647, 0.369006, 0.0722694
-0.169509, 0.368076, 0.0846882
-0.159574, 0.367503, 0.0923367
-0.149739, 0.367101, 0.097703
-0.139972, 0.366823, 0.101411
-0.130259, 0.366655, 0.103659
-0.120586, 0.366581, 0.104647
-0.110942, 0.366593, 0.10449
-0.101327, 0.366708, 0.102954
-0.0917589, 0.367036, 0.0985746
-0.0822657, 0.367776, 0.088685
-0.0728195, 0.368952, 0.0729861
-0.0632067, 0.369516, 0.0654497
-0.05348, 0.369498, 0.0656867
-0.0437618, 0.369544, 0.0650802
-0.0340406, 0.369583, 0.0645556
-0.0243158, 0.369601, 0.0643191
-0.0145903, 0.369621, 0.0640535
-0.00486395, 0.369659, 0.0635467
0.00486454, 0.369704, 0.062943
0.0145961, 0.369766, 0.0621195
0.0243325, 0.369854, 0.0609407
0.034079, 0.370001, 0.058979
0.0438387, 0.370193, 0.0564127
0.0536203, 0.370468, 0.0527391
0.0634265, 0.370801, 0.0482912
0.0732859, 0.371315, 0.0414252
0.0832372, 0.372119, 0.0306883
0.0932065, 0.372826, 0.0212536
0.10337, 0.374099, 0.00424385
0.204606, 0.379269, -0.0647893
0.213964, 0.378169, -0.0501051
0.223302, 0.377133, -0.0362649
0.232781, 0.376412, -0.0266318
0.24137, 0.37437, 0.000629425
0.248375, 0.370127, 0.0572906
0.25601, 0.367109, 0.0975976
0.265258, 0.366539, 0.105209
0.274649, 0.366199, 0.109747
0.284115, 0.365979, 0.112692
0.293636, 0.365841, 0.114528
0.303189, 0.365752, 0.115718
0.312827, 0.365767, 0.115518
0.322589, 0.365922, 0.113448
0.332447, 0.366174, 0.110087
0.342384, 0.366496, 0.105786
0.352409, 0.366892, 0.1005
0.362442, 0.367274, 0.095386
0.37253, 0.367692, 0.0898075
0.382945, 0.368403, 0.0803146
-0.210275, 0.384689, 0.0369759
-0.199826, 0.383406, 0.0535197
-0.189449, 0.382137, 0.069901
-0.179246, 0.3811, 0.0832815
-0.169264, 0.380441, 0.0917807
-0.159387, 0.379953, 0.0980735
-0.149566, 0.379544, 0.103349
-0.139834, 0.37932, 0.10624
-0.13015, 0.379203, 0.107752
-0.120505, 0.379189, 0.107925
-0.110889, 0.379272, 0.106859
-0.101291, 0.37944, 0.104698
-0.0917131, 0.379724, 0.101023
-0.0821898, 0.380329, 0.0932188
-0.0726915, 0.381226, 0.0816455
-0.0630814, 0.381723, 0.0752344
-0.0533668, 0.381654, 0.0761328
-0.0436653, 0.381666, 0.0759702
-0.0339601, 0.381646, 0.0762258
-0.0242538, 0.381593, 0.0769157
-0.0145515, 0.38157, 0.0772095
-0.00485077, 0.381593, 0.0769191
0.00485101, 0.381611, 0.0766778
0.0145535, 0.381623, 0.0765243
0.0242586, 0.381669, 0.0759287
0.0339724, 0.381785, 0.0744381
0.0436919, 0.381899, 0.0729642
0.0534177, 0.382018, 0.0714369
0.0631649, 0.382229, 0.0687146
0.0729536, 0.382601, 0.0639124
0.0827705, 0.383017, 0.0585456
0.0926228, 0.383491, 0.0524297
0.102579, 0.384262, 0.0424752
0.112688, 0.385427, 0.0274453
0.122587, 0.385741, 0.023397
0.13282, 0.386981, 0.00740623
0.204461, 0.392299, -0.0612063
0.213514, 0.390614, -0.0394716
0.222778, 0.389449, -0.0244427
0.230424, 0.385674, 0.0242662
0.237654, 0.381539, 0.0776057
0.246536, 0.380277, 0.0938926
0.255727, 0.37957, 0.103021
0.265093, 0.379164, 0.108259
0.274531, 0.378885, 0.111852
0.28402, 0.378693, 0.114323
0.293534, 0.378547, 0.11621
0.303038, 0.378396, 0.118157
0.312616, 0.378345, 0.118819
0.322383, 0.37852, 0.116565
0.332235, 0.37878, 0.113205
0.342202, 0.379153, 0.108391
0.352291, 0.379638, 0.102143
0.362384, 0.380101, 0.0961685
0.372392, 0.380452, 0.0916367
0.382896, 0.381281, 0.0809469
-0.220299, 0.398169, 0.0314813
-0.209934, 0.397084, 0.0450191
-0.199407, 0.395572, 0.0638962
-0.189052, 0.394263, 0.0802245
-0.17896, 0.39339, 0.0911207
-0.169038, 0.392812, 0.0983367
-0.15919, 0.392348, 0.104125
-0.149436, 0.39207, 0.107594
-0.13975, 0.391943, 0.109175
-0.130092, 0.391881, 0.109949
-0.120445, 0.391849, 0.110349
-0.110825, 0.391901, 0.109695
-0.101224, 0.392043, 0.107933
-0.0916293, 0.392238, 0.105499
-0.0820773, 0.392684, 0.0999346
-0.072548, 0.393371, 0.0913539
-0.0629811, 0.394035, 0.083066
-0.0532697, 0.393873, 0.0850921
-0.0435733, 0.393773, 0.0863357
-0.0338833, 0.393692, 0.0873561
-0.0241986, 0.393631, 0.0881095
-0.0145179, 0.393596, 0.088552
-0.00483924, 0.39359, 0.0886278
0.00483908, 0.393577, 0.0887852
0.0145165, 0.393556, 0.0890508
0.0241948, 0.393568, 0.0888944
0.0338782, 0.393632, 0.0880966
0.0435664, 0.393711, 0.0871129
0.0532586, 0.393791, 0.0861163
0.0629658, 0.39394, 0.0842595
0.0727061, 0.394228, 0.0806594
0.082465, 0.394539, 0.076787
0.0922484, 0.394888, 0.0724311
0.102106, 0.395459, 0.0653038
0.111998, 0.39605, 0.0579243
0.121955, 0.39676, 0.0490713
0.13193, 0.397419, 0.0408502
0.142077, 0.398468, 0.0277591
0.152069, 0.398977, 0.0213985
0.16199, 0.399249, 0.0180116
0.172193, 0.400143, 0.00685644
0.182199, 0.40051, 0.0022769
0.190208, 0.396672, 0.0501604
0.201692, 0.400105, 0.00732565
0.210202, 0.397592, 0.038692
0.218707, 0.395292, 0.0673842
0.227918, 0.394411, 0.0783763
0.237009, 0.393402, 0.0909705
0.246223, 0.392669, 0.100121
0.255559, 0.392179, 0.106231
0.264975, 0.391842, 0.110433
0.274454, 0.391619, 0.113223
0.283942, 0.391423, 0.115666
0.293444, 0.391258, 0.11772
0.302971, 0.391138, 0.119225
0.312534, 0.391068, 0.120093
0.322271, 0.391215, 0.118265
0.33207, 0.391426, 0.115633
0.342023, 0.3918, 0.110955
0.352114, 0.39231, 0.104599
0.362292, 0.392885, 0.0974202
0.372339, 0.393294, 0.0923233
0.382568, 0.393867, 0.0851688
0.393346, 0.394965, 0.0714722
-0.230215, 0.411447, 0.0287824
-0.219885, 0.410453, 0.040802
-0.209419, 0.409097, 0.0571847
-0.199017, 0.407742, 0.0735564
-0.188752, 0.406542, 0.0880456
-0.178746, 0.405802, 0.0969882
-0.168917, 0.405402, 0.101828
-0.159106, 0.404997, 0.106721
-0.149368, 0.40474, 0.109826
-0.139696, 0.404637, 0.111073
-0.130046, 0.404586, 0.111678
-0.120413, 0.404588, 0.111662
-0.110784, 0.404602, 0.111495
-0.101171, 0.404683, 0.110509
-0.0915849, 0.404901, 0.107872
-0.0819983, 0.405168, 0.10465
-0.0724325, 0.405621, 0.0991731
-0.0628801, 0.406302, 0.0909514
-0.0531883, 0.406165, 0.0926018
-0.0435049, 0.406045, 0.0940571
-0.0338276, 0.405931, 0.0954361
-0.0241556, 0.405815, 0.0968318
-0.0144904, 0.405729, 0.0978675
-0.00482957, 0.405682, 0.0984373
0.00482905, 0.405638, 0.0989699
0.0144856, 0.405595, 0.0994949
0.0241423, 0.405592, 0.0995326
0.0338018, 0.405621, 0.0991755
0.0434627, 0.405651, 0.098815
0.0531271, 0.405698, 0.0982471
0.0628066, 0.405827, 0.0966887
0.0725143, 0.40608, 0.0936379
0.082234, 0.406333, 0.0905805
0.0919733, 0.406619, 0.0871239
0.101783, 0.407132, 0.0809259
0.11163, 0.407693, 0.0741453
0.121456, 0.408093, 0.0693145
0.131235, 0.408286, 0.0669765
0.141039, 0.408526, 0.0640802
0.150924, 0.408956, 0.0588784
0.160561, 0.408701, 0.0619621
0.170146, 0.408351, 0.066195
0.17974, 0.408058, 0.0697365
0.189306, 0.407737, 0.0736127
0.198851, 0.407403, 0.077652
0.208369, 0.407046, 0.0819602
0.217843, 0.40664, 0.0868621
0.227329, 0.40629, 0.0910902
0.236735, 0.405832, 0.096633
0.246069, 0.40529, 0.103181
0.25544, 0.404848, 0.108521
0.26493, 0.404621, 0.111259
0.274419, 0.404407, 0.113843
0.283935, 0.404246, 0.115796
0.293462, 0.404112, 0.117408
0.302988, 0.403984, 0.118958
0.312524, 0.403878, 0.120242
0.322223, 0.403981, 0.118988
0.331968, 0.404135, 0.117129
0.341883, 0.404481, 0.112953
0.351907, 0.404934, 0.107473
0.362132, 0.405587, 0.0995851
0.372273, 0.406116, 0.0931988
0.382411, 0.406614, 0.0871763
0.392868, 0.407418, 0.0774603
-0.230038, 0.424184, 0.0325875
-0.219334, 0.422421, 0.0532384
-0.208953, 0.421146, 0.0681672
-0.1987, 0.420017, 0.0813885
-0.188531, 0.418958, 0.093791
-0.178639, 0.418435, 0.0999188
-0.168834, 0.418066, 0.10424
-0.159081, 0.417788, 0.107492
-0.149375, 0.417609, 0.109593
-0.139691, 0.417466, 0.111263
-0.130043, 0.417421, 0.111786
-0.120407, 0.417411, 0.111902
-0.110784, 0.417448, 0.111474
-0.101156, 0.417469, 0.111227
-0.0915445, 0.417572, 0.110026
-0.0819599, 0.417835, 0.106944
-0.072364, 0.418103, 0.103802
-0.062786, 0.418573, 0.0982952
-0.0531265, 0.418572, 0.0983067
-0.0434555, 0.41846, 0.0996289
-0.0337889, 0.418339, 0.101045
-0.0241278, 0.418215, 0.102488
-0.0144729, 0.418103, 0.103798
-0.00482344, 0.41803, 0.104659
0.00482265, 0.417961, 0.105463
0.0144659, 0.417902, 0.106157
0.0241089, 0.417889, 0.106311
0.0337534, 0.417899, 0.106189
0.0433981, 0.417908, 0.106093
0.0530428, 0.417913, 0.106025
0.0626955, 0.41797, 0.105363
0.0723675, 0.418123, 0.103566
0.0820549, 0.418319, 0.10127
0.0917592, 0.418551, 0.0985589
0.101512, 0.418937, 0.0940409
0.111312, 0.419437, 0.0881777
0.121137, 0.419942, 0.0822663
0.130873, 0.420085, 0.0805979
0.140598, 0.420177, 0.0795183
0.150327, 0.420268, 0.0784459
0.160008, 0.420224, 0.078968
0.169557, 0.419855, 0.0832915
0.179093, 0.419497, 0.0874848
0.188627, 0.419172, 0.0912843
0.198221, 0.419004, 0.0932527
0.207861, 0.418945, 0.0939479
0.217488, 0.418866, 0.0948734
0.227087, 0.418742, 0.0963178
0.236521, 0.418336, 0.101075
0.245887, 0.417848, 0.106792
0.255355, 0.417562, 0.110135
0.264851, 0.41734, 0.112734
0.274381, 0.417187, 0.114526
0.283917, 0.417053, 0.116102
0.293455, 0.416931, 0.117534
0.303003, 0.416829, 0.118723
0.312535, 0.416713, 0.120077
0.322223, 0.416806, 0.118992
0.331966, 0.416962, 0.117166
0.341872, 0.417309, 0.113103
0.351864, 0.417738, 0.108083
0.362087, 0.418411, 0.100192
0.372289, 0.419027, 0.0929852
0.382414, 0.419525, 0.0871472
0.393165, 0.42067, 0.0737424
-0.240505, 0.438471, 0.0185547
-0.229455, 0.436127, 0.0451841
-0.21887, 0.434497, 0.0637064
-0.208603, 0.433377, 0.0764337
-0.198432, 0.432355, 0.0880375
-0.188421, 0.431597, 0.0966506
-0.178571, 0.431144, 0.101805
-0.168845, 0.430955, 0.103941
-0.159114, 0.430732, 0.106484
-0.149399, 0.430526, 0.10882
-0.139707, 0.430363, 0.110674
-0.130054, 0.430302, 0.111367
-0.120417, 0.43029, 0.1115
-0.110785, 0.430294, 0.111451
-0.101168, 0.430365, 0.110647
-0.0915443, 0.430419, 0.11004
-0.081938, 0.430576, 0.108252
-0.0723326, 0.430781, 0.105927
-0.0627326, 0.431085, 0.102467
-0.0530915, 0.431167, 0.101533
-0.043427, 0.431053, 0.102834
-0.0337658, 0.430916, 0.104386
-0.0241108, 0.430779, 0.105944
-0.0144622, 0.43065, 0.10741
-0.00481965, 0.430554, 0.108502
0.0048186, 0.43046, 0.109576
0.0144524, 0.43036, 0.110707
0.0240836, 0.430294, 0.111454
0.0337152, 0.43027, 0.111732
0.0433472, 0.430261, 0.111835
0.0529787, 0.430252, 0.111938
0.0626183, 0.4303, 0.111386
0.0722727, 0.430424, 0.109983
0.0819367, 0.430569, 0.108329
0.091614, 0.430746, 0.106318
0.101328, 0.431044, 0.102933
0.111064, 0.431379, 0.0991344
0.120824, 0.431744, 0.0949841
0.130503, 0.431787, 0.0944905
0.140157, 0.431749, 0.094924
0.149811, 0.431714, 0.0953264
0.159472, 0.431703, 0.0954523
0.16911, 0.431634, 0.0962338
0.178772, 0.431629, 0.0962873
0.188459, 0.431683, 0.0956755
0.198114, 0.431664, 0.0958962
0.207709, 0.43152, 0.0975232
0.217361, 0.431502, 0.0977368
0.226912, 0.431294, 0.100093
0.236295, 0.430796, 0.105749
0.245731, 0.43043, 0.10991
0.255211, 0.430167, 0.112902
0.264716, 0.429964, 0.115209
0.274281, 0.429868, 0.116301
0.283831, 0.429756, 0.117569
0.293394, 0.42967, 0.118543
0.30299, 0.429636, 0.118931
0.312556, 0.429564, 0.119751
0.322257, 0.429676, 0.118481
0.331994, 0.429828, 0.116755
0.341894, 0.430176, 0.112793
0.351863, 0.43059, 0.108091
0.362074, 0.43127, 0.100365
0.372305, 0.431938, 0.092782
0.382458, 0.432484, 0.0865779
0.393112, 0.433556, 0.0743957
-0.240077, 0.450757, 0.0274086
-0.229007, 0.448268, 0.0548687
-0.218597, 0.44691, 0.069849
-0.208324, 0.445716, 0.083024
-0.19824, 0.444832, 0.0927792
-0.188336, 0.444279, 0.0988779
-0.178547, 0.443956, 0.102444
-0.168844, 0.443818, 0.103958
-0.159141, 0.443667, 0.105633
-0.149442, 0.443506, 0.107403
-0.13976, 0.443377, 0.108828
-0.1301, 0.443304, 0.10963
-0.12046, 0.443292, 0.109761
-0.110818, 0.443274, 0.109963
-0.101186, 0.443289, 0.109798
-0.0915595, 0.443341, 0.109226
-0.0819379, 0.443429, 0.108258
-0.0723237, 0.443585, 0.106531
-0.0627083, 0.443782, 0.104358
-0.0530649, 0.443816, 0.103989
-0.0434104, 0.44375, 0.104713
-0.0337523, 0.443601, 0.106351
-0.0241007, 0.443454, 0.107977
-0.0144559, 0.443313, 0.109538
-0.00481739, 0.443199, 0.110796
0.00481621, 0.443089, 0.112001
0.0144451, 0.44298, 0.113208
0.0240709, 0.442906, 0.114024
0.0336947, 0.442845, 0.114701
0.0433174, 0.442799, 0.1152
0.0529403, 0.442773, 0.115486
0.0625712, 0.442812, 0.115063
0.0722126, 0.442904, 0.114049
0.0818575, 0.442994, 0.113057
0.0915062, 0.443082, 0.112077
0.101194, 0.443328, 0.109373
0.110909, 0.443638, 0.105953
0.120643, 0.443965, 0.102343
0.130314, 0.444032, 0.101605
0.139979, 0.444073, 0.101155
0.149667, 0.444172, 0.100056
0.159352, 0.444254, 0.0991511
0.169021, 0.444284, 0.0988197
0.178704, 0.444345, 0.0981469
0.188374, 0.44437, 0.0978756
0.19796, 0.444202, 0.0997252
0.20758, 0.444126, 0.100568
0.217201, 0.444055, 0.101349
0.226729, 0.443809, 0.104062
0.23614, 0.443365, 0.108958
0.245633, 0.443102, 0.111862
0.255109, 0.442831, 0.114852
0.264654, 0.442694, 0.116366
0.274209, 0.442583, 0.117584
0.283768, 0.442485, 0.118666
0.293358, 0.442442, 0.119147
0.302957, 0.442413, 0.119457
0.312587, 0.442431, 0.119268
0.322298, 0.442558, 0.117863
0.332038, 0.442717, 0.116105
0.341936, 0.443072, 0.112191
0.351916, 0.443511, 0.10735
0.36215, 0.444237, 0.0993423
0.372404, 0.44495, 0.0914726
0.38258, 0.445537, 0.0850043
0.393037, 0.446412, 0.0753446
-0.25048, 0.464943, 0.0153995
-0.239601, 0.462903, 0.0372748
-0.228785, 0.460815, 0.0596542
-0.218373, 0.459392, 0.0749092
-0.208105, 0.458154, 0.0881839
-0.198135, 0.457482, 0.0953827
-0.188282, 0.457026, 0.100272
-0.178532, 0.456786, 0.102851
-0.168818, 0.456612, 0.104717
-0.159167, 0.4566, 0.104839
-0.149507, 0.456558, 0.105295
-0.139823, 0.456433, 0.106629
-0.130154, 0.456343, 0.107595
-0.120508, 0.456324, 0.107799
-0.110862, 0.456303, 0.108023
-0.101218, 0.456286, 0.108212
-0.0915803, 0.456295, 0.108113
-0.0819467, 0.456331, 0.107729
-0.0723179, 0.456406, 0.106927
-0.0627001, 0.456586, 0.104998
-0.0530557, 0.456601, 0.104838
-0.043402, 0.456524, 0.10566
-0.033745, 0.456361, 0.107404
-0.0240954, 0.456207, 0.109052
-0.0144525, 0.456056, 0.110675
-0.00481603, 0.455916, 0.112177
0.00481463, 0.455783, 0.113601
0.0144398, 0.455655, 0.114971
0.0240615, 0.455564, 0.11595
0.0336802, 0.455485, 0.116797
0.0432963, 0.455413, 0.117572
0.0529096, 0.455343, 0.118316
0.0625318, 0.45536, 0.118143
0.0721635, 0.455432, 0.117368
0.0817997, 0.455512, 0.116506
0.0914403, 0.455597, 0.115592
0.101113, 0.45581, 0.113313
0.110806, 0.45607, 0.110526
0.120513, 0.456344, 0.107585
0.130205, 0.45652, 0.105704
0.139888, 0.456645, 0.104361
0.149573, 0.456761, 0.103121
0.15926, 0.456867, 0.101979
0.168941, 0.456944, 0.101158
0.178619, 0.457008, 0.100471
0.18824, 0.456923, 0.101376
0.197822, 0.456759, 0.103136
0.20744, 0.45669, 0.103882
0.217038, 0.456584, 0.105016
0.226539, 0.456291, 0.108156
0.236032, 0.456008, 0.111196
0.245546, 0.455784, 0.113587
0.255074, 0.455604, 0.115522
0.264639, 0.4555, 0.116637
0.274203, 0.455402, 0.117686
0.283788, 0.455344, 0.118311
0.293395, 0.455323, 0.11853
0.303007, 0.455313, 0.118644
0.312685, 0.455398, 0.117727
0.322401, 0.455532, 0.116293
0.332168, 0.455728, 0.114198
0.342079, 0.456106, 0.110145
0.352073, 0.456569, 0.105176
0.362307, 0.457311, 0.097218
0.372552, 0.458029, 0.0895271
0.382743, 0.458645, 0.0829158
0.39313, 0.45946, 0.074182
-0.250454, 0.477992, 0.0159049
-0.239524, 0.47579, 0.0388651
-0.228687, 0.473594, 0.0617633
-0.218218, 0.471998, 0.078402
-0.20803, 0.47089, 0.0899582
-0.19806, 0.470192, 0.0972309
-0.188265, 0.469858, 0.100719
-0.178521, 0.469623, 0.103171
-0.168824, 0.469491, 0.104543
-0.159174, 0.469483, 0.104624
-0.149542, 0.469529, 0.104148
-0.139879, 0.469479, 0.10467
-0.130212, 0.469405, 0.105441
-0.120561, 0.469383, 0.105671
-0.110911, 0.469365, 0.105859
-0.101262, 0.469341, 0.106107
-0.091612, 0.469311, 0.106424
-0.0819641, 0.469285, 0.10669
-0.0723343, 0.469369, 0.105813
-0.0627129, 0.469543, 0.104003
-0.053061, 0.46951, 0.104346
-0.0434036, 0.469402, 0.105474
-0.0337451, 0.469217, 0.107399
-0.0240942, 0.469035, 0.109296
-0.0144512, 0.46886, 0.111125
-0.0048155, 0.468707, 0.112719
0.00481389, 0.46855, 0.114351
0.0144371, 0.468401, 0.115911
0.0240566, 0.468302, 0.116938
0.033673, 0.468216, 0.117841
0.0432857, 0.468126, 0.118774
0.0528945, 0.468037, 0.119708
0.0625108, 0.46803, 0.11978
0.0721339, 0.468069, 0.119374
0.0817593, 0.468112, 0.118917
0.091388, 0.468163, 0.118389
0.101048, 0.46835, 0.116437
0.110726, 0.46858, 0.114039
0.12042, 0.468835, 0.111386
0.130108, 0.469033, 0.109319
0.13979, 0.469182, 0.107764
0.149478, 0.469328, 0.106246
0.159165, 0.469456, 0.104902
0.168849, 0.469562, 0.103807
0.178538, 0.469666, 0.102714
0.188136, 0.469536, 0.104076
0.197722, 0.46939, 0.105601
0.207331, 0.469308, 0.106453
0.216919, 0.469187, 0.107714
0.226421, 0.4689, 0.110702
0.235996, 0.468782, 0.11194
0.245529, 0.468591, 0.11393
0.255085, 0.468458, 0.115313
0.264649, 0.468348, 0.11646
0.274217, 0.468253, 0.117449
0.283838, 0.468253, 0.117455
0.293455, 0.468245, 0.117537
0.303086, 0.46826, 0.117377
0.312792, 0.468386, 0.116064
0.322512, 0.468525, 0.11461
0.332331, 0.468796, 0.111793
0.342251, 0.469189, 0.107689
0.352233, 0.469644, 0.102947
0.362466, 0.4704, 0.0950661
0.37271, 0.471131, 0.087441
0.382953, 0.471824, 0.0802174
0.393371, 0.472693, 0.0711555
0.404668, 0.47455, 0.0517879
-0.250273, 0.490732, 0.0195069
-0.239524, 0.488824, 0.0388746
-0.228761, 0.486725, 0.0601745
-0.218202, 0.484894, 0.0787597
-0.208024, 0.483778, 0.0900888
-0.198076, 0.483113, 0.0968404
-0.188267, 0.482736, 0.100661
-0.178535, 0.482528, 0.102772
-0.168847, 0.482418, 0.103886
-0.159186, 0.482381, 0.104264
-0.149561, 0.482455, 0.103516
-0.139939, 0.482547, 0.10258
-0.130277, 0.482506, 0.103
-0.120613, 0.482452, 0.103541
-0.110961, 0.482439, 0.103674
-0.101308, 0.482419, 0.103879
-0.0916567, 0.482404, 0.104035
-0.0820039, 0.482376, 0.104318
-0.0723667, 0.482445, 0.10362
-0.0627369, 0.482592, 0.102125
-0.0530746, 0.482497, 0.103092
-0.0434113, 0.482347, 0.104609
-0.0337509, 0.482155, 0.106555
-0.024098, 0.481961, 0.108531
-0.0144533, 0.481773, 0.110434
-0.00481616, 0.481614, 0.112044
0.00481456, 0.481454, 0.113672
0.0144387, 0.481288, 0.115355
0.0240579, 0.481159, 0.116666
0.0336727, 0.481038, 0.117892
0.043283, 0.480921, 0.119079
0.0528887, 0.480807, 0.12024
0.0625022, 0.480786, 0.120452
0.07212, 0.480799, 0.120317
0.0817388, 0.480817, 0.120139
0.091365, 0.480868, 0.119619
0.10102, 0.481046, 0.117819
0.110688, 0.481251, 0.11573
0.120364, 0.481457, 0.113642
0.130044, 0.481644, 0.111748
0.139727, 0.481816, 0.110001
0.149414, 0.48198, 0.108333
0.159104, 0.482134, 0.106776
0.168794, 0.48227, 0.105395
0.178472, 0.482358, 0.104503
0.188048, 0.482174, 0.106364
0.197635, 0.482036, 0.107764
0.207254, 0.481986, 0.108277
0.216837, 0.481859, 0.109563
0.226349, 0.481594, 0.112254
0.235941, 0.481511, 0.113092
0.245534, 0.48144, 0.113819
0.25509, 0.481302, 0.115218
0.264637, 0.481158, 0.116681
0.274243, 0.481127, 0.116988
0.283878, 0.48115, 0.116762
0.293506, 0.481157, 0.116689
0.30318, 0.481238, 0.11587
0.312905, 0.481393, 0.114297
0.322649, 0.481566, 0.112535
0.332521, 0.481915, 0.108994
0.342431, 0.482297, 0.105114
0.352413, 0.482758, 0.100443
0.362608, 0.483478, 0.0931315
0.372845, 0.484215, 0.0856552
0.383138, 0.484984, 0.0778456
0.393666, 0.486007, 0.0674644
0.404731, 0.487627, 0.0510182
-0.26064, 0.504888, 0.00893784
-0.250122, 0.503514, 0.0225186
-0.239648, 0.50212, 0.0362997
-0.229035, 0.500303, 0.0542564
-0.218309, 0.498067, 0.0763631
-0.208112, 0.496887, 0.0880299
-0.198125, 0.496117, 0.0956411
-0.188315, 0.495736, 0.0994062
-0.178579, 0.495516, 0.101579
-0.168884, 0.495393, 0.102792
-0.159228, 0.495375, 0.102977
-0.149614, 0.495494, 0.101795
-0.139974, 0.495539, 0.101352
-0.130334, 0.49559, 0.100847
-0.120669, 0.495546, 0.101286
-0.111008, 0.495515, 0.10159
-0.101353, 0.495505, 0.101687
-0.0916988, 0.495495, 0.101784
-0.0820473, 0.495502, 0.101722
-0.0724124, 0.495622, 0.100532
-0.0627666, 0.495695, 0.0998082
-0.0530974, 0.495576, 0.100986
-0.043429, 0.495411, 0.102615
-0.0337643, 0.495209, 0.104614
-0.0241074, 0.495006, 0.106622
-0.0144588, 0.49481, 0.10856
-0.00481799, 0.494645, 0.110192
0.00481622, 0.494463, 0.111989
0.0144434, 0.494282, 0.11378
0.0240658, 0.494152, 0.115059
0.0336839, 0.49403, 0.116272
0.043297, 0.493905, 0.117501
0.0529052, 0.493782, 0.118722
0.0625199, 0.493746, 0.119073
0.0721374, 0.49374, 0.119134
0.0817541, 0.493731, 0.11923
0.0913727, 0.493733, 0.119207
0.101015, 0.493849, 0.118057
0.110671, 0.494011, 0.11646
0.120337, 0.494186, 0.114731
0.13001, 0.494357, 0.113036
0.139687, 0.494526, 0.111369
0.149371, 0.494692, 0.109724
0.159062, 0.494858, 0.108085
0.168763, 0.495037, 0.106315
0.178449, 0.495156, 0.105138
0.18803, 0.494986, 0.10682
0.19764, 0.494903, 0.107638
0.207274, 0.494888, 0.107791
0.216838, 0.494712, 0.109531
0.226346, 0.49443, 0.112318
0.235928, 0.494325, 0.113352
0.245522, 0.494253, 0.114066
0.25507, 0.494098, 0.115594
0.264627, 0.493971, 0.116852
0.274259, 0.493987, 0.116698
0.283899, 0.494017, 0.116401
0.293559, 0.494077, 0.115806
0.303293, 0.494256, 0.11404
0.313034, 0.494432, 0.112292
0.322803, 0.494644, 0.110202
0.332693, 0.495021, 0.106471
0.342603, 0.495407, 0.102654
0.352608, 0.495905, 0.097734
0.362796, 0.496628, 0.0905914
0.373034, 0.497378, 0.0831695
0.383357, 0.498202, 0.0750322
0.394043, 0.499445, 0.0627418
0.405265, 0.501292, 0.0444803
-0.260392, 0.517508, 0.0136962
-0.250092, 0.516529, 0.0231256
-0.239736, 0.51535, 0.0344872
-0.229358, 0.514022, 0.0472846
-0.218586, 0.511654, 0.0700998
-0.208351, 0.510379, 0.0823822
-0.198269, 0.509374, 0.0920691
-0.188426, 0.50891, 0.0965328
-0.178695, 0.508717, 0.0983992
-0.168953, 0.508467, 0.100809
-0.159295, 0.508455, 0.10092
-0.149681, 0.508595, 0.099575
-0.140031, 0.508617, 0.0993624
-0.130376, 0.508628, 0.0992556
-0.120719, 0.508628, 0.099257
-0.111059, 0.508617, 0.0993567
-0.101403, 0.508624, 0.0992889
-0.0917544, 0.508673, 0.0988173
-0.0821026, 0.508714, 0.0984211
-0.0724653, 0.508867, 0.0969534
-0.0628113, 0.508932, 0.0963244
-0.0531361, 0.508818, 0.0974221
-0.043461, 0.508654, 0.0990014
-0.0337883, 0.508433, 0.10113
-0.0241236, 0.508204, 0.103338
-0.0144683, 0.507994, 0.10536
-0.00482095, 0.507804, 0.107191
0.00481917, 0.507618, 0.108989
0.0144523, 0.507434, 0.110756
0.0240801, 0.507288, 0.112163
0.0337033, 0.507154, 0.113453
0.0433219, 0.507026, 0.114694
0.0529351, 0.506894, 0.115962
0.0625528, 0.506838, 0.116502
0.0721713, 0.506803, 0.116842
0.0817884, 0.506768, 0.117178
0.0914094, 0.506761, 0.117246
0.101051, 0.506859, 0.116302
0.110703, 0.506987, 0.115064
0.120361, 0.507122, 0.113765
0.130026, 0.507262, 0.112415
0.139698, 0.507409, 0.111
0.149379, 0.507569, 0.109463
0.159071, 0.507741, 0.107797
0.168774, 0.507928, 0.106
0.178455, 0.508034, 0.104977
0.188045, 0.507882, 0.10644
0.197675, 0.507847, 0.106781
0.207307, 0.507823, 0.107015
0.216843, 0.507574, 0.109408
0.226362, 0.507308, 0.111971
0.23594, 0.507191, 0.113103
0.245503, 0.507052, 0.114438
0.255043, 0.506878, 0.116119
0.264625, 0.506797, 0.116895
0.27427, 0.506838, 0.116506
0.28392, 0.506885, 0.116045
0.293601, 0.506983, 0.115107
0.303362, 0.507208, 0.112941
0.31313, 0.507431, 0.110787
0.322932, 0.507694, 0.108251
0.332848, 0.508116, 0.104188
0.34278, 0.508538, 0.100125
0.352847, 0.50913, 0.0944152
0.363019, 0.509839, 0.0875821
0.373298, 0.510659, 0.0796866
0.383696, 0.511595, 0.0706711
0.394586, 0.513124, 0.0559359
0.406757, 0.516206, 0.0262423
-0.260283, 0.530388, 0.0157785
-0.250068, 0.529555, 0.0235977
-0.239838, 0.528622, 0.0323653
-0.229621, 0.527639, 0.0416112
-0.219203, 0.526088, 0.0561848
-0.208664, 0.524087, 0.074985
-0.198555, 0.523023, 0.0849814
-0.188603, 0.522284, 0.0919256
-0.178817, 0.521951, 0.0950608
-0.169118, 0.52185, 0.0960083
-0.159405, 0.521688, 0.0975275
-0.149753, 0.521722, 0.0972147
-0.140111, 0.521792, 0.0965524
-0.13044, 0.52176, 0.096858
-0.120793, 0.521827, 0.0962234
-0.111134, 0.521846, 0.0960445
-0.101463, 0.52181, 0.096384
-0.0918166, 0.521905, 0.0954947
-0.0821698, 0.52202, 0.094409
-0.0725382, 0.522274, 0.0920205
-0.0628786, 0.522376, 0.0910664
-0.0531976, 0.522304, 0.0917411
-0.0435097, 0.522116, 0.093513
-0.0338246, 0.521865, 0.0958719
-0.0241495, 0.521631, 0.0980701
-0.0144839, 0.521418, 0.100064
-0.00482608, 0.521215, 0.101976
0.00482408, 0.520998, 0.104012
0.0144661, 0.520778, 0.106085
0.0241022, 0.520607, 0.107686
0.0337329, 0.52045, 0.109169
0.0433577, 0.520292, 0.110654
0.052977, 0.520138, 0.112092
0.0625987, 0.520051, 0.112914
0.0722219, 0.519997, 0.113422
0.0818433, 0.519946, 0.113901
0.0914671, 0.519918, 0.114161
0.101108, 0.519986, 0.113524
0.110756, 0.520072, 0.112721
0.12041, 0.52017, 0.111798
0.130072, 0.520289, 0.11068
0.139746, 0.520432, 0.109332
0.149426, 0.520581, 0.107929
0.159113, 0.520734, 0.106495
0.168831, 0.520963, 0.104344
0.178504, 0.521039, 0.103632
0.188102, 0.520899, 0.104945
0.197745, 0.52089, 0.105032
0.207355, 0.520799, 0.105883
0.216866, 0.520479, 0.108889
0.226404, 0.520248, 0.11106
0.235972, 0.520102, 0.112431
0.24552, 0.519925, 0.114101
0.255083, 0.519792, 0.115347
0.26471, 0.519794, 0.115333
0.274355, 0.51983, 0.114991
0.284004, 0.519872, 0.114597
0.293713, 0.520017, 0.113237
0.303494, 0.520275, 0.110812
0.313287, 0.520538, 0.108336
0.323135, 0.520875, 0.105175
0.333065, 0.521319, 0.101
0.343041, 0.521809, 0.096395
0.3532, 0.522542, 0.0895095
0.363415, 0.523317, 0.0822225
0.373775, 0.524256, 0.0733972
0.384336, 0.525421, 0.0624495
0.395738, 0.52765, 0.0414996
0.407624, 0.530402, 0.0156436
-0.260415, 0.54376, 0.0132403
-0.250048, 0.542588, 0.0239916
-0.239941, 0.541907, 0.0302401
-0.229816, 0.541127, 0.037395
-0.219674, 0.540236, 0.045558
-0.20934, 0.538765, 0.0590482
-0.199013, 0.537174, 0.0736423
-0.188989, 0.536277, 0.0818706
-0.179132, 0.535782, 0.0864124
-0.16937, 0.535532, 0.0887041
-0.159661, 0.53543, 0.0896354
-0.149945, 0.535287, 0.0909491
-0.140253, 0.53522, 0.0915608
-0.130564, 0.535151, 0.0921941
-0.120893, 0.535155, 0.0921578
-0.111216, 0.535128, 0.0924039
-0.101531, 0.53505, 0.0931191
-0.0918835, 0.535181, 0.0919199
-0.0822412, 0.535374, 0.0901494
-0.0726204, 0.535777, 0.0864577
-0.0629583, 0.535953, 0.0848451
-0.0532665, 0.535894, 0.0853848
-0.0435723, 0.535778, 0.0864491
-0.0338763, 0.535568, 0.0883713
-0.024187, 0.535339, 0.0904746
-0.0145063, 0.53512, 0.0924783
-0.00483357, 0.534913, 0.0943751
0.00483167, 0.534702, 0.0963106
0.0144886, 0.534464, 0.0984921
0.0241372, 0.534237, 0.100574
0.0337782, 0.534016, 0.102602
0.0434113, 0.533797, 0.104611
0.0530385, 0.5336, 0.106422
0.0626666, 0.533469, 0.107618
0.0722923, 0.533356, 0.108656
0.0819188, 0.533276, 0.109396
0.0915479, 0.533226, 0.109848
0.101191, 0.53326, 0.109541
0.110837, 0.533304, 0.109136
0.120489, 0.533364, 0.108581
0.130149, 0.533451, 0.107784
0.139821, 0.53357, 0.1067
0.149501, 0.533702, 0.105481
0.159195, 0.533866, 0.103981
0.168895, 0.534031, 0.102467
0.17857, 0.5341, 0.101835
0.188174, 0.533963, 0.103089
0.197829, 0.533976, 0.102968
0.207393, 0.533755, 0.104998
0.216902, 0.533417, 0.108096
0.226451, 0.533203, 0.110056
0.236022, 0.533057, 0.1114
0.245608, 0.532953, 0.112352
0.255203, 0.532877, 0.11305
0.264849, 0.532907, 0.112772
0.274506, 0.532958, 0.112306
0.284165, 0.533011, 0.111825
0.293895, 0.533187, 0.110204
0.303687, 0.53346, 0.1077
0.313493, 0.533742, 0.105119
0.323383, 0.534145, 0.101423
0.333355, 0.534656, 0.0967331
0.343394, 0.535243, 0.0913515
0.353613, 0.536071, 0.0837564
0.363929, 0.536997, 0.0752654
0.374386, 0.538079, 0.0653429
0.385228, 0.539644, 0.0509901
0.39696, 0.542349, 0.0261817
0.408318, 0.544424, 0.00715494
-0.260375, 0.556777, 0.0140128
-0.250111, 0.555802, 0.0227432
-0.240001, 0.555105, 0.0289845
-0.229976, 0.554552, 0.0339336
-0.219881, 0.553774, 0.0409007
-0.209851, 0.553097, 0.046967
-0.199774, 0.55222, 0.0548162
-0.189727, 0.551342, 0.0626822
-0.17974, 0.550554, 0.0697393
-0.169824, 0.549905, 0.0755529
-0.159996, 0.549482, 0.079339
-0.150272, 0.549382, 0.0802345
-0.140575, 0.549373, 0.0803099
-0.130852, 0.549256, 0.0813613
-0.121073, 0.548865, 0.084867
-0.11133, 0.548584, 0.0873804
-0.101644, 0.548555, 0.087636
-0.091976, 0.548629, 0.086978
-0.0823262, 0.548842, 0.085072
-0.0726999, 0.549287, 0.0810804
-0.0630387, 0.549568, 0.0785704
-0.0533459, 0.549625, 0.0780573
-0.0436418, 0.549562, 0.0786171
-0.0339367, 0.549451, 0.0796165
-0.0242329, 0.54928, 0.0811501
-0.0145339, 0.549056, 0.0831552
-0.00484298, 0.548869, 0.0848231
0.00484099, 0.548643, 0.0868502
0.0145162, 0.548387, 0.0891452
0.0241822, 0.54813, 0.0914435
0.0338399, 0.547884, 0.0936494
0.0434889, 0.547638, 0.0958538
0.0531295, 0.547395, 0.0980244
0.0627689, 0.547216, 0.099628
0.0724041, 0.547053, 0.101089
0.0820335, 0.54689, 0.102548
0.0916608, 0.546748, 0.103818
0.101305, 0.546724, 0.104033
0.110954, 0.546731, 0.103976
0.120605, 0.546741, 0.103883
0.130263, 0.546783, 0.103508
0.139929, 0.546848, 0.10293
0.149607, 0.54695, 0.102016
0.159288, 0.54705, 0.101115
0.168982, 0.547178, 0.0999665
0.17867, 0.547278, 0.0990753
0.188295, 0.547183, 0.0999289
0.197939, 0.547149, 0.100226
0.207431, 0.546717, 0.104098
0.216946, 0.546382, 0.107098
0.22652, 0.546218, 0.108568
0.236178, 0.546261, 0.108183
0.245765, 0.546145, 0.109217
0.255372, 0.546078, 0.109823
0.265032, 0.546127, 0.10938
0.274695, 0.546177, 0.108936
0.284369, 0.546246, 0.108317
0.294148, 0.546504, 0.106004
0.303972, 0.546829, 0.103099
0.313803, 0.547144, 0.100272
0.323746, 0.547629, 0.0959306
0.333738, 0.548169, 0.0910931
0.343893, 0.548937, 0.0842218
0.354168, 0.549849, 0.0760479
0.364592, 0.550939, 0.066288
0.375239, 0.5523, 0.0541034
0.38637, 0.554286, 0.0363145
0.397661, 0.556398, 0.0174055
0.407981, 0.557083, 0.0112705
0.418124, 0.557499, 0.00754499
-0.260648, 0.570475, 0.00878286
-0.250236, 0.569164, 0.0202584
-0.240096, 0.568391, 0.0270224
-0.230058, 0.567802, 0.0321732
-0.219989, 0.567083, 0.0384607
-0.209993, 0.566494, 0.0436139
-0.20006, 0.566024, 0.0477257
-0.190132, 0.565521, 0.0521317
-0.180262, 0.565147, 0.055398
-0.170426, 0.56484, 0.0580883
-0.160579, 0.564459, 0.0614238
-0.150758, 0.564126, 0.0643334
-0.141023, 0.564093, 0.064621
-0.131277, 0.564004, 0.0653992
-0.121494, 0.563732, 0.0677781
-0.111673, 0.563221, 0.0722542
-0.101851, 0.562603, 0.0776591
-0.0920924, 0.562248, 0.080761
-0.0824154, 0.562364, 0.0797467
-0.0727766, 0.562805, 0.0758905
-0.0631129, 0.563161, 0.0727782
-0.0534129, 0.563264, 0.0718775
-0.0437058, 0.563318, 0.0714025
-0.0339879, 0.563228, 0.0721946
-0.0242724, 0.56312, 0.0731339
-0.0145614, 0.56304, 0.0738335
-0.00485251, 0.562889, 0.0751534
0.00485099, 0.562713, 0.0766983
0.014548, 0.562522, 0.0783639
0.0242365, 0.562288, 0.0804162
0.0339152, 0.562023, 0.0827379
0.0435844, 0.561754, 0.0850883
0.0532437, 0.561479, 0.0874925
0.0628956, 0.561223, 0.0897365
0.0725409, 0.560983, 0.0918326
0.0821805, 0.560761, 0.0937729
0.0918178, 0.560572, 0.0954275
0.101469, 0.560494, 0.0961146
0.111125, 0.560459, 0.0964212
0.120782, 0.560427, 0.0966935
0.130439, 0.560406, 0.0968781
0.140097, 0.560389, 0.0970268
0.149755, 0.560372, 0.097177
0.159432, 0.560428, 0.0966907
0.169115, 0.560496, 0.096096
0.178787, 0.560521, 0.0958776
0.188427, 0.560448, 0.0965123
0.197998, 0.560188, 0.098784
0.207452, 0.559638, 0.103598
0.216991, 0.559355, 0.106077
0.226614, 0.559301, 0.106544
0.236313, 0.559434, 0.105381
0.245962, 0.559442, 0.105313
0.255596, 0.559418, 0.105522
0.265271, 0.559481, 0.104973
0.274958, 0.559564, 0.104247
0.284669, 0.559688, 0.103163
0.294477, 0.559989, 0.100525
0.304298, 0.560295, 0.0978503
0.314159, 0.560653, 0.0947213
0.324154, 0.561221, 0.0897503
0.334194, 0.561834, 0.0843897
0.344452, 0.562766, 0.0762324
0.354858, 0.563885, 0.0664463
0.365467, 0.565256, 0.0544472
0.376164, 0.566688, 0.0419168
0.387359, 0.568781, 0.0236077
0.397915, 0.569853, 0.014226
0.407731, 0.56984, 0.0143366
0.417649, 0.569969, 0.0132155
0.427823, 0.570431, 0.00917387
0.437827, 0.570651, 0.0072422
0.632903, 0.569122, 0.0206223
0.641843, 0.568349, 0.0273819
0.651254, 0.568011, 0.0303392
0.660858, 0.567848, 0.0317655
0.670717, 0.567907, 0.0312552
0.68065, 0.568025, 0.0302219
0.690766, 0.56829, 0.027904
-0.378543, 0.583381, 0.0105619
-0.368848, 0.583599, 0.00870085
-0.359036, 0.583639, 0.00836325
-0.349335, 0.583865, 0.00642443
-0.250369, 0.582557, 0.0176153
-0.240191, 0.581688, 0.0250463
-0.230121, 0.581016, 0.030797
-0.220093, 0.580394, 0.0361123
-0.21001, 0.579562, 0.0432291
-0.200075, 0.579077, 0.0473738
-0.190222, 0.578794, 0.0497961
-0.180405, 0.578598, 0.051476
-0.170598, 0.578408, 0.0530977
-0.160794, 0.578209, 0.0547967
-0.151003, 0.578032, 0.0563159
-0.141228, 0.5779, 0.0574436
-0.131477, 0.57785, 0.0578685
-0.12173, 0.577813, 0.0581889
-0.112001, 0.577858, 0.0578008
-0.102231, 0.577685, 0.0592809
-0.092382, 0.576982, 0.0652905
-0.0825612, 0.57631, 0.0710444
-0.072849, 0.576316, 0.0709882
-0.0631804, 0.576724, 0.0675039
-0.053475, 0.576882, 0.0661511
-0.0437632, 0.577025, 0.0649295
-0.034038, 0.577025, 0.0649228
-0.0243126, 0.57702, 0.0649686
-0.0145889, 0.57707, 0.0645409
-0.00486308, 0.577084, 0.064425
0.00486196, 0.57695, 0.0655642
0.0145832, 0.576844, 0.0664749
0.0243006, 0.576735, 0.0674095
0.0340038, 0.576446, 0.0698819
0.0436933, 0.576103, 0.0728083
0.0533729, 0.575781, 0.0755692
0.0630446, 0.575484, 0.0781083
0.072709, 0.575208, 0.0804625
0.0823673, 0.574956, 0.0826192
0.0920199, 0.574721, 0.0846353
0.101679, 0.574567, 0.0859485
0.111342, 0.574458, 0.0868826
0.121005, 0.574368, 0.0876493
0.130659, 0.574256, 0.0886087
0.140316, 0.574165, 0.0893855
0.149971, 0.574081, 0.0901074
0.159641, 0.574061, 0.0902758
0.169302, 0.574013, 0.0906849
0.178941, 0.573899, 0.0916586
0.188593, 0.573838, 0.0921836
0.198119, 0.573416, 0.0957894
0.207564, 0.572813, 0.100949
0.217108, 0.572522, 0.103438
0.226772, 0.572559, 0.103119
0.236472, 0.572679, 0.102092
0.246171, 0.572791, 0.101139
0.255866, 0.572883, 0.100352
0.265564, 0.572974, 0.0995746
0.275264, 0.573064, 0.098805
0.285005, 0.573231, 0.0973744
0.294851, 0.57359, 0.0943046
0.304724, 0.573978, 0.0909896
0.314668, 0.57447, 0.0867758
0.324661, 0.575021, 0.0820694
0.334881, 0.57593, 0.0742888
0.34531, 0.577138, 0.0639625
0.355915, 0.578565, 0.051754
0.366656, 0.580132, 0.0383558
0.377409, 0.581634, 0.0255079
0.388236, 0.583173, 0.0123429
0.398433, 0.583713, 0.00772667
0.40808, 0.583439, 0.010067
0.417532, 0.582907, 0.0146208
0.427284, 0.582808, 0.0154657
0.43741, 0.583212, 0.0120077
0.4476, 0.583684, 0.00797892
0.61305, 0.581989, 0.0224719
0.621799, 0.580998, 0.0309467
0.631059, 0.580509, 0.0351262
0.640022, 0.579765, 0.0414882
0.649384, 0.579401, 0.0446095
0.659073, 0.579333, 0.045188
0.668785, 0.579288, 0.0455675
0.678606, 0.579337, 0.0451531
0.68857, 0.579505, 0.0437121
0.698708, 0.579814, 0.0410733
0.709029, 0.580263, 0.0372372
0.719421, 0.580757, 0.0330071
0.729312, 0.580839, 0.0323052
0.739711, 0.581318, 0.0282097
-0.388115, 0.596092, 0.0139012
-0.378036, 0.595693, 0.0172429
-0.368039, 0.595406, 0.0196414
-0.358265, 0.595473, 0.0190811
-0.348552, 0.595648, 0.0176153
-0.33924, 0.596539, 0.0101662
-0.250742, 0.596537, 0.0101829
-0.240333, 0.59511, 0.0221143
-0.23022, 0.594326, 0.0286727
-0.220097, 0.593447, 0.0360227
-0.209978, 0.592498, 0.0439682
-0.200066, 0.592064, 0.0475936
-0.190246, 0.591877, 0.0491624
-0.18045, 0.591745, 0.0502639
-0.17066, 0.591622, 0.05129
-0.160877, 0.591508, 0.0522437
-0.151098, 0.591394, 0.053196
-0.141324, 0.591288, 0.0540833
-0.131565, 0.591231, 0.0545654
-0.121822, 0.591245, 0.0544486
-0.112122, 0.591485, 0.0524368
-0.102453, 0.591951, 0.0485363
-0.0927148, 0.592074, 0.0475149
-0.0828894, 0.591603, 0.0514498
-0.0730477, 0.590874, 0.0575452
-0.0632613, 0.590439, 0.0611911
-0.0535563, 0.590743, 0.0586472
-0.0438346, 0.590955, 0.0568676
-0.0341075, 0.591197, 0.0548477
-0.0243701, 0.591381, 0.0533094
-0.0146272, 0.591585, 0.0515985
-0.00487756, 0.591808, 0.0497351
0.00487819, 0.591885, 0.0490899
0.0146301, 0.591706, 0.0505905
0.0243758, 0.59152, 0.0521426
0.0341135, 0.5913, 0.0539813
0.0438349, 0.590958, 0.0568423
0.0535402, 0.590565, 0.0601344
0.0632293, 0.59014, 0.0636907
0.0729181, 0.589826, 0.0663171
0.0826003, 0.58954, 0.068707
0.0922688, 0.589225, 0.0713391
0.101934, 0.588951, 0.0736322
0.111608, 0.588773, 0.0751247
0.121279, 0.588607, 0.0765147
0.130941, 0.588425, 0.0780325
0.140602, 0.588267, 0.0793533
0.150261, 0.588118, 0.0806003
0.159901, 0.587919, 0.0822692
0.169524, 0.587681, 0.0842533
0.179128, 0.58741, 0.086524
0.188802, 0.587385, 0.0867372
0.198396, 0.587123, 0.0889235
0.207835, 0.586449, 0.0945601
0.21743, 0.586255, 0.0961833
0.227112, 0.586303, 0.0957837
0.236823, 0.586418, 0.0948224
0.246539, 0.586537, 0.0938272
0.25626, 0.586659, 0.0928054
0.265985, 0.586779, 0.0918016
0.275707, 0.586885, 0.0909181
0.285493, 0.587117, 0.0889783
0.295412, 0.587595, 0.0849762
0.305363, 0.588107, 0.0806913
0.315463, 0.588864, 0.0743651
0.325776, 0.589962, 0.0651779
0.336309, 0.591384, 0.0532832
0.347159, 0.593267, 0.0375323
0.357261, 0.593804, 0.0330405
0.368295, 0.595819, 0.0161824
0.417982, 0.596648, 0.00924778
0.427176, 0.595755, 0.0167203
0.436935, 0.595672, 0.0174141
0.447284, 0.596378, 0.0115085
0.593677, 0.595313, 0.020421
0.602463, 0.5943, 0.0288944
0.611075, 0.59315, 0.0385113
0.620167, 0.592495, 0.0439863
0.629474, 0.592063, 0.0476022
0.638972, 0.591821, 0.0496244
0.648607, 0.591712, 0.0505404
0.658292, 0.59165, 0.051055
0.667983, 0.591596, 0.0515113
0.677704, 0.591569, 0.0517373
0.687502, 0.59161, 0.0513968
0.697356, 0.591696, 0.050673
0.707328, 0.591879, 0.0491424
0.71745, 0.592181, 0.0466189
0.727919, 0.592757, 0.0417986
0.738614, 0.5935, 0.035584
0.749025, 0.593998, 0.0314193
-0.387855, 0.608785, 0.0172405
-0.377795, 0.608397, 0.0204191
-0.367846, 0.608171, 0.0222631
-0.358069, 0.608227, 0.0218072
-0.348312, 0.608319, 0.0210552
-0.338724, 0.608722, 0.0177574
-0.329591, 0.609989, 0.00738907
-0.250935, 0.610115, 0.00635242
-0.240433, 0.608443, 0.0200372
-0.230265, 0.607508, 0.027689
-0.220086, 0.606459, 0.0362811
-0.209958, 0.605459, 0.0444608
-0.200075, 0.605106, 0.0473528
-0.190281, 0.604996, 0.0482545
-0.180505, 0.604937, 0.0487332
-0.170734, 0.604886, 0.0491538
-0.16095, 0.604782, 0.0500054
-0.15117, 0.60468, 0.0508394
-0.141395, 0.604584, 0.0516267
-0.131628, 0.604512, 0.0522099
-0.121898, 0.604616, 0.0513616
-0.112201, 0.604911, 0.0489454
-0.102536, 0.605448, 0.0445523
-0.0928836, 0.606188, 0.0384974
-0.0831904, 0.6068, 0.033483
-0.0734095, 0.606851, 0.0330682
-0.0635905, 0.606555, 0.0354905
-0.0537508, 0.605919, 0.0407
-0.0439639, 0.605724, 0.0422974
-0.0342089, 0.605987, 0.040144
-0.0244441, 0.606215, 0.038271
-0.0146737, 0.606513, 0.0358381
-0.00489387, 0.606837, 0.0331812
0.00489634, 0.607144, 0.0306726
0.0146916, 0.607251, 0.029798
0.0244763, 0.607013, 0.0317421
0.0342513, 0.606736, 0.0340075
0.0440162, 0.606445, 0.0363913
0.0537627, 0.606052, 0.0396085
0.0634935, 0.60563, 0.0430613
0.0732042, 0.605154, 0.0469561
0.0829065, 0.60473, 0.0504293
0.0926008, 0.604342, 0.0536051
0.102288, 0.603985, 0.056531
0.111972, 0.603675, 0.059063
0.121646, 0.603364, 0.0616069
0.131312, 0.603064, 0.0640631
0.140981, 0.602817, 0.0660853
0.150642, 0.602566, 0.0681396
0.160281, 0.602268, 0.0705795
0.169924, 0.602016, 0.0726452
0.179547, 0.601726, 0.0750179
0.189182, 0.601503, 0.0768456
0.198861, 0.601434, 0.0774078
0.208474, 0.601182, 0.0794711
0.218015, 0.600751, 0.0829935
0.227644, 0.600592, 0.0842977
0.23736, 0.600667, 0.0836844
0.247081, 0.600747, 0.0830312
0.256836, 0.600899, 0.0817871
0.266615, 0.601096, 0.080173
0.276409, 0.60131, 0.0784211
0.286358, 0.601837, 0.0741096
0.296451, 0.602622, 0.0676799
0.306744, 0.60375, 0.0584469
0.317336, 0.60538, 0.0451117
0.327297, 0.605744, 0.042129
0.338077, 0.607558, 0.0272822
0.418289, 0.61021, 0.00557566
0.427429, 0.609209, 0.0137701
0.43666, 0.60838, 0.0205564
0.446612, 0.608571, 0.0189948
0.456855, 0.609139, 0.0143385
0.467447, 0.610141, 0.00613928
0.574942, 0.60934, 0.0126939
0.583598, 0.608119, 0.0226889
0.591904, 0.606579, 0.0352974
0.600936, 0.605822, 0.0414953
0.610333, 0.60545, 0.0445366
0.619949, 0.605305, 0.0457249
0.629708, 0.6053, 0.0457602
0.639423, 0.605255, 0.0461326
0.649087, 0.605164, 0.046876
0.658781, 0.605102, 0.0473833
0.668488, 0.605055, 0.0477719
0.678228, 0.605038, 0.0479102
0.687962, 0.605016, 0.0480862
0.697702, 0.605, 0.0482187
0.707459, 0.605, 0.0482216
0.717236, 0.605016, 0.0480905
0.727139, 0.605136, 0.0471087
0.737273, 0.605442, 0.0445995
0.748301, 0.606466, 0.0362191
-0.397883, 0.622205, 0.0146174
-0.388065, 0.622214, 0.0145378
-0.377709, 0.62134, 0.0215468
-0.367851, 0.62126, 0.0221853
-0.357938, 0.62108, 0.0236297
-0.348138, 0.621091, 0.0235376
-0.338348, 0.621122, 0.0232897
-0.328883, 0.621769, 0.0181112
-0.319562, 0.622736, 0.0103617
-0.309931, 0.623143, 0.00710201
-0.250879, 0.623099, 0.00744963
-0.240432, 0.621524, 0.0200715
-0.230304, 0.620676, 0.0268612
-0.220114, 0.619579, 0.0356517
-0.209978, 0.61854, 0.0439816
-0.200115, 0.618242, 0.0463681
-0.190336, 0.618186, 0.0468154
-0.180565, 0.618152, 0.0470881
-0.170797, 0.618123, 0.047317
-0.161019, 0.618053, 0.0478835
-0.151237, 0.617959, 0.0486326
-0.141452, 0.617837, 0.0496087
-0.131692, 0.617812, 0.0498123
-0.121971, 0.617985, 0.0484257
-0.11228, 0.618356, 0.045455
-0.102611, 0.618921, 0.0409288
-0.0930013, 0.620009, 0.0322118
-0.0833703, 0.621191, 0.0227394
-0.0736738, 0.622134, 0.0151834
-0.0638916, 0.622534, 0.0119815
-0.0540705, 0.622631, 0.0112047
-0.0442474, 0.62274, 0.0103254
-0.0344186, 0.622813, 0.00974321
-0.0245299, 0.621424, 0.020874
-0.0147238, 0.621671, 0.0188904
-0.00491069, 0.622018, 0.0161133
0.0049144, 0.622488, 0.0123472
0.0147515, 0.62284, 0.00952864
0.0344258, 0.622943, 0.00870132
0.0442499, 0.622776, 0.0100427
0.0540468, 0.622357, 0.0133924
0.0638125, 0.621763, 0.0181556
0.0735357, 0.620968, 0.0245247
0.0832695, 0.62044, 0.0287595
0.0930048, 0.620032, 0.0320263
0.102719, 0.619572, 0.035708
0.112709, 0.620718, 0.0265317
0.122335, 0.61983, 0.0336475
0.131961, 0.619077, 0.0396791
0.141611, 0.618532, 0.0440464
0.151243, 0.617981, 0.048461
0.16089, 0.617559, 0.0518436
0.170547, 0.617218, 0.0545716
0.18019, 0.616867, 0.0573835
0.189824, 0.616523, 0.0601373
0.199477, 0.616272, 0.0621552
0.209109, 0.615981, 0.0644822
0.218847, 0.616014, 0.0642219
0.228561, 0.615981, 0.0644836
0.238318, 0.616061, 0.0638413
0.248083, 0.616154, 0.0630951
0.25784, 0.616221, 0.0625587
0.26772, 0.616568, 0.0597777
0.277718, 0.617152, 0.0551009
0.288033, 0.618376, 0.0452976
0.297795, 0.618372, 0.0453267
0.30847, 0.620204, 0.0306449
0.427758, 0.622789, 0.00993443
0.436734, 0.621569, 0.0197086
0.446202, 0.621087, 0.0235715
0.456053, 0.621147, 0.023088
0.466097, 0.621463, 0.0205636
0.476367, 0.62206, 0.01578
0.486402, 0.622332, 0.0135956
0.496864, 0.623129, 0.00720787
0.555524, 0.622712, 0.0105534
0.564413, 0.621673, 0.0188785
0.573142, 0.620495, 0.0283136
0.582043, 0.619542, 0.0359507
0.591354, 0.619048, 0.0399065
0.600996, 0.618912, 0.0410032
0.610807, 0.618951, 0.040689
0.620514, 0.618885, 0.0412154
0.630171, 0.618773, 0.0421128
0.640157, 0.618982, 0.0404415
0.650218, 0.619255, 0.0382481
0.660028, 0.619285, 0.0380096
0.670209, 0.619658, 0.0350237
0.679451, 0.619164, 0.0389776
0.6891, 0.61905, 0.0398917
0.698733, 0.618924, 0.0409012
0.708377, 0.618812, 0.0418019
0.717935, 0.618629, 0.0432668
0.727602, 0.618543, 0.0439577
0.737437, 0.6186, 0.0434961
0.74753, 0.61887, 0.041338
0.757739, 0.619228, 0.0384679
-0.387687, 0.634695, 0.0193954
-0.377758, 0.634503, 0.0209012
-0.367898, 0.634419, 0.0215564
-0.357955, 0.634185, 0.0233965
-0.348002, 0.633918, 0.0254865
-0.338181, 0.633884, 0.0257545
-0.32843, 0.633983, 0.0249777
-0.318865, 0.634459, 0.0212417
-0.309343, 0.635053, 0.0165858
-0.299908, 0.635871, 0.0101686
-0.290575, 0.636966, 0.00157309
-0.250746, 0.635879, 0.0100985
-0.240441, 0.634633, 0.0198832
-0.230342, 0.633848, 0.0260415
-0.220164, 0.632768, 0.0345173
-0.210027, 0.63171, 0.04282
-0.200178, 0.631457, 0.0448017
-0.190409, 0.631441, 0.0449266
-0.180638, 0.631418, 0.0451078
-0.170864, 0.631385, 0.0453691
-0.161083, 0.631314, 0.0459275
-0.151289, 0.631182, 0.0469565
-0.141495, 0.631035, 0.0481105
-0.131756, 0.631128, 0.0473819
-0.122054, 0.631425, 0.0450563
-0.112364, 0.631845, 0.0417595
-0.102701, 0.632506, 0.0365677
-0.0930807, 0.633602, 0.0279727
-0.0834948, 0.635216, 0.0153046
-0.0737649, 0.636017, 0.0090189
0.162009, 0.634943, 0.0174451
0.171392, 0.633332, 0.030087
0.180992, 0.632656, 0.0353899
0.190598, 0.632067, 0.0400128
0.200191, 0.631497, 0.0444846
0.209843, 0.631156, 0.0471659
0.219504, 0.63087, 0.0494099
0.229272, 0.630905, 0.0491304
0.239062, 0.630995, 0.048429
0.248928, 0.631269, 0.0462761
0.25891, 0.631806, 0.0420656
0.269184, 0.63299, 0.0327744
0.428212, 0.636576, 0.00463104
0.437514, 0.635788, 0.0108175
0.446406, 0.634452, 0.0212955
0.455849, 0.633941, 0.0253134
0.465574, 0.633834, 0.0261521
0.475424, 0.633898, 0.0256467
0.485422, 0.634153, 0.023644
0.495527, 0.634536, 0.0206399
0.505982, 0.635343, 0.0143094
0.515985, 0.635562, 0.0125856
0.526379, 0.636246, 0.00722122
0.536219, 0.636248, 0.00720882
0.545713, 0.635845, 0.010365
0.554225, 0.634334, 0.0222278
0.563069, 0.633248, 0.0307465
0.572389, 0.632726, 0.034842
0.582004, 0.632542, 0.0362887
0.591822, 0.632581, 0.0359831
0.60158, 0.632556, 0.0361786
0.611298, 0.63249, 0.0366993
0.621547, 0.632966, 0.0329571
0.631815, 0.633448, 0.0291805
0.641667, 0.633504, 0.0287423
0.651281, 0.633325, 0.0301394
0.661388, 0.633626, 0.027782
0.671279, 0.633714, 0.0270944
0.680876, 0.633525, 0.028574
0.690336, 0.633216, 0.0309992
0.699911, 0.63302, 0.0325384
0.709564, 0.632899, 0.0334897
0.719721, 0.633224, 0.0309391
0.72926, 0.633004, 0.0326643
0.738985, 0.63295, 0.0330863
0.748586, 0.632792, 0.034328
0.758535, 0.632928, 0.0332603
0.769902, 0.634229, 0.0230465
-0.38824, 0.648704, 0.0123
-0.377943, 0.647902, 0.0184641
-0.367922, 0.647543, 0.0212264
-0.357991, 0.647327, 0.0228882
-0.347983, 0.646953, 0.0257583
-0.337998, 0.646605, 0.0284405
-0.328179, 0.646561, 0.0287752
-0.318355, 0.646505, 0.0292034
-0.308698, 0.646796, 0.0269699
-0.299111, 0.647256, 0.0234356
-0.289698, 0.648137, 0.0166597
-0.280293, 0.649099, 0.00925827
-0.250645, 0.648729, 0.0121064
-0.240433, 0.647698, 0.0200357
-0.230377, 0.647015, 0.0252838
-0.220168, 0.645827, 0.0344229
-0.210075, 0.64488, 0.0416999
-0.200238, 0.644669, 0.0433264
-0.190467, 0.644657, 0.0434146
-0.180694, 0.644637, 0.0435658
-0.170923, 0.644623, 0.0436788
-0.16113, 0.644521, 0.0444622
-0.151322, 0.644338, 0.045867
-0.141534, 0.644224, 0.0467463
-0.131813, 0.644419, 0.0452414
-0.122116, 0.644773, 0.0425253
-0.11244, 0.645308, 0.0384116
-0.102803, 0.646189, 0.0316381
-0.0931994, 0.64749, 0.0216303
-0.0835716, 0.648909, 0.0107226
0.437938, 0.649526, 0.00597763
0.447383, 0.648951, 0.0104017
0.456533, 0.647982, 0.0178461
0.465796, 0.647212, 0.0237737
0.475368, 0.646892, 0.0262275
0.485093, 0.64679, 0.0270114
0.494937, 0.646848, 0.0265732
0.504852, 0.646995, 0.0254407
0.514834, 0.64722, 0.0237122
0.524782, 0.647394, 0.0223718
0.534554, 0.647349, 0.0227137
0.543998, 0.646916, 0.0260444
0.553347, 0.646387, 0.0301104
0.562947, 0.646164, 0.0318246
0.572761, 0.646192, 0.0316157
0.582614, 0.64626, 0.0310879
0.592378, 0.64623, 0.0313196
0.602429, 0.646509, 0.0291791
0.612859, 0.647179, 0.0240245
0.622692, 0.647207, 0.0238085
0.632377, 0.647083, 0.0247598
0.749831, 0.646913, 0.0260701
0.759267, 0.646601, 0.0284657
0.769161, 0.646683, 0.0278401
-0.378146, 0.661347, 0.0157847
-0.368045, 0.660845, 0.0195646
-0.358006, 0.660432, 0.0226817
-0.348007, 0.66007, 0.0254054
-0.337956, 0.659586, 0.0290542
-0.327978, 0.659219, 0.0318222
-0.318121, 0.659081, 0.0328584
-0.308261, 0.658929, 0.0340056
-0.298421, 0.65881, 0.034905
-0.288666, 0.658875, 0.0344129
-0.279136, 0.65948, 0.0298533
-0.27002, 0.661141, 0.0173345
-0.261527, 0.66451, -0.00805473
-0.250521, 0.661507, 0.0145764
-0.24038, 0.660636, 0.0211449
-0.230334, 0.659963, 0.0262127
-0.220124, 0.658742, 0.0354156
-0.210108, 0.658013, 0.0409122
-0.20029, 0.657862, 0.0420465
-0.190518, 0.657855, 0.0420971
-0.180743, 0.65784, 0.0422163
-0.170961, 0.657791, 0.0425844
-0.16115, 0.657622, 0.0438533
-0.151337, 0.657422, 0.0453663
-0.141589, 0.657495, 0.0448155
-0.13188, 0.657772, 0.0427222
-0.122185, 0.658172, 0.0397072
-0.112533, 0.65889, 0.0342989
-0.10294, 0.660123, 0.0250077
-0.0933172, 0.661406, 0.0153399
-0.0835868, 0.662139, 0.00981617
0.457478, 0.662442, 0.0075326
0.467016, 0.662015, 0.0107479
0.47614, 0.661033, 0.0181494
0.48543, 0.660315, 0.0235596
0.495054, 0.660073, 0.0253882
0.50475, 0.659932, 0.0264482
0.514551, 0.659932, 0.0264482
0.524355, 0.659936, 0.0264158
0.534127, 0.6599, 0.0266881
0.543867, 0.659826, 0.0272446
0.553658, 0.659817, 0.0273132
0.56351, 0.659878, 0.0268545
0.573356, 0.659931, 0.0264516
0.583436, 0.660247, 0.0240731
0.593691, 0.660747, 0.0203047
0.603673, 0.660932, 0.018908
0.613302, 0.66073, 0.0204306
-0.378245, 0.674618, 0.0144854
-0.368208, 0.674229, 0.017364
-0.358092, 0.673671, 0.0214858
-0.347964, 0.673057, 0.0260234
-0.337933, 0.672602, 0.0293908
-0.327869, 0.672049, 0.0334716
-0.317897, 0.67166, 0.0363474
-0.307959, 0.671318, 0.0388794
-0.298097, 0.671125, 0.0403028
-0.288366, 0.671225, 0.0395665
-0.278693, 0.671471, 0.0377436
-0.269042, 0.671789, 0.0353971
-0.259637, 0.67277, 0.0281472
-0.250421, 0.674335, 0.0165777
-0.240309, 0.673518, 0.0226197
-0.230159, 0.67252, 0.0299959
-0.220015, 0.671452, 0.0378847
-0.210135, 0.67113, 0.0402622
-0.200341, 0.671061, 0.0407753
-0.190559, 0.671028, 0.0410166
-0.180772, 0.670974, 0.0414147
-0.17097, 0.670854, 0.0423031
-0.161153, 0.670658, 0.0437527
-0.151376, 0.670611, 0.0441017
-0.141659, 0.670847, 0.0423574
-0.131969, 0.67125, 0.0393782
-0.12232, 0.671947, 0.0342288
-0.11273, 0.673112, 0.0256176
-0.103095, 0.674208, 0.0175152
-0.0934093, 0.675169, 0.0104194
-0.0835988, 0.675347, 0.00909901
0.477103, 0.675486, 0.00807714
0.486776, 0.675258, 0.00976181
0.496144, 0.674625, 0.0144367
0.505428, 0.673903, 0.0197692
0.515049, 0.673651, 0.021637
0.524771, 0.673538, 0.0224714
0.534559, 0.673512, 0.022665
0.544369, 0.673513, 0.0226531
0.554283, 0.673642, 0.0217009
0.56456, 0.674199, 0.0175877
0.574632, 0.674497, 0.0153847
0.58464, 0.67471, 0.0138063
0.594256, 0.674472, 0.0155687
-0.368375, 0.687634, 0.0150957
-0.358142, 0.686848, 0.020793
-0.347985, 0.686167, 0.0257268
-0.337763, 0.685317, 0.0318904
-0.327679, 0.684703, 0.0363402
-0.317703, 0.684282, 0.039392
-0.307814, 0.684031, 0.041214
-0.297998, 0.683929, 0.0419526
-0.288257, 0.683999, 0.0414443
-0.278565, 0.684193, 0.0400352
-0.2689, 0.684472, 0.0380144
-0.259235, 0.68477, 0.0358529
-0.249876, 0.685935, 0.0274124
-0.24023, 0.686372, 0.0242462
-0.229954, 0.684968, 0.0344224
-0.219977, 0.684374, 0.0387282
-0.210165, 0.684258, 0.0395679
-0.200375, 0.684207, 0.0399365
-0.190583, 0.684144, 0.0403905
-0.180776, 0.684016, 0.0413203
-0.170955, 0.683819, 0.0427532
-0.161174, 0.683769, 0.0431128
-0.151455, 0.683989, 0.0415196
-0.14176, 0.684361, 0.0388227
-0.132118, 0.685055, 0.0337868
-0.122548, 0.686267, 0.0250053
-0.112928, 0.687386, 0.0168915
-0.103255, 0.688364, 0.00979996
-0.0934452, 0.688543, 0.00850248
0.497095, 0.689042, 0.00488806
0.506571, 0.688543, 0.00850534
0.516567, 0.688756, 0.00695658
0.526292, 0.688606, 0.00804901
0.536031, 0.68848, 0.00895882
0.545801, 0.688397, 0.00955915
0.555635, 0.688398, 0.0095582
0.565235, 0.688112, 0.0116301
0.575145, 0.688207, 0.0109372
-0.358291, 0.700222, 0.0187216
-0.348028, 0.699323, 0.025115
-0.337682, 0.698201, 0.0330949
-0.327556, 0.697482, 0.0382085
-0.317615, 0.697123, 0.0407648
-0.307747, 0.696909, 0.0422907
-0.297938, 0.696816, 0.0429521
-0.288181, 0.696844, 0.0427532
-0.278475, 0.697002, 0.0416298
-0.268785, 0.697213, 0.0401258
-0.259115, 0.697491, 0.0381465
-0.24957, 0.698144, 0.0335045
-0.240055, 0.698935, 0.0278721
-0.229866, 0.697748, 0.0363212
-0.219994, 0.697462, 0.0383563
-0.210191, 0.697378, 0.0389504
-0.20039, 0.69729, 0.0395765
-0.190578, 0.697157, 0.0405221
-0.180757, 0.696971, 0.0418468
-0.170981, 0.69695, 0.041997
-0.161279, 0.697246, 0.0398927
-0.151608, 0.697724, 0.0364895
-0.141982, 0.698484, 0.0310841
-0.132396, 0.699576, 0.023313
-0.122769, 0.700604, 0.0160036
-0.113077, 0.701407, 0.0102897
-0.35847, 0.713666, 0.0162392
-0.348136, 0.712617, 0.0235615
-0.337811, 0.711524, 0.0311952
-0.327573, 0.710556, 0.0379567
-0.317526, 0.709955, 0.0421543
-0.30768, 0.709779, 0.0433784
-0.297885, 0.709716, 0.0438209
-0.288133, 0.709751, 0.0435781
-0.278406, 0.709853, 0.0428624
-0.26871, 0.710045, 0.0415254
-0.259039, 0.710321, 0.0395961
-0.2495, 0.710993, 0.0349002
-0.239856, 0.71141, 0.031991
-0.229838, 0.710704, 0.0369205
-0.220014, 0.710564, 0.0379009
-0.210196, 0.710429, 0.0388393
-0.200372, 0.710261, 0.0400181
-0.190547, 0.710074, 0.0413184
-0.180788, 0.710121, 0.0409927
-0.171114, 0.710532, 0.0381198
-0.161491, 0.711211, 0.0333791
-0.151905, 0.712158, 0.0267673
-0.142283, 0.71305, 0.0205364
-0.132646, 0.713996, 0.0139308
-0.122922, 0.714585, 0.00981569
-0.348202, 0.725829, 0.0226283
-0.337993, 0.72497, 0.0285153
-0.327761, 0.72401, 0.0351009
-0.317453, 0.722816, 0.0432849
-0.30761, 0.72264, 0.0444908
-0.297829, 0.722601, 0.0447636
-0.288093, 0.722674, 0.0442615
-0.278378, 0.722806, 0.0433588
-0.268683, 0.723002, 0.0420103
-0.259032, 0.723334, 0.0397334
-0.24947, 0.723953, 0.0354886
-0.239682, 0.723936, 0.0356035
-0.229834, 0.723733, 0.0369978
-0.219992, 0.72353, 0.0383906
-0.210155, 0.723324, 0.0398059
-0.200331, 0.723147, 0.0410142
-0.190596, 0.723288, 0.0400491
-0.180965, 0.723858, 0.036139
-0.171401, 0.724781, 0.0298138
-0.161818, 0.725731, 0.0232992
-0.152162, 0.726453, 0.0183477
-0.142528, 0.727384, 0.0119638
-0.132764, 0.727742, 0.0095048
-0.347735, 0.737917, 0.0292964
-0.337451, 0.73685, 0.0364823
-0.327407, 0.736258, 0.0404706
-0.317367, 0.73564, 0.0446339
-0.30757, 0.735565, 0.0451374
-0.297814, 0.735584, 0.0450072
-0.288088, 0.735681, 0.0443554
-0.278375, 0.735822, 0.0434065
-0.268687, 0.736038, 0.0419493
-0.259079, 0.736501, 0.0388346
-0.249364, 0.736683, 0.0376048
-0.239565, 0.736622, 0.0380158
-0.229751, 0.736506, 0.0388026
-0.219934, 0.736371, 0.0397105
-0.210133, 0.73628, 0.0403199
-0.200437, 0.736566, 0.0383925
-0.190857, 0.737329, 0.033257
-0.18133, 0.738387, 0.0261273
-0.171723, 0.739225, 0.0204816
-0.162085, 0.740023, 0.0151081
-0.152405, 0.740723, 0.0103936
-0.142582, 0.74077, 0.0100799
-0.337553, 0.750118, 0.0349798
-0.327301, 0.749047, 0.0420747
-0.317402, 0.748742, 0.0440888
-0.307595, 0.748645, 0.0447345
-0.297844, 0.748678, 0.0445137
-0.288114, 0.74877, 0.0439043
-0.278414, 0.74895, 0.0427165
-0.268759, 0.749268, 0.0406084
-0.259047, 0.749444, 0.0394473
-0.249267, 0.749429, 0.0395441
-0.239473, 0.749371, 0.039928
-0.229687, 0.749334, 0.0401716
-0.219952, 0.749464, 0.03931
-0.21032, 0.749978, 0.0359101
-0.2008, 0.750959, 0.0294137
-0.191278, 0.752034, 0.0222988
-0.181661, 0.752831, 0.0170259
-0.172015, 0.753589, 0.0120091
-0.162233, 0.753809, 0.0105495
-0.338819, 0.766026, 0.0163627
-0.327819, 0.76328, 0.034225
-0.317595, 0.762228, 0.0410676
-0.307683, 0.761882, 0.043324
-0.297917, 0.761885, 0.0433002
-0.288209, 0.762045, 0.0422597
-0.278495, 0.762198, 0.041265
-0.268741, 0.762247, 0.0409446
-0.258977, 0.762271, 0.0407882
-0.249238, 0.762374, 0.0401225
-0.239515, 0.762538, 0.0390511
-0.229877, 0.762995, 0.0360799
-0.220356, 0.763902, 0.03018
-0.21085, 0.764945, 0.0233965
-0.20129, 0.765884, 0.0172849
-0.191655, 0.766618, 0.012507
-0.181878, 0.766837, 0.0110865
-0.172152, 0.767305, 0.008039
-0.338769, 0.779005, 0.0171003
-0.32882, 0.778699, 0.0190582
-0.31846, 0.777369, 0.0275617
-0.30793, 0.775528, 0.0393367
-0.297954, 0.775007, 0.0426712
-0.28819, 0.77502, 0.0425901
-0.278489, 0.775208, 0.0413861
-0.268816, 0.775493, 0.0395613
-0.259189, 0.775937, 0.0367217
-0.249624, 0.776608, 0.0324345
-0.240121, 0.777535, 0.026505
-0.230592, 0.778451, 0.0206404
-0.221014, 0.779277, 0.0153575
-0.211375, 0.779957, 0.0110092
-0.201543, 0.779955, 0.0110254
-0.329118, 0.792504, 0.014544
-0.318303, 0.790044, 0.0300164
-0.307372, 0.787133, 0.0483298
-0.297751, 0.787495, 0.0460501
-0.28849, 0.788864, 0.0374384
-0.279112, 0.790001, 0.0302877
-0.26966, 0.791001, 0.0239935
-0.26007, 0.791659, 0.0198541
-0.250474, 0.792348, 0.0155258
-0.240707, 0.792532, 0.0143638
-0.230991, 0.792905, 0.0120173
-0.329332, 0.806125, 0.0113144
-0.316969, 0.799736, 0.050849
-0.307333, 0.800043, 0.048954
-0.297862, 0.800809, 0.0442133
-0.289973, 0.806027, 0.0119219
-0.280182, 0.806136, 0.0112433
-0.326827, 0.813002, 0.0492511
-0.317136, 0.813169, 0.0482359
